G_variables/Set1/4.5/depth.asc
NCOLS 581 
NROWS 855 
XLLCORNER -74.9166666666667 
YLLCORNER -55.8333333333333 
CELLSIZE 0.0833333333333333 
NODATA_value -9999 
[rows 170 to 203 of 855, columns 385 to 461 of 581]
-4242 -9999 -9999 -9999 -9999 -9999 -9999 -9999 -9999 -9999 -9999 -9999 -9999 -9999 -9999 -9999 -9999 -9999 -9999 -9999 -9999 -9999 -9999 -9999 -9999 -9999 -9999 -9999 -9999 -9999 -9999 -9999 -9999 -9999 -9999 -9999 -9999 -9999 -9999 -9999 -9999 -9999 -9999 -9999 -9999 -9999 -9999 -9999 -9999 -9999 -9999 -9999 -9999 -9999 -9999 -9999 -9999 -9999 -9999 -9999 -9999 -9999 -9999 -9999 -9999 -9999 -9999 -9999 -9999 -9999 -9999 -9999 -9999 -9999 -9999 -9999 -9999
-4229 -4208 -9999 -9999 -9999 -9999 -9999 -9999 -9999 -9999 -9999 -9999 -9999 -9999 -9999 -9999 -9999 -9999 -9999 -9999 -9999 -9999 -9999 -9999 -9999 -9999 -9999 -9999 -9999 -9999 -9999 -9999 -9999 -9999 -9999 -9999 -9999 -9999 -9999 -9999 -9999 -9999 -9999 -9999 -9999 -9999 -9999 -9999 -9999 -9999 -9999 -9999 -9999 -9999 -9999 -9999 -9999 -9999 -9999 -9999 -9999 -9999 -9999 -9999 -9999 -9999 -9999 -9999 -9999 -9999 -9999 -9999 -9999 -9999 -9999 -9999 -9999
-4246 -4192 -4181 -4207 -9999 -9999 -9999 -9999 -9999 -9999 -9999 -9999 -9999 -9999 -9999 -9999 -9999 -9999 -9999 -9999 -9999 -9999 -9999 -9999 -9999 -9999 -9999 -9999 -9999 -9999 -9999 -9999 -9999 -9999 -9999 -9999 -9999 -9999 -9999 -9999 -9999 -9999 -9999 -9999 -9999 -9999 -9999 -9999 -9999 -9999 -9999 -9999 -9999 -9999 -9999 -9999 -9999 -9999 -9999 -9999 -9999 -9999 -9999 -9999 -9999 -9999 -9999 -9999 -9999 -9999 -9999 -9999 -9999 -9999 -9999 -9999 -9999
-4219 -4170 -4155 -4167 -4232 -9999 -9999 -9999 -9999 -9999 -9999 -9999 -9999 -9999 -9999 -9999 -9999 -9999 -9999 -9999 -9999 -9999 -9999 -9999 -9999 -9999 -9999 -9999 -9999 -9999 -9999 -9999 -9999 -9999 -9999 -9999 -9999 -9999 -9999 -9999 -9999 -9999 -9999 -9999 -9999 -9999 -9999 -9999 -9999 -9999 -9999 -9999 -9999 -9999 -9999 -9999 -9999 -9999 -9999 -9999 -9999 -9999 -9999 -9999 -9999 -9999 -9999 -9999 -9999 -9999 -9999 -9999 -9999 -9999 -9999 -9999 -9999
-4132 -4115 -4057 -4077 -4123 -9999 -9999 -9999 -9999 -9999 -9999 -9999 -9999 -9999 -9999 -9999 -9999 -9999 -9999 -9999 -9999 -9999 -9999 -9999 -9999 -9999 -9999 -9999 -9999 -9999 -9999 -9999 -9999 -9999 -9999 -9999 -9999 -9999 -9999 -9999 -9999 -9999 -9999 -9999 -9999 -9999 -9999 -9999 -9999 -9999 -9999 -9999 -9999 -9999 -9999 -9999 -9999 -9999 -9999 -9999 -9999 -9999 -9999 -9999 -9999 -9999 -9999 -9999 -9999 -9999 -9999 -9999 -9999 -9999 -9999 -9999 -9999
-4071 -4059 -3946 -3956 -3975 -4080 -9999 -9999 -9999 -9999 -9999 -9999 -9999 -9999 -9999 -9999 -9999 -9999 -9999 -9999 -9999 -9999 -9999 -9999 -9999 -9999 -9999 -9999 -9999 -9999 -9999 -9999 -9999 -9999 -9999 -9999 -9999 -9999 -9999 -9999 -9999 -9999 -9999 -9999 -9999 -9999 -9999 -9999 -9999 -9999 -9999 -9999 -9999 -9999 -9999 -9999 -9999 -9999 -9999 -9999 -9999 -9999 -9999 -9999 -9999 -9999 -9999 -9999 -9999 -9999 -9999 -9999 -9999 -9999 -9999 -9999 -9999
-4027 -4027 -3884 -3869 -3890 -3964 -4037 -4122 -4160 -9999 -9999 -9999 -9999 -9999 -9999 -9999 -9999 -9999 -9999 -9999 -9999 -9999 -9999 -9999 -9999 -9999 -9999 -9999 -9999 -9999 -9999 -9999 -9999 -9999 -9999 -9999 -9999 -9999 -9999 -9999 -9999 -9999 -9999 -9999 -9999 -9999 -9999 -9999 -9999 -9999 -9999 -9999 -9999 -9999 -9999 -9999 -9999 -9999 -9999 -9999 -9999 -9999 -9999 -9999 -9999 -9999 -9999 -9999 -9999 -9999 -9999 -9999 -9999 -9999 -9999 -9999 -9999
-3960 -3996 -3834 -3766 -3825 -3912 -3934 -4025 -4086 -4120 -4129 -4156 -9999 -9999 -9999 -9999 -9999 -9999 -9999 -9999 -9999 -9999 -9999 -9999 -9999 -9999 -9999 -9999 -9999 -9999 -9999 -9999 -9999 -9999 -9999 -9999 -9999 -9999 -9999 -9999 -9999 -9999 -9999 -9999 -9999 -9999 -9999 -9999 -9999 -9999 -9999 -9999 -9999 -9999 -9999 -9999 -9999 -9999 -9999 -9999 -9999 -9999 -9999 -9999 -9999 -9999 -9999 -9999 -9999 -9999 -9999 -9999 -9999 -9999 -9999 -9999 -9999
-3944 -3917 -3816 -3781 -3726 -3786 -3834 -3911 -4044 -4094 -4094 -4106 -4051 -4009 -4081 -4128 -9999 -9999 -9999 -9999 -9999 -9999 -9999 -9999 -9999 -9999 -9999 -9999 -9999 -9999 -9999 -9999 -9999 -9999 -9999 -9999 -9999 -9999 -9999 -9999 -9999 -9999 -9999 -9999 -9999 -9999 -9999 -9999 -9999 -9999 -9999 -9999 -9999 -9999 -9999 -9999 -9999 -9999 -9999 -9999 -9999 -9999 -9999 -9999 -9999 -9999 -9999 -9999 -9999 -9999 -9999 -9999 -9999 -9999 -9999 -9999 -9999
-3914 -3897 -3807 -3773 -3800 -3812 -3696 -3511 -3893 -4084 -4084 -4070 -4092 -4070 -4079 -4115 -4095 -4049 -4080 -4060 -3963 -9999 -3997 -3936 -4043 -4138 -4202 -4238 -4204 -4264 -4331 -4357 -4284 -4054 -1942 -9999 -9999 -9999 -9999 -9999 -9999 -9999 -9999 -9999 -9999 -9999 -9999 -9999 -9999 -9999 -9999 -9999 -9999 -9999 -9999 -9999 -9999 -9999 -9999 -9999 -9999 -9999 -9999 -9999 -9999 -9999 -9999 -9999 -9999 -9999 -9999 -9999 -9999 -9999 -9999 -9999 -9999
-3848 -3896 -3776 -3723 -3782 -3805 -3495 -3175 -3601 -3990 -4052 -4048 -3990 -4006 -4012 -4030 -4055 -4036 -4170 -3645 -3312 -3568 -3893 -3773 -3827 -4011 -4206 -4253 -4163 -4124 -4019 -3846 -3352 -3673 -3222 -2603 -3600 -4139 -4266 -4283 -4255 -4320 -9999 -9999 -9999 -9999 -9999 -9999 -9999 -9999 -9999 -9999 -9999 -9999 -9999 -9999 -9999 -9999 -9999 -9999 -9999 -9999 -9999 -9999 -9999 -9999 -9999 -9999 -9999 -9999 -9999 -9999 -9999 -9999 -9999 -9999 -9999
-3749 -3809 -3781 -3719 -3697 -3791 -3787 -3751 -3889 -3977 -4019 -3850 -3719 -4006 -3992 -3986 -4037 -4001 -3328 -1884 -2245 -3333 -2991 -2113 -2963 -3971 -4242 -4176 -3943 -3260 -2930 -3126 -3663 -4159 -4181 -4114 -4234 -4270 -4281 -4269 -4350 -4422 -4376 -4302 -4413 -9999 -9999 -9999 -9999 -9999 -9999 -9999 -9999 -9999 -9999 -9999 -9999 -9999 -9999 -9999 -9999 -9999 -9999 -9999 -9999 -9999 -9999 -9999 -9999 -9999 -9999 -9999 -9999 -9999 -9999 -9999 -9999
-3746 -3755 -3751 -3753 -3753 -3827 -3834 -3868 -3927 -3950 -3924 -3756 -3810 -3980 -3981 -3973 -3986 -3436 -1879 -722 -1437 -3022 -2276 -1522 -2958 -4098 -4054 -3640 -3352 -2088 -2794 -3941 -4108 -4168 -4203 -4228 -4229 -4240 -4247 -4360 -4408 -4555 -4550 -4299 -4337 -4455 -4629 -4645 -4613 -9999 -9999 -9999 -9999 -9999 -9999 -9999 -9999 -9999 -9999 -9999 -9999 -9999 -9999 -9999 -9999 -9999 -9999 -9999 -9999 -9999 -9999 -9999 -9999 -9999 -9999 -9999 -9999
-3716 -3716 -3717 -3718 -3709 -3756 -3820 -3857 -3904 -3960 -3871 -3838 -3970 -3981 -3937 -3929 -3901 -3373 -3003 -2037 -2421 -3246 -3325 -3390 -3826 -4026 -3341 -2415 -3036 -2502 -3429 -4085 -4125 -4053 -3982 -4206 -4187 -4152 -4221 -4414 -4449 -4588 -4607 -4447 -4435 -4324 -4482 -4665 -4537 -4557 -4571 -9999 -9999 -9999 -9999 -9999 -9999 -9999 -9999 -9999 -9999 -9999 -9999 -9999 -9999 -9999 -9999 -9999 -9999 -9999 -9999 -9999 -9999 -9999 -9999 -9999 -9999
-3669 -3674 -3673 -3684 -3697 -3728 -3796 -3842 -3853 -3934 -3923 -3890 -3959 -3982 -3887 -3899 -3835 -3497 -3716 -3400 -3696 -3695 -3818 -3886 -3883 -3888 -3606 -3141 -3600 -3745 -3945 -4032 -4091 -3732 -3002 -3838 -4151 -4157 -4232 -4265 -4394 -4407 -4159 -4489 -4630 -4304 -4382 -4598 -4499 -4439 -4495 -4364 -4389 -9999 -9999 -9999 -9999 -9999 -9999 -9999 -9999 -9999 -9999 -9999 -9999 -9999 -9999 -9999 -9999 -9999 -9999 -9999 -9999 -9999 -9999 -9999 -9999
-3611 -3649 -3641 -3646 -3681 -3742 -3766 -3849 -3842 -3844 -3875 -3861 -3875 -3884 -3811 -3886 -3862 -3837 -3865 -3836 -3821 -3823 -3814 -3860 -3865 -3871 -3915 -3951 -3960 -3949 -3988 -4028 -4082 -4029 -3619 -3972 -4140 -4161 -4179 -4151 -4302 -4200 -3591 -4197 -4538 -4335 -4307 -4376 -4386 -4348 -4338 -4306 -4462 -4344 -4334 -9999 -9999 -9999 -9999 -9999 -9999 -9999 -9999 -9999 -9999 -9999 -9999 -9999 -9999 -9999 -9999 -9999 -9999 -9999 -9999 -9999 -9999
-3449 -3414 -3563 -3626 -3676 -3751 -3754 -3794 -3832 -3852 -3841 -3834 -3785 -3769 -3780 -3834 -3780 -3852 -3845 -3832 -3843 -3850 -3848 -3881 -3864 -3818 -3884 -3877 -3913 -3962 -3895 -3935 -4038 -4044 -4079 -4100 -4111 -4113 -4116 -4152 -4205 -4224 -3553 -4016 -4396 -4351 -4309 -4324 -4299 -4233 -4230 -4256 -4388 -4399 -4357 -4403 -4391 -9999 -9999 -9999 -9999 -9999 -9999 -9999 -9999 -9999 -9999 -9999 -9999 -9999 -9999 -9999 -9999 -9999 -9999 -9999 -9999
-2842 -2615 -3324 -3614 -3650 -3688 -3712 -3723 -3764 -3790 -3776 -3816 -3778 -3689 -3712 -3738 -3706 -3798 -3749 -3701 -3797 -3837 -3847 -3858 -3865 -3888 -3848 -3846 -3936 -3966 -3936 -3965 -4024 -4021 -4064 -4071 -4080 -4118 -4155 -4126 -4135 -4168 -3765 -3850 -4344 -4310 -4314 -4338 -4354 -4305 -4293 -4318 -4367 -4376 -4382 -4388 -4390 -4412 -9999 -9999 -9999 -9999 -9999 -9999 -9999 -9999 -9999 -9999 -9999 -9999 -9999 -9999 -9999 -9999 -9999 -9999 -9999
-3252 -3019 -3290 -3476 -3563 -3645 -3689 -3685 -3690 -3717 -3751 -3782 -3759 -3578 -3645 -3738 -3710 -3740 -3767 -3785 -3806 -3819 -3875 -3868 -3862 -3867 -3812 -3903 -3907 -3943 -3973 -4001 -3980 -4034 -4046 -4059 -4055 -4137 -4208 -4104 -3920 -4028 -3527 -4066 -4318 -4283 -4302 -4317 -4336 -4345 -4348 -4340 -4353 -4350 -4301 -4258 -4330 -4374 -4457 -4429 -9999 -9999 -9999 -9999 -9999 -9999 -9999 -9999 -9999 -9999 -9999 -9999 -9999 -9999 -9999 -9999 -9999
-3428 -3349 -3294 -3147 -2928 -3236 -3595 -3651 -3657 -3679 -3705 -3737 -3713 -3607 -3669 -3688 -3693 -3720 -3759 -3837 -3782 -3769 -3881 -3835 -3823 -3855 -3826 -3884 -3895 -3928 -3923 -3989 -4070 -4105 -4009 -4043 -4033 -3987 -4013 -4068 -3315 -3208 -2766 -3641 -4246 -4311 -4322 -4345 -4340 -4321 -4340 -4327 -4357 -4286 -4282 -4298 -4353 -4362 -4399 -4413 -4426 -4480 -9999 -9999 -9999 -9999 -9999 -9999 -9999 -9999 -9999 -9999 -9999 -9999 -9999 -9999 -9999
-3343 -3223 -3253 -2883 -1900 -2259 -3329 -3630 -3596 -3521 -3610 -3688 -3653 -3662 -3696 -3661 -3659 -3687 -3669 -3753 -3748 -3767 -3789 -3771 -3846 -3801 -3838 -3846 -3862 -3914 -3912 -3936 -4011 -4007 -3980 -4029 -4023 -4008 -3938 -3881 -2553 -2944 -2502 -2933 -3884 -4288 -4288 -4329 -4301 -4255 -4247 -4066 -4344 -4268 -4295 -4333 -4362 -4389 -4405 -4402 -4426 -4458 -4402 -4389 -9999 -9999 -9999 -9999 -9999 -9999 -9999 -9999 -9999 -9999 -9999 -9999 -9999
-3320 -3230 -3234 -2818 -1821 -1895 -2608 -3143 -3410 -3388 -3499 -3619 -3625 -3651 -3653 -3653 -3668 -3647 -3642 -3761 -3692 -3738 -3748 -3770 -3854 -3751 -3792 -3827 -3844 -3888 -3898 -3900 -3920 -3952 -3984 -4017 -3968 -4030 -4004 -3961 -3630 -3759 -3246 -2183 -2586 -4067 -4284 -4304 -4298 -4239 -4140 -3890 -4116 -4331 -4347 -4347 -4376 -4390 -4415 -4373 -4403 -4422 -4427 -4442 -4436 -4396 -9999 -9999 -9999 -9999 -9999 -9999 -9999 -9999 -9999 -9999 -9999
-3095 -3148 -3147 -2972 -2533 -2614 -2589 -2180 -2198 -2853 -3249 -3571 -3573 -3598 -3593 -3562 -3602 -3619 -3597 -3690 -3633 -3693 -3730 -3741 -3772 -3756 -3777 -3798 -3809 -3826 -3843 -3904 -3915 -3939 -3958 -3978 -3961 -3990 -3978 -3958 -3937 -3999 -3893 -3216 -2056 -3567 -4284 -4293 -4300 -4296 -4227 -4028 -4095 -4292 -4343 -4406 -4414 -4401 -4415 -4378 -4432 -4430 -4422 -4425 -4437 -4432 -4446 -9999 -9999 -9999 -9999 -9999 -9999 -9999 -9999 -9999 -9999
-3053 -3125 -3103 -3158 -3036 -2988 -2847 -1597 -418 -1710 -3133 -3498 -3538 -3560 -3567 -3566 -3582 -3581 -3568 -3627 -3635 -3691 -3682 -3773 -3768 -3711 -3784 -3777 -3807 -3822 -3830 -3866 -3883 -3917 -3944 -3963 -3963 -4009 -3992 -3941 -3870 -3857 -3900 -3769 -2978 -3094 -3959 -4207 -4308 -4296 -4314 -4182 -4259 -4326 -4321 -4375 -4402 -4399 -4386 -4366 -4453 -4457 -4400 -4366 -4392 -4416 -4429 -4480 -4437 -9999 -9999 -9999 -9999 -9999 -9999 -9999 -9999
-3017 -3078 -2995 -2991 -3017 -3051 -3040 -2506 -1258 -2201 -3237 -3503 -3502 -3453 -3506 -3540 -3557 -3550 -3618 -3607 -3573 -3653 -3667 -3670 -3645 -3709 -3722 -3721 -3834 -3787 -3773 -3833 -3855 -3881 -3924 -3954 -3984 -4045 -3975 -3924 -3900 -3901 -3865 -3818 -3682 -3577 -3397 -3633 -4291 -4303 -4312 -4267 -4301 -4299 -4318 -4331 -4355 -4384 -4390 -4428 -4453 -4475 -4427 -4397 -4421 -4424 -4508 -4563 -4493 -4442 -4442 -9999 -9999 -9999 -9999 -9999 -9999
-2946 -3030 -3008 -2954 -3109 -3191 -3153 -3229 -3012 -3172 -3390 -3441 -3457 -3457 -3450 -3468 -3536 -3500 -3532 -3539 -3540 -3613 -3617 -3610 -3634 -3683 -3636 -3719 -3801 -3699 -3748 -3811 -3857 -3871 -3877 -3948 -3972 -3980 -3914 -3865 -3868 -3863 -3851 -3861 -3793 -3875 -3633 -3727 -4178 -4257 -4300 -4209 -4217 -4236 -4286 -4323 -4309 -4345 -4368 -4421 -4411 -4478 -4484 -4383 -4471 -4461 -4472 -4464 -4533 -4526 -4452 -4462 -4454 -9999 -9999 -9999 -9999
-2892 -2931 -2944 -2942 -3047 -3142 -3145 -3168 -3239 -3333 -3383 -3411 -3407 -3456 -3377 -3372 -3501 -3472 -3512 -3504 -3512 -3539 -3492 -3562 -3583 -3662 -3656 -3727 -3790 -3747 -3821 -3806 -3892 -3932 -3915 -3888 -3892 -3950 -3879 -3759 -3810 -3854 -3834 -3849 -3814 -3889 -3943 -4074 -4091 -4247 -4285 -4221 -4208 -4189 -4209 -4245 -4249 -4278 -4331 -4372 -4408 -4433 -4480 -4425 -4472 -4475 -4503 -4457 -4500 -4538 -4512 -4535 -4453 -4449 -9999 -9999 -9999
-2802 -2848 -2901 -2974 -3010 -3068 -3122 -3171 -3221 -3275 -3354 -3395 -3347 -3330 -3337 -3403 -3447 -3426 -3477 -3499 -3476 -3490 -3484 -3546 -3519 -3658 -3703 -3641 -3724 -3783 -3749 -3786 -3856 -3916 -3960 -3887 -3864 -3887 -3851 -3757 -3745 -3773 -3775 -3791 -3800 -3649 -3587 -3861 -3898 -4091 -4205 -4113 -4132 -4124 -4101 -4188 -4233 -4244 -4321 -4298 -4364 -4353 -4369 -4416 -4422 -4457 -4493 -4460 -4446 -4450 -4460 -4466 -4446 -4462 -4451 -9999 -9999
-2719 -2782 -2871 -2964 -2991 -3021 -3069 -3097 -3142 -3198 -3243 -3278 -3281 -3211 -3257 -3361 -3366 -3357 -3402 -3408 -3411 -3455 -3493 -3515 -3494 -3582 -3661 -3644 -3716 -3799 -3713 -3857 -3771 -3812 -3859 -3876 -3930 -3864 -3796 -3732 -3778 -3786 -3794 -3793 -3867 -3513 -2570 -3245 -3617 -3589 -4003 -4035 -4082 -3976 -3721 -4044 -4231 -4256 -4290 -4300 -4316 -4350 -4365 -4364 -4432 -4458 -4419 -4421 -4504 -4482 -4482 -4444 -4454 -4417 -4438 -4405 -4380
-2683 -2710 -2791 -2899 -2912 -2939 -3002 -3048 -3116 -3166 -3209 -3189 -3205 -3122 -3214 -3289 -3325 -3317 -3335 -3289 -3285 -3441 -3475 -3493 -3523 -3541 -3581 -3600 -3640 -3688 -3785 -3923 -3748 -3812 -3777 -3772 -3834 -3840 -3837 -3787 -3779 -3784 -3803 -3737 -3832 -3533 -2407 -2977 -3346 -2996 -3807 -4101 -4086 -3555 -3052 -3828 -4097 -4177 -4244 -4283 -4172 -4053 -4138 -4211 -4343 -4446 -4469 -4442 -4450 -4424 -4427 -4424 -4459 -4408 -4375 -4363 -4273
-2621 -2695 -2781 -2810 -2856 -2909 -2929 -2998 -3068 -3125 -3168 -3142 -3147 -3194 -3208 -3226 -3251 -3264 -3283 -3257 -3267 -3430 -3371 -3439 -3489 -3518 -3547 -3540 -3593 -3662 -3717 -3756 -3712 -3759 -3767 -3770 -3773 -3738 -3761 -3755 -3745 -3733 -3703 -3638 -3684 -3653 -3410 -3460 -3243 -2506 -3805 -3715 -3058 -2498 -2321 -3379 -3369 -3848 -4191 -3818 -2730 -2565 -3982 -4097 -4104 -4301 -4395 -4413 -4398 -4420 -4394 -4403 -4456 -4415 -4365 -4384 -4422
-2522 -2600 -2692 -2696 -2766 -2870 -2871 -2888 -2996 -3061 -3120 -3062 -3057 -3119 -3134 -3171 -3210 -3229 -3220 -3286 -3344 -3375 -3386 -3422 -3447 -3494 -3532 -3562 -3594 -3634 -3681 -3666 -3716 -3743 -3754 -3750 -3733 -3718 -3694 -3713 -3622 -3648 -3676 -3640 -3618 -3610 -3564 -3425 -2613 -1439 -3278 -3023 -2867 -2671 -1766 -2137 -2939 -3881 -4154 -3546 -1941 -1953 -3802 -3518 -3635 -3942 -4103 -4477 -4429 -4445 -4415 -4432 -4531 -4467 -4396 -4395 -4448
-2467 -2507 -2580 -2562 -2657 -2759 -2771 -2822 -2851 -2908 -3048 -2955 -2979 -2957 -3019 -3047 -3092 -3145 -3184 -3259 -3304 -3323 -3350 -3324 -3441 -3471 -3505 -3550 -3617 -3631 -3585 -3590 -3656 -3640 -3711 -3709 -3666 -3616 -3626 -3695 -3574 -3582 -3636 -3615 -3589 -3573 -3542 -3356 -1706 -136 -2077 -2749 -3178 -3525 -2656 -1810 -2716 -3783 -4053 -4120 -3150 -3066 -3001 -2071 -2328 -2263 -2828 -4204 -4387 -4388 -4402 -4401 -4462 -4453 -4378 -4380 -4385
-2292 -2394 -2400 -2499 -2588 -2691 -2694 -2804 -2847 -2807 -2877 -2831 -2888 -2928 -2945 -2973 -3015 -3061 -3119 -3193 -3229 -3279 -3286 -3318 -3375 -3395 -3479 -3524 -3648 -3746 -3592 -3569 -3639 -3660 -3688 -3683 -3635 -3578 -3618 -3627 -3616 -3605 -3627 -3601 -3571 -3527 -3474 -3111 -1810 -301 -1455 -2836 -3336 -3745 -3516 -1787 -1539 -3230 -3816 -3967 -3676 -3449 -3294 -2581 -2666 -2732 -3336 -3932 -4080 -4103 -4300 -4292 -4252 -4325 -4341 -4274 -4320
