G_variables/Set1/4.5/depth.asc
NCOLS 581 
NROWS 855 
XLLCORNER -74.9166666666667 
YLLCORNER -55.8333333333333 
CELLSIZE 0.0833333333333333 
NODATA_value -9999 
[rows 578 to 611 of 855, columns 231 to 307 of 581]
-9999 -9999 -9999 -9999 -9999 -9999 -9999 -9999 -9999 -9999 -9999 -9999 -9999 -9999 -9999 -9999 -9999 -9999 -9999 -9999 -9999 -9999 -9999 -9999 -9999 -9999 -9999 -9999 -9999 -9999 -9999 -9999 -9999 -9999 -9999 -9999 -9999 -9999 -7 -8 -14 -16 -18 -26 -26 -31 -35 -41 -45 -48 -50 -59 -60 -51 -57 -64 -68 -71 -78 -75 -88 -105 -185 -461 -658 -832 -953 -1043 -1124 -1240 -1334 -1439 -1536 -1689 -1745 -1797 -1929
-9999 -9999 -9999 -9999 -9999 -9999 -9999 -9999 -9999 -9999 -9999 -9999 -9999 -9999 -9999 -9999 -9999 -9999 -9999 -9999 -9999 -9999 -9999 -9999 -9999 -9999 -9999 -9999 -9999 -9999 -9999 -9999 -9999 -9999 -9999 -9999 -9999 -4 -11 -14 -16 -17 -25 -33 -29 -33 -36 -44 -47 -53 -59 -73 -65 -61 -62 -65 -67 -73 -77 -86 -88 -106 -231 -504 -671 -816 -923 -1015 -1087 -1191 -1304 -1402 -1430 -1582 -1703 -1785 -1933
-9999 -9999 -9999 -9999 -9999 -9999 -9999 -9999 -9999 -9999 -9999 -9999 -9999 -9999 -9999 -9999 -9999 -9999 -9999 -9999 -9999 -9999 -9999 -9999 -9999 -9999 -9999 -9999 -9999 -9999 -9999 -9999 -9999 -9999 -9999 -9999 -9999 -8 -15 -14 -17 -22 -25 -27 -33 -40 -46 -48 -52 -58 -62 -69 -64 -70 -63 -67 -75 -79 -84 -88 -90 -107 -280 -518 -672 -783 -878 -983 -1046 -1141 -1255 -1340 -1417 -1539 -1658 -1772 -2011
-9999 -9999 -9999 -9999 -9999 -9999 -9999 -9999 -9999 -9999 -9999 -9999 -9999 -9999 -9999 -9999 -9999 -9999 -9999 -9999 -9999 -9999 -9999 -9999 -9999 -9999 -9999 -9999 -9999 -9999 -9999 -9999 -9999 -9999 -9999 -9999 -4 -11 -10 -14 -19 -25 -26 -30 -40 -46 -48 -55 -59 -61 -61 -64 -63 -60 -46 -70 -82 -86 -87 -102 -102 -133 -275 -426 -616 -726 -858 -963 -993 -1104 -1216 -1313 -1431 -1531 -1634 -1801 -2071
-9999 -9999 -9999 -9999 -9999 -9999 -9999 -9999 -9999 -9999 -9999 -9999 -9999 -9999 -9999 -9999 -9999 -9999 -9999 -9999 -9999 -9999 -9999 -9999 -9999 -9999 -9999 -9999 -9999 -9999 -9999 -9999 -9999 -9999 -9999 -9999 -10 -12 -11 -13 -22 -23 -28 -38 -46 -48 -53 -59 -61 -61 -62 -62 -62 -61 -58 -83 -88 -90 -111 -134 -127 -174 -311 -535 -685 -763 -849 -946 -1006 -1073 -1161 -1291 -1386 -1516 -1653 -1917 -2242
-9999 -9999 -9999 -9999 -9999 -9999 -9999 -9999 -9999 -9999 -9999 -9999 -9999 -9999 -9999 -9999 -9999 -9999 -9999 -9999 -9999 -9999 -9999 -9999 -9999 -9999 -9999 -9999 -9999 -9999 -9999 -9999 -9999 -9999 -9999 -9 -13 -13 -15 -21 -20 -27 -36 -45 -48 -54 -58 -61 -61 -58 -59 -65 -68 -67 -80 -89 -95 -102 -144 -153 -156 -188 -375 -557 -680 -785 -866 -930 -1020 -1089 -1186 -1299 -1418 -1567 -1732 -2016 -2312
-9999 -9999 -9999 -9999 -9999 -9999 -9999 -9999 -9999 -9999 -9999 -9999 -9999 -9999 -9999 -9999 -9999 -9999 -9999 -9999 -9999 -9999 -9999 -9999 -9999 -9999 -9999 -9999 -9999 -9999 -9999 -9999 -9999 -9999 -9 -14 -14 -17 -22 -18 -22 -33 -43 -48 -54 -58 -61 -60 -55 -57 -69 -73 -79 -80 -90 -100 -115 -127 -138 -144 -170 -235 -391 -581 -686 -786 -881 -966 -1045 -1111 -1201 -1333 -1489 -1647 -1901 -2156 -2428
-9999 -9999 -9999 -9999 -9999 -9999 -9999 -9999 -9999 -9999 -9999 -9999 -9999 -9999 -9999 -9999 -9999 -9999 -9999 -9999 -9999 -9999 -9999 -9999 -9999 -9999 -9999 -9999 -9999 -9999 -9999 -9999 -5 -11 -14 -17 -15 -20 -21 -15 -27 -42 -45 -53 -58 -63 -58 -53 -56 -66 -81 -63 -86 -95 -104 -118 -127 -139 -141 -161 -240 -382 -510 -638 -744 -850 -941 -1034 -1124 -1233 -1332 -1463 -1627 -1848 -2096 -2341 -2558
-9999 -9999 -9999 -9999 -9999 -9999 -9999 -9999 -9999 -9999 -9999 -9999 -9999 -9999 -9999 -9999 -9999 -9999 -9999 -9999 -9999 -9999 -9999 -9999 -9999 -9999 -9999 -9999 -9999 -9999 -9999 -8 -14 -14 -18 -18 -22 -22 -20 -18 -33 -43 -55 -65 -65 -56 -50 -55 -61 -80 -84 -90 -93 -93 -120 -130 -143 -142 -164 -201 -329 -504 -649 -756 -882 -983 -1073 -1167 -1273 -1382 -1509 -1672 -1878 -2108 -2294 -2508 -2677
-9999 -9999 -9999 -9999 -9999 -9999 -9999 -9999 -9999 -9999 -9999 -9999 -9999 -9999 -9999 -9999 -9999 -9999 -9999 -9999 -9999 -9999 -9999 -9999 -9999 -9999 -9999 -9999 -9999 -9999 -10 -13 -16 -17 -21 -25 -24 -18 -20 -22 -34 -46 -63 -65 -53 -49 -53 -66 -66 -79 -90 -99 -107 -117 -126 -142 -151 -169 -245 -412 -550 -719 -821 -935 -1065 -1150 -1245 -1344 -1459 -1608 -1770 -2007 -2196 -2349 -2494 -2704 -2851
-9999 -9999 -9999 -9999 -9999 -9999 -9999 -9999 -9999 -9999 -9999 -9999 -9999 -9999 -9999 -9999 -9999 -9999 -9999 -9999 -9999 -9999 -9999 -9999 -9999 -9999 -9999 -9999 -2 -8 -14 -15 -17 -21 -24 -26 -19 -19 -23 -28 -43 -61 -63 -55 -48 -48 -57 -76 -79 -90 -102 -111 -121 -136 -171 -267 -341 -412 -492 -666 -813 -914 -1009 -1110 -1234 -1324 -1433 -1561 -1761 -1921 -2118 -2337 -2473 -2652 -2824 -2908 -2981
-9999 -9999 -9999 -9999 -9999 -9999 -9999 -9999 -9999 -9999 -9999 -9999 -9999 -9999 -9999 -9999 -9999 -9999 -9999 -9999 -9999 -9999 -9999 -9999 -9999 -9999 -9999 -5 -10 -11 -19 -20 -19 -23 -29 -24 -24 -21 -26 -36 -58 -72 -55 -45 -46 -50 -63 -73 -85 -113 -134 -162 -151 -258 -276 -664 -873 -862 -890 -965 -1060 -1114 -1206 -1300 -1398 -1524 -1692 -1864 -2085 -2272 -2448 -2594 -2763 -2823 -2863 -2872 -2892
-9999 -9999 -9999 -9999 -9999 -9999 -9999 -9999 -9999 -9999 -9999 -9999 -9999 -9999 -9999 -9999 -9999 -9999 -9999 -9999 -9999 -9999 -9999 -9999 -9999 -9999 -5 -12 -13 -19 -14 -16 -19 -33 -28 -26 -26 -26 -34 -55 -75 -62 -44 -45 -49 -56 -66 -77 -99 -122 -149 -280 -342 -405 -667 -1024 -1258 -1246 -936 -1251 -1250 -1324 -1408 -1503 -1622 -1819 -2016 -2204 -2388 -2550 -2636 -2727 -2752 -2784 -2819 -2849 -2892
-9999 -9999 -9999 -9999 -9999 -9999 -9999 -9999 -9999 -9999 -9999 -9999 -9999 -9999 -9999 -9999 -9999 -9999 -9999 -9999 -9999 -9999 -9999 -9999 -9999 -3 -9 -14 -16 -20 -21 -23 -33 -28 -24 -25 -26 -37 -52 -72 -65 -46 -41 -47 -55 -67 -77 -89 -119 -130 -182 -312 -600 -936 -1089 -1334 -1581 -1708 -1480 -1582 -1483 -1502 -1598 -1728 -1903 -2093 -2279 -2415 -2547 -2640 -2664 -2690 -2743 -2777 -2829 -2894 -2947
-9999 -9999 -9999 -9999 -9999 -9999 -9999 -9999 -9999 -9999 -9999 -9999 -9999 -9999 -9999 -9999 -9999 -9999 -9999 -9999 -9999 -9999 -9999 -9999 -9999 -6 -16 -17 -18 -21 -21 -29 -31 -28 -26 -28 -40 -59 -69 -62 -45 -51 -52 -55 -39 -38 -82 -111 -150 -224 -390 -582 -819 -1216 -1408 -1583 -1813 -1888 -1927 -1869 -1637 -1702 -1829 -1983 -2143 -2299 -2407 -2547 -2645 -2712 -2704 -2741 -2778 -2801 -2858 -2914 -2962
-9999 -9999 -9999 -9999 -9999 -9999 -9999 -9999 -9999 -9999 -9999 -9999 -9999 -9999 -9999 -9999 -9999 -9999 -9999 -9999 -9999 -9999 -9999 -9999 -9999 -12 -21 -17 -22 -25 -22 -27 -32 -23 -32 -38 -63 -71 -57 -39 -35 -56 -61 -58 -64 -85 -101 -141 -188 -547 -666 -745 -946 -1318 -1583 -1743 -1933 -2004 -2026 -1966 -1875 -1965 -2085 -2200 -2319 -2431 -2557 -2655 -2748 -2835 -2860 -2845 -2885 -2903 -2923 -2978 -3014
-9999 -9999 -9999 -9999 -9999 -9999 -9999 -9999 -9999 -9999 -9999 -9999 -9999 -9999 -9999 -9999 -9999 -9999 -9999 -9999 -9999 -9999 -9999 -2 -9 -17 -19 -19 -23 -25 -25 -34 -49 -54 -63 -65 -67 -59 -47 -37 -44 -59 -60 -56 -54 -88 -68 -177 -234 -595 -813 -928 -1059 -1353 -1681 -1830 -1935 -2067 -2135 -2163 -2175 -2230 -2299 -2391 -2500 -2599 -2680 -2756 -2801 -2892 -2935 -2917 -3001 -3050 -3039 -3063 -3092
-9999 -9999 -9999 -9999 -9999 -9999 -9999 -9999 -9999 -9999 -9999 -9999 -9999 -9999 -9999 -9999 -9999 -9999 -9999 -9999 -9999 -9999 -9999 -9 -16 -16 -20 -24 -22 -27 -23 -36 -41 -52 -72 -72 -58 -39 -41 -43 -58 -64 -58 -92 -98 -97 -74 -353 -424 -634 -962 -1088 -1212 -1373 -1563 -1814 -2013 -2152 -2220 -2297 -2348 -2431 -2510 -2570 -2603 -2652 -2695 -2791 -2838 -2903 -2966 -3012 -3059 -3131 -3172 -3180 -3198
-9999 -9999 -9999 -9999 -9999 -9999 -9999 -9999 -9999 -9999 -9999 -9999 -9999 -9999 -9999 -9999 -9999 -9999 -9999 -9999 -9999 -9999 -5 -14 -15 -22 -24 -23 -20 -30 -30 -33 -28 -61 -59 -55 -58 -50 -42 -56 -67 -75 -82 -109 -129 -134 -204 -235 -441 -831 -1085 -1273 -1452 -1625 -1791 -1979 -2158 -2269 -2352 -2417 -2458 -2534 -2611 -2688 -2712 -2710 -2735 -2784 -2848 -2912 -2992 -3065 -3119 -3190 -3261 -3292 -9999
-9999 -9999 -9999 -9999 -9999 -9999 -9999 -9999 -9999 -9999 -9999 -9999 -9999 -9999 -9999 -9999 -9999 -9999 -9999 -9999 -9999 -9999 -6 -15 -22 -23 -24 -17 -23 -32 -43 -59 -64 -55 -42 -41 -50 -88 -81 -87 -90 -102 -109 -118 -133 -239 -333 -495 -796 -1014 -1242 -1461 -1671 -1853 -2111 -2308 -2404 -2470 -2565 -2579 -2580 -2655 -2704 -2769 -2796 -2840 -2907 -2970 -3007 -3071 -3094 -3186 -3254 -3336 -3471 -9999 -9999
-9999 -9999 -9999 -9999 -9999 -9999 -9999 -9999 -9999 -9999 -9999 -9999 -9999 -9999 -9999 -9999 -9999 -9999 -9999 -9999 -8 -17 -18 -24 -26 -25 -24 -22 -27 -43 -59 -63 -56 -55 -64 -76 -77 -77 -64 -79 -116 -98 -109 -131 -161 -264 -469 -823 -1019 -1196 -1387 -1590 -1779 -1962 -2211 -2554 -2645 -2707 -2712 -2721 -2711 -2750 -2830 -2867 -2920 -2961 -3009 -3075 -3134 -3179 -3276 -3338 -3384 -9999 -9999 -9999 -9999
-9999 -9999 -9999 -9999 -9999 -9999 -9999 -9999 -9999 -9999 -9999 -9999 -9999 -9999 -9999 -9999 -9999 -9999 -9 -17 -20 -25 -26 -26 -24 -25 -31 -34 -41 -56 -55 -54 -51 -66 -75 -65 -59 -65 -67 -77 -95 -133 -181 -206 -194 -350 -747 -977 -1194 -1363 -1537 -1703 -1870 -2034 -2173 -2279 -2619 -2756 -2824 -2812 -2817 -2880 -2959 -2974 -3023 -3059 -3106 -3166 -3228 -3285 -3339 -3405 -3458 -9999 -9999 -9999 -9999
-9999 -9999 -9999 -9999 -9999 -9999 -9999 -9999 -9999 -9999 -9999 -9999 -9999 -9999 -9999 -9999 -9999 -2 -11 -19 -20 -29 -30 -24 -31 -35 -38 -48 -57 -55 -49 -45 -39 -50 -54 -55 -67 -72 -75 -90 -100 -88 -168 -186 -335 -686 -932 -1145 -1332 -1514 -1690 -1830 -1968 -2060 -2149 -2260 -2680 -2885 -2960 -2952 -2952 -2987 -3050 -3108 -3161 -3174 -3229 -3294 -3405 -3378 -3408 -3429 -9999 -9999 -9999 -9999 -9999
-9999 -9999 -9999 -9999 -9999 -9999 -9999 -9999 -9999 -9999 -9999 -9999 -9999 -9999 -8 -16 -19 -19 -22 -27 -29 -38 -39 -42 -44 -53 -51 -55 -55 -46 -43 -36 -38 -50 -53 -65 -73 -33 -31 -75 -108 -126 -155 -316 -682 -927 -1143 -1309 -1476 -1662 -1796 -1943 -2067 -2127 -2206 -2325 -2493 -2829 -3023 -3070 -3090 -3113 -3133 -3185 -3251 -3299 -3330 -3364 -3414 -3476 -3526 -3544 -9999 -9999 -9999 -9999 -9999
-5 -7 -7 -8 -6 -9999 -9999 -9999 -9999 -9999 -9999 -9999 -10 -12 -16 -22 -26 -30 -33 -43 -47 -53 -52 -53 -55 -49 -44 -47 -46 -38 -38 -38 -46 -49 -51 -80 -94 -61 -60 -95 -110 -141 -221 -579 -846 -1059 -1215 -1458 -1602 -1734 -1968 -2124 -2238 -2377 -2378 -2427 -2498 -2577 -2791 -3157 -3172 -3183 -3223 -3249 -3313 -3354 -3406 -3466 -3505 -3544 -3618 -9999 -9999 -9999 -9999 -9999 -9999
-11 -12 -10 -10 -12 -8 -10 -9 -9999 -2 -13 -17 -13 -25 -29 -32 -36 -40 -42 -42 -38 -36 -34 -39 -30 -40 -36 -39 -35 -30 -30 -43 -45 -50 -75 -80 -94 -118 -115 -131 -138 -192 -432 -791 -1029 -1241 -1422 -1625 -1777 -1833 -1968 -2126 -2245 -2354 -2410 -2476 -2544 -2617 -2704 -2984 -3241 -3244 -3290 -3341 -3414 -3427 -3481 -3542 -3606 -3664 -3714 -9999 -9999 -9999 -9999 -9999 -9999
-12 -15 -15 -17 -19 -17 -18 -18 -15 -17 -20 -23 -26 -30 -34 -36 -39 -40 -38 -37 -38 -32 -30 -39 -32 -28 -35 -38 -44 -34 -24 -28 -26 -31 -77 -96 -105 -119 -127 -137 -152 -336 -701 -962 -1136 -1320 -1512 -1680 -1857 -1919 -2017 -2134 -2273 -2387 -2482 -2560 -2632 -2715 -2804 -2972 -3269 -3361 -3389 -3419 -3462 -3501 -3558 -3595 -3665 -3756 -9999 -9999 -9999 -9999 -9999 -9999 -9999
-13 -13 -16 -17 -19 -20 -20 -22 -25 -24 -26 -28 -32 -34 -37 -38 -36 -35 -35 -36 -32 -24 -29 -29 -30 -30 -38 -28 -39 -39 -48 -46 -59 -74 -83 -91 -115 -124 -134 -170 -322 -622 -843 -1085 -1253 -1377 -1334 -1710 -1919 -2071 -2163 -2253 -2355 -2466 -2587 -2679 -2764 -2846 -2925 -2949 -3208 -3448 -3471 -3494 -3542 -3582 -3613 -3655 -3698 -9999 -9999 -9999 -9999 -9999 -9999 -9999 -9999
-16 -17 -18 -20 -23 -24 -26 -28 -29 -31 -35 -35 -34 -36 -36 -33 -32 -32 -31 -33 -33 -27 -25 -29 -36 -29 -31 -38 -42 -46 -52 -46 -74 -104 -114 -115 -116 -131 -129 -215 -521 -784 -981 -1201 -1352 -1458 -1375 -1771 -2012 -2148 -2288 -2398 -2480 -2546 -2655 -2781 -2880 -2963 -3039 -3103 -3293 -3497 -3518 -3557 -3594 -3651 -3662 -3703 -9999 -9999 -9999 -9999 -9999 -9999 -9999 -9999 -9999
-12 -12 -14 -16 -20 -21 -20 -27 -22 -23 -32 -30 -31 -30 -30 -25 -27 -27 -28 -27 -26 -23 -25 -29 -30 -36 -39 -41 -46 -54 -64 -72 -77 -95 -105 -112 -125 -151 -254 -474 -781 -993 -1185 -1336 -1464 -1666 -1815 -1938 -2102 -2239 -2342 -2481 -2594 -2682 -2758 -2845 -2943 -3022 -3116 -3185 -3326 -3535 -3577 -3621 -3660 -3740 -3747 -3770 -9999 -9999 -9999 -9999 -9999 -9999 -9999 -9999 -9999
-10 -13 -15 -18 -20 -21 -20 -22 -22 -26 -28 -28 -28 -26 -25 -22 -23 -27 -29 -18 -29 -18 -33 -38 -41 -40 -45 -49 -55 -60 -71 -87 -101 -130 -125 -119 -140 -195 -588 -925 -1184 -1289 -1395 -1546 -1734 -1934 -2036 -2135 -2272 -2366 -2463 -2575 -2661 -2749 -2837 -2934 -3009 -3083 -3182 -3263 -3378 -3503 -3586 -3671 -3702 -3737 -3779 -9999 -9999 -9999 -9999 -9999 -9999 -9999 -9999 -9999 -9999
-12 -13 -14 -16 -20 -19 -21 -23 -25 -27 -29 -25 -22 -19 -22 -21 -18 -23 -29 -25 -25 -12 -21 -53 -72 -52 -43 -53 -61 -54 -71 -75 -98 -106 -124 -134 -127 -256 -851 -1195 -1409 -1624 -1717 -1820 -1948 -2101 -2258 -2377 -2413 -2507 -2593 -2675 -2758 -2830 -2913 -2998 -3083 -3176 -3259 -3342 -3443 -3495 -3563 -3672 -3723 -3765 -9999 -9999 -9999 -9999 -9999 -9999 -9999 -9999 -9999 -9999 -9999
-15 -16 -17 -17 -21 -21 -24 -25 -21 -21 -26 -20 -19 -23 -23 -24 -25 -26 -29 -36 -26 -15 -38 -52 -53 -49 -39 -64 -59 -73 -86 -103 -167 -182 -151 -139 -235 -418 -763 -1081 -1353 -1597 -1857 -1988 -2105 -2242 -2417 -2512 -2538 -2610 -2654 -2726 -2814 -2907 -2997 -3079 -3169 -3243 -3321 -3392 -3493 -3584 -3620 -3615 -3780 -9999 -9999 -9999 -9999 -9999 -9999 -9999 -9999 -9999 -9999 -9999 -9999
-16 -18 -18 -21 -21 -22 -24 -21 -25 -25 -19 -17 -21 -24 -21 -20 -25 -35 -26 -40 -28 -14 -50 -56 -67 -65 -57 -103 -79 -110 -88 -150 -225 -241 -148 -185 -378 -641 -923 -1101 -1313 -1518 -1822 -2061 -2180 -2285 -2442 -2526 -2615 -2726 -2779 -2838 -2917 -2972 -3057 -3158 -3253 -3315 -3385 -3452 -3550 -3648 -3717 -3754 -9999 -9999 -9999 -9999 -9999 -9999 -9999 -9999 -9999 -9999 -9999 -9999 -9999
