G_variables/Set1/4.5/depth.asc
NCOLS 581 
NROWS 855 
XLLCORNER -74.9166666666667 
YLLCORNER -55.8333333333333 
CELLSIZE 0.0833333333333333 
NODATA_value -9999 
[rows 238 to 271 of 855, columns 462 to 538 of 581]
-1994 -2090 -2179 -2272 -2377 -2431 -2481 -2545 -2618 -2623 -2677 -2724 -2689 -2770 -2745 -2830 -3192 -3182 -3391 -3598 -3664 -3741 -3787 -3827 -3863 -3877 -3913 -3966 -4033 -4092 -4124 -4138 -4184 -4137 -4165 -4192 -4207 -4355 -4187 -4429 -4586 -4370 -4325 -4287 -4307 -4349 -4316 -4336 -4350 -4342 -4315 -4362 -4409 -4404 -4494 -4487 -4472 -4504 -4547 -4617 -4560 -4587 -4709 -4709 -4682 -4699 -4677 -4639 -4681 -4764 -4791 -4750 -4327 -4411 -4581 -4753 -4885
-1811 -1969 -2098 -2188 -2315 -2343 -2344 -2376 -2468 -2342 -2297 -2372 -2307 -2221 -2319 -2596 -2872 -2894 -3155 -3337 -3648 -3761 -3812 -3861 -3854 -3908 -3938 -3972 -4037 -4097 -4146 -4172 -4197 -4212 -4249 -4266 -4283 -4418 -4442 -4503 -4558 -4403 -4332 -4332 -4350 -4333 -4344 -4358 -4365 -4358 -4229 -4340 -4432 -4414 -4436 -4495 -4517 -4539 -4615 -4714 -4652 -4694 -4728 -4556 -4320 -4672 -4667 -4658 -4777 -4809 -4807 -4855 -4833 -4770 -4651 -4755 -4842
-1341 -1825 -1909 -1959 -2143 -2189 -2128 -2082 -2021 -1475 -1274 -1373 -1394 -1217 -1368 -1689 -2054 -2423 -2841 -3410 -3745 -3797 -3827 -3846 -3874 -3904 -3943 -3984 -4003 -4102 -4147 -4201 -4260 -4270 -4288 -4348 -4390 -4373 -4439 -4420 -4418 -4416 -4399 -4423 -4413 -4381 -4367 -4371 -4361 -4463 -4326 -4374 -4448 -4464 -4462 -4514 -4548 -4593 -4705 -4787 -4746 -4823 -4751 -4676 -4666 -4758 -4679 -4680 -4826 -4846 -4818 -4847 -4865 -4836 -4793 -4874 -4901
-775 -1184 -1301 -1408 -1743 -1735 -1660 -1224 -570 -267 -193 -193 -211 -231 -485 -899 -1197 -1463 -2117 -3031 -3687 -3802 -3832 -3862 -3892 -3892 -3918 -3929 -3926 -4088 -4125 -4165 -4289 -4334 -4364 -4382 -4406 -4428 -4489 -4492 -4449 -4463 -4405 -4447 -4467 -4442 -4398 -4388 -4383 -4385 -4350 -4441 -4455 -4468 -4490 -4534 -4583 -4614 -4667 -4778 -4736 -4790 -4761 -4746 -4760 -4780 -4750 -4711 -4635 -4811 -4847 -4861 -4885 -4879 -4870 -4878 -4937
-101 -258 -367 -633 -808 -856 -546 -174 -48 -38 -38 -41 -45 -49 -84 -350 -716 -891 -1329 -2763 -3554 -3767 -3851 -3864 -3903 -3928 -3941 -3992 -4013 -4050 -4144 -4231 -4365 -4366 -4431 -4521 -4426 -4443 -4456 -4477 -4480 -4464 -4400 -4464 -4486 -4493 -4458 -4430 -4408 -4411 -4428 -4447 -4467 -4487 -4517 -4553 -4604 -4650 -4719 -4817 -4780 -4813 -4775 -4710 -4764 -4785 -4805 -4735 -3793 -4421 -4873 -4878 -4889 -4903 -4914 -4920 -4968
-11 -19 -17 -28 -45 -29 -17 -21 -18 -19 -23 -25 -31 -37 -50 -109 -574 -794 -895 -1682 -3096 -3674 -3799 -3864 -3901 -3949 -3976 -4006 -4035 -4060 -4176 -4324 -4385 -4374 -4473 -4514 -4439 -4507 -4519 -4490 -4482 -4478 -4482 -4505 -4352 -4484 -4490 -4466 -4440 -4440 -4436 -4456 -4501 -4527 -4547 -4581 -4617 -4647 -4706 -4750 -4749 -4816 -4847 -4807 -4842 -4832 -4840 -4846 -3835 -3996 -4709 -4864 -4858 -4924 -4928 -4942 -5024
-7 -8 -8 -7 -4 -8 -9 -10 -13 -11 -11 -11 -14 -27 -41 -53 -378 -714 -866 -1048 -2558 -3588 -3699 -3831 -3908 -3936 -3877 -3918 -4066 -4107 -4208 -4422 -4508 -4392 -4410 -4422 -4452 -4500 -4503 -4503 -4484 -4491 -4492 -4521 -4433 -4537 -4514 -4497 -4502 -4520 -4495 -4515 -4520 -4541 -4585 -4621 -4655 -4661 -4695 -4729 -4773 -4806 -4831 -4840 -4846 -4848 -4889 -4945 -4676 -4359 -4334 -4728 -4889 -4942 -4953 -4972 -5009
-7 -9 -4 -5 -14 -10 -8 -6 -7 -12 -18 -15 -15 -15 -31 -42 -228 -690 -862 -1004 -2124 -3410 -3678 -3786 -3888 -3965 -3939 -3592 -3846 -4161 -4241 -4425 -4421 -4432 -4485 -4450 -4468 -4476 -4509 -4507 -4525 -4550 -4540 -4538 -4548 -4570 -4553 -4524 -4512 -4556 -4563 -4568 -4577 -4584 -4602 -4643 -4665 -4672 -4686 -4721 -4761 -4811 -4837 -4846 -4840 -4793 -4866 -4921 -4984 -4850 -4588 -4793 -4983 -4964 -4984 -4994 -4998
-51 -48 -22 -27 -9999 -9999 -9999 -1 -3 -6 -9 -8 -15 -16 -24 -37 -100 -640 -849 -963 -1658 -3155 -3668 -3760 -3863 -3962 -4003 -3404 -3231 -4094 -4269 -4354 -4366 -4540 -4562 -4459 -4458 -4493 -4522 -4504 -4501 -4537 -4556 -4564 -4574 -4563 -4569 -4559 -4563 -4606 -4601 -4610 -4613 -4602 -4610 -4645 -4656 -4663 -4705 -4756 -4791 -4840 -4854 -4867 -4863 -4822 -4892 -4939 -4990 -4988 -4992 -5024 -5015 -5008 -5023 -5006 -5019
-9999 -9999 -9999 -9999 -9999 -9999 -9999 -9999 -9999 -9999 -9999 -5 -7 -12 -13 -30 -53 -548 -853 -1142 -1771 -2568 -3573 -3707 -3820 -3955 -4004 -3851 -3366 -4049 -4295 -4334 -4378 -4462 -4449 -4469 -4470 -4522 -4497 -4494 -4522 -4544 -4565 -4573 -4592 -4598 -4598 -4599 -4594 -4618 -4649 -4636 -4639 -4637 -4634 -4644 -4651 -4679 -4719 -4777 -4811 -4861 -4873 -4873 -4911 -4920 -4957 -4974 -4985 -4993 -5000 -5015 -5014 -5044 -5096 -5010 -5027
-9999 -9999 -9999 -9999 -9999 -9999 -9999 -9999 -9999 -9999 -9999 -9999 -3 -6 -11 -25 -25 -457 -883 -1444 -2449 -2851 -3471 -3689 -3815 -3912 -3966 -4048 -3986 -4103 -4321 -4354 -4385 -4391 -4421 -4496 -4484 -4510 -4527 -4542 -4558 -4566 -4583 -4594 -4598 -4611 -4619 -4633 -4590 -4579 -4644 -4675 -4691 -4682 -4668 -4666 -4668 -4703 -4738 -4802 -4840 -4866 -4884 -4895 -4914 -4939 -4976 -4997 -5012 -5019 -5036 -5019 -5019 -5043 -5054 -5053 -5059
-9999 -9999 -9999 -9999 -9999 -9999 -9999 -9999 -9999 -9999 -9999 -9999 -4 -6 -11 -21 -33 -402 -920 -1757 -2967 -3214 -3461 -3641 -3806 -3952 -4086 -4104 -4111 -4045 -4337 -4360 -4393 -4410 -4446 -4480 -4492 -4514 -4535 -4559 -4569 -4572 -4501 -4602 -4610 -4629 -4635 -4661 -4563 -4551 -4642 -4678 -4690 -4695 -4687 -4693 -4704 -4723 -4771 -4823 -4862 -4877 -4906 -4909 -4942 -4961 -4976 -5008 -5026 -5044 -5076 -5063 -5016 -5088 -5107 -5058 -5074
-9999 -9999 -9999 -9999 -9999 -9999 -9999 -9999 -9999 -9999 -9999 -9999 -9999 -5 -8 -18 -38 -354 -1188 -2359 -3048 -3469 -3540 -3629 -3794 -4007 -4089 -4135 -4187 -4232 -4261 -4341 -4384 -4419 -4453 -4472 -4494 -4512 -4544 -4567 -4565 -4596 -4557 -4597 -4586 -4639 -4645 -4647 -4603 -4636 -4703 -4695 -4700 -4713 -4734 -4733 -4731 -4767 -4803 -4830 -4869 -4883 -4920 -4931 -4960 -4976 -4990 -5020 -5037 -5042 -5055 -5079 -5037 -5101 -5149 -5049 -5079
-9999 -9999 -9999 -9999 -9999 -9999 -9999 -9999 -9999 -9999 -9999 -9999 -9999 -3 -8 -18 -34 -369 -1513 -2458 -3115 -3366 -3539 -3689 -3832 -3761 -3326 -3988 -4196 -4269 -4297 -4325 -4381 -4425 -4468 -4479 -4502 -4533 -4601 -4608 -4575 -4596 -4618 -4625 -4607 -4656 -4673 -4690 -4657 -4650 -4697 -4648 -4718 -4742 -4725 -4764 -4766 -4793 -4826 -4853 -4883 -4899 -4928 -4950 -4975 -5006 -5026 -5045 -5057 -5044 -5013 -5045 -5111 -5102 -5113 -5066 -5059
-9999 -9999 -9999 -9999 -9999 -9999 -9999 -9999 -9999 -9999 -9999 -9999 -9999 -9999 -9 -17 -33 -380 -1780 -2708 -2972 -3171 -3447 -3665 -3779 -3415 -3101 -3907 -4195 -4255 -4296 -4351 -4390 -4435 -4464 -4484 -4514 -4519 -4553 -4579 -4581 -4594 -4640 -4613 -4530 -4608 -4629 -4666 -4681 -4674 -4706 -4631 -4740 -4750 -4754 -4780 -4798 -4803 -4841 -4878 -4889 -4917 -4952 -4985 -4995 -5016 -5043 -5047 -5076 -5076 -5069 -5020 -5080 -5122 -5111 -5082 -5100
-9999 -9999 -9999 -9999 -9999 -9999 -9999 -9999 -9999 -9999 -9999 -9999 -9999 -9999 -8 -13 -50 -348 -1677 -2662 -3049 -3119 -3231 -3477 -3703 -3789 -3862 -4128 -4126 -4243 -4284 -4347 -4420 -4435 -4462 -4483 -4504 -4548 -4531 -4562 -4563 -4577 -4623 -4564 -4268 -4221 -4133 -4404 -4664 -4709 -4721 -4712 -4750 -4744 -4765 -4801 -4829 -4811 -4836 -4892 -4898 -4935 -4976 -4993 -5011 -5045 -5062 -5060 -5093 -5083 -5091 -5080 -5082 -5196 -5161 -5110 -5194
-9999 -9999 -9999 -9999 -9999 -9999 -9999 -9999 -9999 -9999 -9999 -9999 -9999 -1 -7 -12 -54 -481 -1730 -2498 -2769 -2969 -3055 -3189 -3648 -3890 -4001 -4096 -4153 -4179 -4301 -4305 -4399 -4438 -4456 -4471 -4489 -4505 -4505 -4553 -4551 -4589 -4600 -4624 -4592 -4561 -4528 -4442 -4632 -4677 -4713 -4752 -4767 -4747 -4759 -4787 -4849 -4859 -4864 -4878 -4923 -4972 -5002 -5006 -5016 -5056 -5072 -5078 -5103 -5114 -5075 -5086 -5044 -5138 -5163 -5136 -5196
-9999 -9999 -9999 -9999 -9999 -9999 -9999 -9999 -9999 -9999 -9999 -9999 -9999 -9999 -5 -10 -19 -173 -1295 -1850 -2509 -2870 -2682 -2962 -3187 -3712 -3924 -4033 -4119 -4162 -4297 -4342 -4379 -4428 -4437 -4459 -4481 -4494 -4502 -4538 -4545 -4585 -4593 -4647 -4652 -4701 -4691 -4720 -4718 -4695 -4727 -4769 -4809 -4795 -4793 -4793 -4856 -4896 -4914 -4902 -4938 -4988 -5012 -5017 -5022 -5044 -5045 -5085 -5089 -5100 -5102 -5149 -5152 -5128 -5164 -5198 -5229
-9999 -9999 -9999 -9999 -9999 -9999 -9999 -9999 -9999 -9999 -9999 -9999 -9999 -9999 -9999 -10 -13 -104 -775 -1074 -2050 -2232 -2094 -3076 -3265 -3474 -3851 -4031 -4094 -4253 -4330 -4377 -4414 -4426 -4457 -4488 -4515 -4527 -4511 -4551 -4537 -4576 -4599 -4638 -4656 -4672 -4690 -4725 -4754 -4744 -4770 -4794 -4818 -4803 -4860 -4863 -4869 -4897 -4923 -4928 -4938 -4969 -4996 -5021 -5032 -5053 -5067 -5100 -5120 -5153 -5174 -5151 -5173 -5175 -5175 -5251 -5243
-9999 -9999 -9999 -9999 -9999 -9999 -9999 -9999 -9999 -9999 -9999 -9999 -9999 -9999 -9999 -6 -15 -32 -376 -879 -1834 -2141 -2406 -2990 -3207 -3746 -3776 -4034 -4162 -4281 -4340 -4411 -4420 -4402 -4495 -4491 -4528 -4564 -4582 -4581 -4536 -4603 -4609 -4636 -4664 -4666 -4714 -4715 -4740 -4773 -4807 -4793 -4824 -4838 -4883 -4891 -4895 -4895 -4907 -4957 -4989 -4975 -5012 -5042 -5043 -5064 -5087 -5133 -5150 -5177 -5193 -5184 -5208 -5212 -5192 -5288 -5019
-9999 -9999 -9999 -9999 -9999 -9999 -9999 -9999 -9999 -9999 -9999 -9999 -9999 -9999 -9999 -5 -16 -25 -214 -841 -1824 -2526 -2802 -2997 -3360 -3390 -3556 -3962 -4148 -4252 -4350 -4408 -4387 -4359 -4449 -4495 -4529 -4541 -4597 -4614 -4546 -4606 -4624 -4648 -4658 -4687 -4731 -4692 -4693 -4801 -4815 -4796 -4829 -4844 -4874 -4901 -4926 -4925 -4936 -4968 -4998 -4987 -5013 -5034 -5057 -5006 -4970 -5145 -5173 -5175 -5188 -5211 -5180 -5158 -5183 -5038 -4671
-9999 -9999 -9999 -9999 -9999 -9999 -9999 -9999 -9999 -9999 -9999 -9999 -9999 -9999 -9999 -2 -14 -18 -206 -838 -1869 -2566 -2838 -3269 -3523 -3096 -3551 -4029 -4192 -4285 -4348 -4365 -4369 -4370 -4460 -4513 -4528 -4562 -4591 -4627 -4571 -4603 -4621 -4637 -4663 -4723 -4710 -4718 -4727 -4775 -4769 -4806 -4845 -4849 -4869 -4882 -4887 -4935 -4963 -4976 -5007 -5013 -5017 -5036 -5054 -5049 -5095 -5133 -5169 -5177 -5212 -5153 -4994 -4757 -4682 -5095 -5138
-9999 -9999 -9999 -9999 -9999 -9999 -9999 -9999 -9999 -9999 -9999 -9999 -9999 -9999 -9999 -9999 -9 -17 -33 -457 -1617 -2526 -2970 -3221 -3039 -2522 -2638 -3561 -4034 -4245 -4341 -4297 -4347 -4436 -4501 -4493 -4524 -4527 -4543 -4603 -4606 -4672 -4688 -4658 -4721 -4733 -4665 -4744 -4784 -4786 -4764 -4827 -4843 -4863 -4902 -4886 -4894 -4952 -4957 -4975 -5010 -5014 -5036 -5064 -5097 -5123 -5142 -5146 -5165 -5177 -5040 -4985 -4965 -4761 -4635 -5191 -9999
-9999 -9999 -9999 -9999 -9999 -9999 -9999 -9999 -9999 -9999 -9999 -9999 -9999 -9999 -9999 -9999 -6 -15 -26 -86 -961 -2156 -2762 -2935 -2724 -2512 -1998 -2536 -3182 -3691 -4305 -4410 -4389 -4469 -4503 -4496 -4536 -4522 -4537 -4539 -4573 -4608 -4640 -4661 -4740 -4725 -4654 -4758 -4784 -4824 -4827 -4877 -4913 -4910 -4874 -4880 -4918 -4975 -4934 -4982 -5048 -5030 -5048 -5075 -5102 -5139 -5164 -5182 -5198 -5177 -4741 -4917 -5191 -5146 -5013 -9999 -9999
-9999 -9999 -9999 -9999 -9999 -9999 -9999 -9999 -9999 -9999 -9999 -9999 -9999 -9999 -9999 -9999 -9999 -14 -21 -54 -623 -1919 -2596 -2755 -2768 -2755 -2235 -2139 -2614 -2969 -4139 -4398 -4368 -4421 -4442 -4467 -4263 -4129 -4459 -4553 -4585 -4597 -4637 -4671 -4728 -4622 -4597 -4742 -4732 -4765 -4800 -4836 -4922 -4938 -4889 -4947 -4978 -5064 -4954 -4998 -5037 -5051 -5067 -5078 -5119 -5143 -5129 -5177 -5238 -5246 -5044 -5143 -5232 -9999 -9999 -9999 -9999
-9999 -9999 -9999 -9999 -9999 -9999 -9999 -9999 -9999 -9999 -9999 -9999 -9999 -9999 -9999 -9999 -9999 -13 -19 -25 -572 -1710 -2416 -2789 -2965 -3089 -3296 -3167 -3383 -3616 -4116 -4216 -4248 -4321 -4419 -4442 -4264 -4034 -4439 -4546 -4583 -4624 -4664 -4687 -4685 -4676 -4709 -4743 -4759 -4793 -4818 -4832 -4929 -4936 -4924 -4924 -4921 -5018 -4973 -5011 -5069 -5065 -5097 -5089 -5092 -5120 -5166 -5189 -5221 -5250 -5267 -5306 -9999 -9999 -9999 -9999 -9999
-9999 -9999 -9999 -9999 -9999 -9999 -9999 -9999 -9999 -9999 -9999 -9999 -9999 -9999 -9999 -9999 -9999 -9 -9 -24 -302 -1075 -2150 -2716 -3021 -3263 -3443 -3711 -3779 -3852 -4057 -4156 -4258 -4379 -4451 -4472 -4469 -4478 -4509 -4578 -4602 -4619 -4670 -4674 -4452 -4335 -4659 -4750 -4770 -4789 -4803 -4821 -4885 -4872 -4904 -4940 -4949 -4998 -4990 -4984 -5057 -4994 -5044 -5105 -5155 -5173 -5190 -5218 -5258 -5249 -5284 -9999 -9999 -9999 -9999 -9999 -9999
-9999 -9999 -9999 -9999 -9999 -9999 -9999 -9999 -9999 -9999 -9999 -9999 -9999 -9999 -9999 -9999 -9999 -4 -11 -20 -109 -627 -1694 -2509 -2807 -2911 -2962 -3286 -3455 -3962 -4117 -4168 -4239 -4348 -4338 -4281 -4333 -4583 -4548 -4541 -4566 -4565 -4562 -4520 -3987 -3836 -4548 -4766 -4772 -4769 -4767 -4835 -4882 -4892 -4943 -4972 -4934 -4958 -4976 -4965 -5011 -5016 -5061 -5156 -5184 -5193 -5229 -5241 -5296 -9999 -9999 -9999 -9999 -9999 -9999 -9999 -9999
-9999 -9999 -9999 -9999 -9999 -9999 -9999 -9999 -9999 -9999 -9999 -9999 -9999 -9999 -9999 -9999 -9999 -2 -10 -17 -30 -377 -1123 -1992 -2577 -2851 -2812 -2878 -2917 -3382 -3829 -3802 -3481 -3575 -3445 -2725 -3104 -4455 -4584 -4614 -4611 -4599 -4618 -4680 -4460 -4344 -4610 -4748 -4786 -4790 -4806 -4881 -4918 -4939 -4961 -5014 -4982 -5004 -5030 -5110 -5110 -5167 -5230 -5282 -5239 -5182 -5257 -5266 -9999 -9999 -9999 -9999 -9999 -9999 -9999 -9999 -9999
-9999 -9999 -9999 -9999 -9999 -9999 -9999 -9999 -9999 -9999 -9999 -9999 -9999 -9999 -9999 -9999 -9999 -1 -5 -14 -23 -117 -754 -1930 -2704 -2987 -3222 -3124 -2968 -2757 -3203 -3284 -2969 -2631 -3126 -2864 -3298 -4432 -4549 -4610 -4656 -4629 -4644 -4671 -4725 -4717 -4665 -4791 -4857 -4872 -4896 -4893 -4906 -4934 -4982 -5003 -5005 -5062 -5115 -5219 -5198 -5247 -5267 -5259 -5234 -5190 -9999 -9999 -9999 -9999 -9999 -9999 -9999 -9999 -9999 -9999 -9999
-9999 -9999 -9999 -9999 -9999 -9999 -9999 -9999 -9999 -9999 -9999 -9999 -9999 -9999 -9999 -9999 -9999 -9999 -2 -11 -23 -51 -384 -1617 -2530 -2973 -3299 -3565 -3417 -3451 -3927 -4053 -4212 -3952 -4358 -4392 -4438 -4538 -4598 -4606 -4620 -4667 -4601 -4623 -4736 -4814 -4788 -4854 -4858 -4900 -4902 -4921 -4936 -4990 -4938 -4996 -5034 -5067 -5103 -5182 -5166 -5232 -5259 -5257 -9999 -9999 -9999 -9999 -9999 -9999 -9999 -9999 -9999 -9999 -9999 -9999 -9999
-9999 -9999 -9999 -9999 -9999 -9999 -9999 -9999 -9999 -9999 -9999 -9999 -9999 -9999 -9999 -9999 -9999 -9999 -1 -10 -20 -29 -125 -1164 -2359 -3060 -3409 -3572 -3818 -3923 -4096 -4215 -4328 -4387 -4361 -4420 -4552 -4612 -4660 -4636 -4671 -4653 -4583 -4677 -4716 -4767 -4802 -4835 -4892 -4909 -4947 -4900 -4948 -5015 -4919 -5028 -5113 -5131 -5110 -5134 -5197 -9999 -9999 -9999 -9999 -9999 -9999 -9999 -9999 -9999 -9999 -9999 -9999 -9999 -9999 -9999 -9999
-9999 -9999 -9999 -9999 -9999 -9999 -9999 -9999 -9999 -9999 -9999 -9999 -9999 -9999 -9999 -9999 -9999 -9999 -1 -7 -16 -28 -32 -484 -2136 -3065 -3374 -3616 -3881 -4063 -4133 -4262 -4297 -4223 -4219 -4355 -4544 -4556 -4551 -4588 -4683 -4685 -4698 -4752 -4774 -4828 -4838 -4857 -4919 -4933 -4980 -4981 -4951 -4994 -5006 -5029 -5054 -5090 -5071 -9999 -9999 -9999 -9999 -9999 -9999 -9999 -9999 -9999 -9999 -9999 -9999 -9999 -9999 -9999 -9999 -9999 -9999
-9999 -9999 -9999 -9999 -9999 -9999 -9999 -9999 -9999 -9999 -9999 -9999 -9999 -9999 -9999 -9999 -9999 -9999 -9999 -5 -14 -22 -30 -345 -2159 -3161 -3461 -3676 -3867 -4076 -4178 -4258 -4048 -3403 -3832 -4402 -4534 -4462 -4507 -4572 -4633 -4675 -4711 -4728 -4758 -4800 -4828 -4872 -4890 -4944 -4955 -5000 -4993 -5046 -5069 -5055 -5057 -5113 -5144 -9999 -9999 -9999 -9999 -9999 -9999 -9999 -9999 -9999 -9999 -9999 -9999 -9999 -9999 -9999 -9999 -9999 -9999
