G_variables/Set1/4.5/depth.asc
NCOLS 581 
NROWS 855 
XLLCORNER -74.9166666666667 
YLLCORNER -55.8333333333333 
CELLSIZE 0.0833333333333333 
NODATA_value -9999 
[rows 748 to 781 of 855, columns 154 to 230 of 581]
-101 -124 -137 -144 -148 -139 -125 -132 -102 -83 -73 -68 -100 -155 -196 -211 -9999 -9999 -9999 -9999 -9999 -9999 -9999 -9999 -9999 -9999 -9999 -9999 -9999 -9999 -9999 -9999 -9999 -9999 -9999 -9999 -9999 -9999 -9999 -9999 -9999 -9999 -9999 -9999 -9999 -9999 -9999 -9999 -9999 -9999 -9999 -9999 -9999 -9999 -9999 -9999 -9999 -9999 -9999 -9999 -9999 -9999 -9999 -9999 -9999 -9999 -9999 -9999 -9999 -9999 -9999 -9999 -9999 -9999 -9999 -9999 -9999
-127 -133 -140 -144 -143 -141 -137 -132 -115 -100 -115 -90 -58 -117 -204 -258 -9999 -9999 -9999 -9999 -9999 -9999 -9999 -9999 -9999 -9999 -9999 -9999 -9999 -9999 -9999 -9999 -9999 -9999 -9999 -9999 -9999 -9999 -9999 -9999 -9999 -9999 -9999 -9999 -9999 -9999 -9999 -9999 -9999 -9999 -9999 -9999 -9999 -9999 -9999 -9999 -9999 -9999 -9999 -9999 -9999 -9999 -9999 -9999 -9999 -9999 -9999 -9999 -9999 -9999 -9999 -9999 -9999 -9999 -9999 -9999 -9999
-129 -138 -140 -128 -103 -100 -112 -126 -116 -124 -174 -194 -163 -209 -271 -285 -322 -9999 -9999 -9999 -9999 -9999 -9999 -9999 -9999 -9999 -9999 -9999 -9999 -9999 -9999 -9999 -9999 -9999 -9999 -9999 -9999 -9999 -9999 -9999 -9999 -9999 -9999 -9999 -9999 -9999 -9999 -9999 -9999 -9999 -9999 -9999 -9999 -9999 -9999 -9999 -9999 -9999 -9999 -9999 -9999 -9999 -9999 -9999 -9999 -9999 -9999 -9999 -9999 -9999 -9999 -9999 -9999 -9999 -9999 -9999 -9999
-135 -138 -125 -80 -37 -41 -87 -124 -137 -164 -202 -237 -242 -219 -249 -287 -352 -9999 -9999 -9999 -9999 -9999 -9999 -9999 -9999 -9999 -9999 -9999 -9999 -9999 -9999 -9999 -9999 -9999 -9999 -9999 -9999 -9999 -9999 -9999 -9999 -9999 -9999 -9999 -9999 -9999 -9999 -9999 -9999 -9999 -9999 -9999 -9999 -9999 -9999 -9999 -9999 -9999 -9999 -9999 -9999 -9999 -9999 -9999 -9999 -9999 -9999 -9999 -9999 -9999 -9999 -9999 -9999 -9999 -9999 -9999 -9999
-136 -129 -77 -42 -39 -32 -54 -81 -110 -147 -154 -180 -249 -230 -229 -288 -373 -9999 -9999 -9999 -9999 -9999 -9999 -9999 -9999 -9999 -9999 -9999 -9999 -9999 -9999 -9999 -9999 -9999 -9999 -9999 -9999 -9999 -9999 -9999 -9999 -9999 -9999 -9999 -9999 -9999 -9999 -9999 -9999 -9999 -9999 -9999 -9999 -9999 -9999 -9999 -9999 -9999 -9999 -9999 -9999 -9999 -9999 -9999 -9999 -9999 -9999 -9999 -9999 -9999 -9999 -9999 -9999 -9999 -9999 -9999 -9999
-134 -130 -94 -67 -70 -56 -80 -106 -119 -145 -145 -135 -199 -249 -264 -314 -386 -9999 -9999 -9999 -9999 -9999 -9999 -9999 -9999 -9999 -9999 -9999 -9999 -9999 -9999 -9999 -9999 -9999 -9999 -9999 -9999 -9999 -9999 -9999 -9999 -9999 -9999 -9999 -9999 -9999 -9999 -9999 -9999 -9999 -9999 -9999 -9999 -9999 -9999 -9999 -9999 -9999 -9999 -9999 -9999 -9999 -9999 -9999 -9999 -9999 -9999 -9999 -9999 -9999 -9999 -9999 -9999 -9999 -9999 -9999 -9999
-134 -133 -117 -76 -58 -74 -109 -134 -143 -132 -143 -185 -207 -267 -328 -362 -405 -9999 -9999 -9999 -9999 -9999 -9999 -9999 -9999 -9999 -9999 -9999 -9999 -9999 -9999 -9999 -9999 -9999 -9999 -9999 -9999 -9999 -9999 -9999 -9999 -9999 -9999 -9999 -9999 -9999 -9999 -9999 -9999 -9999 -9999 -9999 -9999 -9999 -9999 -9999 -9999 -9999 -9999 -9999 -9999 -9999 -9999 -9999 -9999 -9999 -9999 -9999 -9999 -9999 -9999 -9999 -9999 -9999 -9999 -9999 -9999
-141 -136 -138 -118 -93 -102 -110 -127 -156 -139 -142 -205 -223 -243 -318 -372 -406 -9999 -9999 -9999 -9999 -9999 -9999 -9999 -9999 -9999 -9999 -9999 -9999 -9999 -9999 -9999 -9999 -9999 -9999 -9999 -9999 -9999 -9999 -9999 -9999 -9999 -9999 -9999 -9999 -9999 -9999 -9999 -9999 -9999 -9999 -9999 -9999 -9999 -9999 -9999 -9999 -9999 -9999 -9999 -9999 -9999 -9999 -9999 -9999 -9999 -9999 -9999 -9999 -9999 -9999 -9999 -9999 -9999 -9999 -9999 -9999
-147 -138 -143 -150 -142 -105 -111 -142 -154 -143 -141 -171 -200 -236 -333 -375 -397 -9999 -9999 -9999 -9999 -9999 -9999 -9999 -9999 -9999 -9999 -9999 -9999 -9999 -9999 -9999 -9999 -9999 -9999 -9999 -9999 -9999 -9999 -9999 -9999 -9999 -9999 -9999 -9999 -9999 -9999 -9999 -9999 -9999 -9999 -9999 -9999 -9999 -9999 -9999 -9999 -9999 -9999 -9999 -9999 -9999 -9999 -9999 -9999 -9999 -9999 -9999 -9999 -9999 -9999 -9999 -9999 -9999 -9999 -9999 -9999
-146 -138 -143 -150 -137 -117 -139 -134 -129 -131 -142 -180 -206 -255 -330 -361 -356 -9999 -9999 -9999 -9999 -9999 -9999 -9999 -9999 -9999 -9999 -9999 -9999 -9999 -9999 -9999 -9999 -9999 -9999 -9999 -9999 -9999 -9999 -9999 -9999 -9999 -9999 -9999 -9999 -9999 -9999 -9999 -9999 -9999 -9999 -9999 -9999 -9999 -9999 -9999 -9999 -9999 -9999 -9999 -9999 -9999 -9999 -9999 -9999 -9999 -9999 -9999 -9999 -9999 -9999 -9999 -9999 -9999 -9999 -9999 -9999
-142 -141 -144 -144 -148 -159 -150 -117 -157 -148 -154 -202 -252 -298 -328 -355 -378 -9999 -9999 -9999 -9999 -9999 -9999 -9999 -9999 -9999 -9999 -9999 -9999 -9999 -9999 -9999 -9999 -9999 -9999 -9999 -9999 -9999 -9999 -9999 -9999 -9999 -9999 -9999 -9999 -9999 -9999 -9999 -9999 -9999 -9999 -9999 -9999 -9999 -9999 -9999 -9999 -9999 -9999 -9999 -9999 -9999 -9999 -9999 -9999 -9999 -9999 -9999 -9999 -9999 -9999 -9999 -9999 -9999 -9999 -9999 -9999
-151 -143 -143 -145 -148 -128 -113 -140 -163 -149 -158 -207 -245 -284 -317 -348 -373 -401 -428 -457 -498 -548 -9999 -9999 -9999 -9999 -9999 -9999 -9999 -9999 -9999 -9999 -9999 -9999 -9999 -9999 -9999 -9999 -9999 -9999 -9999 -9999 -9999 -9999 -9999 -9999 -9999 -9999 -9999 -9999 -9999 -9999 -9999 -9999 -9999 -9999 -9999 -9999 -9999 -9999 -9999 -9999 -9999 -9999 -9999 -9999 -9999 -9999 -9999 -9999 -9999 -9999 -9999 -9999 -9999 -9999 -9999
-138 -137 -139 -125 -123 -116 -111 -128 -102 -97 -148 -177 -229 -264 -295 -328 -359 -390 -416 -436 -453 -519 -559 -588 -616 -652 -685 -694 -704 -746 -9999 -9999 -9999 -9999 -9999 -9999 -9999 -1303 -9999 -9999 -9999 -9999 -9999 -9999 -9999 -9999 -9999 -9999 -9999 -9999 -9999 -9999 -9999 -9999 -9999 -9999 -9999 -9999 -9999 -9999 -9999 -9999 -9999 -9999 -9999 -9999 -9999 -9999 -9999 -9999 -9999 -9999 -9999 -9999 -9999 -9999 -9999
-141 -143 -137 -91 -96 -105 -84 -64 -33 -84 -155 -183 -220 -256 -288 -317 -347 -384 -413 -425 -409 -480 -537 -555 -563 -619 -662 -679 -693 -716 -808 -893 -941 -961 -988 -1033 -1134 -1248 -1300 -1414 -1620 -1858 -2044 -2165 -2180 -2171 -2284 -2445 -9999 -9999 -9999 -9999 -9999 -9999 -9999 -9999 -9999 -9999 -9999 -9999 -9999 -9999 -9999 -9999 -9999 -9999 -9999 -9999 -9999 -9999 -9999 -9999 -9999 -9999 -9999 -9999 -9999
-143 -137 -127 -93 -59 -51 -99 -91 -90 -142 -166 -163 -202 -255 -281 -310 -333 -365 -392 -401 -413 -457 -485 -533 -585 -627 -648 -682 -727 -741 -802 -859 -875 -902 -942 -968 -1067 -1210 -1284 -1315 -1421 -1693 -1790 -1839 -1965 -2025 -2126 -2300 -2327 -2252 -2246 -2193 -2221 -2177 -2028 -1921 -1875 -9999 -9999 -9999 -9999 -9999 -9999 -9999 -9999 -9999 -9999 -9999 -9999 -9999 -9999 -9999 -9999 -9999 -9999 -9999 -9999
-146 -124 -127 -88 -61 -92 -153 -168 -136 -130 -149 -173 -219 -255 -271 -299 -303 -315 -349 -393 -433 -451 -460 -532 -586 -605 -631 -700 -741 -714 -714 -768 -818 -852 -917 -947 -1024 -1150 -1310 -1327 -1327 -1411 -1430 -1502 -1652 -1835 -1862 -1910 -2017 -2027 -2049 -1965 -1817 -1654 -1593 -1628 -1630 -1638 -1615 -1606 -9999 -9999 -9999 -9999 -9999 -9999 -9999 -9999 -9999 -9999 -9999 -9999 -9999 -9999 -9999 -9999 -9999
-160 -133 -139 -133 -154 -179 -184 -190 -180 -169 -163 -169 -193 -240 -266 -290 -298 -291 -310 -371 -405 -432 -465 -509 -553 -581 -604 -646 -654 -626 -667 -757 -771 -763 -865 -919 -960 -1040 -1173 -1213 -1225 -1281 -1345 -1393 -1416 -1393 -1407 -1505 -1611 -1610 -1651 -1716 -1606 -1475 -1437 -1451 -1449 -1460 -1485 -1502 -1507 -1537 -1555 -1558 -9999 -9999 -9999 -9999 -9999 -9999 -9999 -9999 -9999 -9999 -9999 -9999 -9999
-173 -154 -145 -176 -183 -187 -191 -198 -200 -172 -162 -173 -180 -220 -227 -258 -290 -321 -346 -374 -397 -426 -467 -495 -518 -541 -566 -606 -598 -591 -643 -712 -719 -719 -815 -873 -875 -930 -984 -1049 -1085 -1123 -1246 -1301 -1254 -1191 -1202 -1274 -1365 -1356 -1425 -1548 -1512 -1397 -1333 -1338 -1336 -1308 -1362 -1419 -1395 -1414 -1409 -1443 -1482 -1529 -9999 -9999 -9999 -9999 -9999 -9999 -9999 -9999 -9999 -9999 -9999
-174 -134 -144 -181 -188 -185 -182 -200 -191 -181 -214 -224 -207 -211 -234 -245 -244 -289 -319 -345 -379 -412 -437 -457 -484 -525 -558 -594 -592 -600 -619 -670 -711 -717 -768 -809 -813 -845 -868 -955 -947 -913 -983 -1048 -1068 -1092 -1086 -1077 -1134 -1159 -1191 -1280 -1303 -1265 -1232 -1233 -1246 -1247 -1279 -1294 -1281 -1315 -1304 -1325 -1299 -1348 -1362 -1326 -9999 -9999 -9999 -9999 -9999 -9999 -9999 -9999 -9999
-176 -154 -142 -169 -182 -174 -177 -201 -186 -183 -223 -215 -183 -241 -264 -259 -256 -279 -290 -301 -339 -381 -411 -439 -471 -508 -533 -574 -566 -577 -590 -646 -712 -717 -746 -761 -779 -793 -781 -865 -868 -808 -813 -874 -939 -963 -940 -870 -896 -996 -978 -1048 -1120 -1087 -1077 -1090 -1119 -1161 -1147 -1147 -1171 -1208 -1207 -1213 -1218 -1227 -1256 -1146 -1147 -1237 -9999 -9999 -9999 -9999 -9999 -9999 -9999
-157 -146 -142 -167 -181 -188 -200 -208 -214 -222 -231 -233 -228 -252 -266 -271 -276 -282 -288 -306 -337 -372 -406 -433 -450 -468 -476 -519 -524 -534 -544 -592 -653 -706 -743 -723 -753 -811 -775 -851 -821 -734 -692 -759 -860 -885 -837 -763 -773 -843 -866 -874 -897 -917 -914 -972 -1067 -1072 -1039 -1010 -1022 -1040 -1097 -1124 -1137 -1153 -1159 -1082 -1131 -1225 -1263 -1257 -9999 -9999 -9999 -9999 -9999
-146 -146 -148 -171 -181 -188 -200 -211 -220 -229 -236 -244 -251 -256 -262 -269 -277 -279 -268 -303 -340 -372 -400 -430 -454 -466 -472 -483 -499 -510 -514 -556 -630 -693 -706 -676 -702 -736 -785 -835 -801 -714 -665 -746 -866 -895 -741 -658 -681 -673 -758 -799 -786 -787 -748 -773 -801 -821 -941 -957 -915 -943 -1010 -1052 -1110 -1100 -1080 -1056 -1059 -1067 -1132 -1165 -1119 -9999 -9999 -9999 -9999
-153 -146 -154 -174 -186 -194 -199 -186 -191 -215 -235 -237 -220 -250 -269 -283 -299 -307 -285 -298 -328 -365 -397 -423 -439 -456 -465 -486 -495 -482 -510 -541 -588 -615 -611 -616 -673 -644 -651 -762 -770 -701 -682 -758 -821 -810 -637 -554 -552 -547 -633 -710 -696 -696 -695 -705 -703 -761 -912 -837 -804 -850 -939 -930 -938 -991 -983 -932 -932 -968 -1022 -1059 -1024 -1071 -1115 -9999 -9999
-140 -142 -141 -171 -194 -198 -189 -159 -173 -207 -233 -238 -234 -248 -268 -283 -296 -289 -265 -278 -315 -363 -388 -406 -420 -435 -442 -454 -460 -463 -495 -528 -554 -583 -576 -593 -616 -606 -600 -674 -705 -686 -688 -739 -802 -760 -635 -554 -547 -582 -567 -576 -582 -585 -590 -588 -616 -662 -798 -715 -702 -759 -846 -825 -864 -923 -897 -831 -868 -946 -986 -1016 -1019 -1010 -963 -1066 -9999
-139 -146 -162 -185 -191 -180 -180 -186 -202 -223 -232 -236 -242 -251 -258 -263 -277 -258 -223 -228 -304 -366 -386 -397 -400 -419 -438 -439 -434 -458 -495 -512 -528 -572 -572 -551 -517 -506 -546 -577 -579 -583 -602 -650 -703 -691 -591 -536 -520 -519 -496 -491 -523 -502 -508 -525 -547 -624 -630 -599 -615 -659 -715 -787 -886 -840 -764 -744 -790 -869 -923 -979 -975 -927 -960 -1102 -1096
-151 -149 -160 -179 -167 -151 -187 -208 -196 -198 -219 -230 -226 -224 -207 -193 -227 -220 -209 -259 -324 -357 -376 -382 -378 -399 -417 -412 -418 -457 -487 -490 -484 -518 -550 -538 -471 -379 -422 -530 -567 -545 -528 -582 -624 -585 -479 -455 -445 -423 -417 -431 -444 -427 -434 -438 -458 -566 -616 -569 -556 -572 -633 -758 -842 -749 -647 -701 -768 -818 -881 -955 -993 -962 -980 -1048 -1049
-160 -146 -153 -168 -163 -161 -194 -216 -221 -219 -214 -209 -189 -204 -206 -187 -199 -199 -233 -289 -317 -334 -351 -350 -348 -350 -367 -380 -407 -448 -466 -472 -486 -499 -486 -476 -420 -294 -292 -398 -485 -487 -454 -474 -478 -439 -415 -415 -437 -410 -375 -405 -395 -370 -387 -365 -412 -450 -504 -505 -530 -545 -588 -697 -816 -858 -812 -761 -782 -795 -887 -929 -968 -1014 -1025 -1014 -998
-157 -150 -137 -141 -177 -197 -211 -223 -226 -224 -223 -225 -197 -181 -190 -185 -196 -231 -263 -279 -294 -314 -326 -314 -311 -341 -364 -365 -386 -414 -437 -434 -432 -468 -494 -501 -425 -286 -273 -371 -454 -455 -439 -448 -491 -481 -418 -399 -403 -374 -359 -385 -356 -326 -365 -342 -378 -391 -399 -444 -473 -517 -562 -604 -724 -844 -923 -835 -808 -820 -818 -852 -952 -983 -948 -952 -970
-152 -157 -152 -146 -181 -202 -212 -218 -220 -216 -212 -215 -201 -174 -176 -178 -202 -235 -250 -259 -270 -282 -291 -288 -289 -314 -324 -334 -370 -399 -423 -426 -424 -449 -475 -495 -479 -404 -401 -440 -453 -457 -438 -430 -434 -441 -415 -395 -372 -317 -365 -381 -360 -330 -360 -365 -358 -378 -404 -402 -434 -473 -514 -585 -641 -738 -816 -791 -772 -815 -789 -791 -858 -907 -896 -919 -934
-171 -181 -190 -196 -205 -214 -217 -218 -217 -209 -200 -190 -175 -175 -175 -177 -189 -193 -223 -240 -244 -238 -234 -234 -262 -285 -291 -307 -268 -348 -395 -397 -400 -422 -442 -441 -435 -433 -423 -440 -445 -436 -421 -403 -366 -376 -398 -398 -392 -370 -376 -367 -363 -348 -344 -348 -347 -370 -402 -397 -413 -429 -482 -587 -656 -702 -726 -719 -724 -753 -766 -771 -774 -805 -834 -860 -887
-182 -193 -202 -209 -215 -222 -223 -220 -213 -204 -191 -166 -150 -152 -170 -188 -195 -173 -173 -210 -207 -198 -203 -200 -238 -265 -277 -297 -322 -350 -369 -370 -376 -389 -403 -419 -433 -438 -413 -435 -455 -438 -415 -413 -410 -396 -393 -373 -349 -355 -376 -373 -351 -351 -362 -337 -339 -355 -366 -378 -390 -424 -486 -567 -619 -598 -607 -661 -654 -678 -724 -732 -748 -760 -763 -808 -853
-186 -199 -203 -205 -209 -203 -176 -157 -150 -153 -162 -130 -118 -143 -175 -200 -204 -183 -144 -170 -182 -181 -166 -167 -202 -234 -253 -262 -303 -320 -324 -336 -350 -363 -381 -403 -416 -405 -373 -408 -436 -428 -404 -395 -387 -343 -343 -363 -352 -356 -363 -343 -285 -319 -334 -322 -330 -352 -363 -372 -385 -401 -448 -549 -601 -558 -618 -691 -690 -693 -707 -715 -742 -713 -732 -778 -782
-178 -188 -181 -168 -158 -143 -142 -135 -144 -164 -154 -146 -151 -164 -174 -184 -184 -176 -164 -176 -183 -177 -138 -146 -154 -170 -191 -207 -239 -275 -299 -311 -324 -337 -343 -360 -379 -374 -360 -381 -400 -399 -393 -392 -388 -358 -346 -352 -344 -338 -339 -338 -350 -331 -306 -318 -328 -344 -354 -368 -377 -403 -441 -530 -575 -550 -579 -613 -652 -664 -690 -699 -707 -719 -757 -763 -793
-179 -169 -185 -193 -173 -140 -126 -142 -163 -155 -130 -151 -170 -167 -169 -174 -176 -171 -162 -143 -165 -162 -151 -165 -160 -165 -177 -196 -219 -243 -278 -282 -288 -307 -289 -303 -341 -347 -335 -315 -343 -365 -378 -389 -387 -369 -346 -331 -324 -322 -329 -338 -347 -313 -289 -312 -326 -345 -353 -365 -379 -406 -436 -487 -520 -529 -551 -591 -635 -649 -678 -676 -685 -710 -768 -812 -834
