G_variables/Set1/4.5/SSSmean.asc
NCOLS 581 
NROWS 855 
XLLCORNER -74.9166666666667 
YLLCORNER -55.8333333333333 
CELLSIZE 0.0833333333333333 
NODATA_value -9999 
[rows 567 to 593 of 855, columns 244 to 304 of 581]
-9999 -9999 -9999 -9999 -9999 -9999 -9999 -9999 -9999 -9999 -9999 -9999 -9999 -9999 -9999 -9999 -9999 -9999 -9999 -9999 -9999 -9999 -9999 -9999 -9999 -9999 -9999 32.3756828308105 32.2974586486816 32.3944664001465 -9999 32.4530487060547 32.4335098266602 32.4202156066895 32.6615829467773 32.7526473999023 32.8884201049805 32.9834136962891 33.206974029541 33.5523796081543 33.6484031677246 33.9535026550293 34.133430480957 34.1787528991699 34.3469924926758 34.4473686218262 34.4826545715332 34.6740036010742 34.8261833190918 34.8925971984863 35.1756172180176 35.4365196228027 35.5335807800293 35.8384971618652 36.0960426330566 36.1643562316895 36.3512268066406 36.4982490539551 36.5256004333496 36.6044502258301 36.6589469909668
-9999 -9999 -9999 -9999 -9999 -9999 -9999 -9999 -9999 -9999 -9999 -9999 -9999 -9999 -9999 -9999 -9999 -9999 -9999 -9999 -9999 -9999 -9999 -9999 -9999 -9999 -9999 -9999 32.3634262084961 32.357250213623 32.3715858459473 32.4319686889648 32.3839874267578 32.2622985839844 32.311092376709 32.7456359863281 32.9748840332031 33.067211151123 33.4322242736816 33.7026062011719 33.9088745117188 34.0970191955566 34.232967376709 34.3290863037109 34.4160461425781 34.5106582641602 34.5850677490234 34.664680480957 34.8138656616211 34.9535865783691 35.1776504516602 35.4563522338867 35.6560325622559 35.9252777099609 36.1545867919922 36.2974700927734 36.4442749023438 36.530517578125 36.5928955078125 36.6435470581055 36.6642379760742
-9999 -9999 -9999 -9999 -9999 -9999 -9999 -9999 -9999 -9999 -9999 -9999 -9999 -9999 -9999 -9999 -9999 -9999 -9999 -9999 -9999 -9999 -9999 -9999 -9999 -9999 -9999 -9999 32.3743095397949 32.3400840759277 32.3365859985352 32.4873657226562 32.4034080505371 32.2975997924805 32.353271484375 32.7941932678223 32.9707221984863 33.1623802185059 33.4914932250977 33.8385543823242 33.9697761535645 34.1300506591797 34.3001594543457 34.3687858581543 34.439525604248 34.561351776123 34.624927520752 34.6844024658203 34.8497619628906 34.9833297729492 35.190803527832 35.4893913269043 35.6888618469238 35.9416885375977 36.1875038146973 36.3181800842285 36.456428527832 36.5581741333008 36.6020889282227 36.6534004211426 36.6819229125977
-9999 -9999 -9999 -9999 -9999 -9999 -9999 -9999 -9999 -9999 -9999 -9999 -9999 -9999 -9999 -9999 -9999 -9999 -9999 -9999 -9999 -9999 -9999 -9999 -9999 -9999 -9999 -9999 -9999 32.3465347290039 32.3286476135254 32.4699745178223 32.5689697265625 32.6212158203125 32.6906204223633 32.8872489929199 33.2162284851074 33.3230438232422 33.6884078979492 33.9224433898926 33.9921340942383 34.2062911987305 34.3536224365234 34.389274597168 34.5149726867676 34.613899230957 34.6451950073242 34.8019752502441 34.969066619873 35.0344581604004 35.3009300231934 35.5709037780762 35.6709938049316 35.9545745849609 36.2102012634277 36.2742500305176 36.4320220947266 36.5634231567383 36.5884208679199 36.6365547180176 36.6698379516602
-9999 -9999 -9999 -9999 -9999 -9999 -9999 -9999 -9999 -9999 -9999 -9999 -9999 -9999 -9999 -9999 -9999 -9999 -9999 -9999 -9999 -9999 -9999 -9999 -9999 -9999 -9999 -9999 32.3654327392578 32.3226089477539 32.2235565185547 32.2612686157227 32.5914192199707 32.7770690917969 32.8451271057129 33.1040649414062 33.3326377868652 33.5772094726562 33.8005905151367 33.9843711853027 34.1411056518555 34.2912483215332 34.3763427734375 34.4530181884766 34.5502815246582 34.616870880127 34.6761169433594 34.7868614196777 34.9243965148926 35.0553588867188 35.2872543334961 35.5472946166992 35.7390556335449 36.0147514343262 36.2356300354004 36.3673324584961 36.5081901550293 36.5863761901855 36.6332550048828 36.6619834899902 36.6663932800293
-9999 -9999 -9999 -9999 -9999 -9999 -9999 -9999 -9999 -9999 -9999 -9999 -9999 -9999 -9999 -9999 -9999 -9999 -9999 -9999 -9999 -9999 -9999 -9999 -9999 -9999 -9999 32.4470596313477 32.4382781982422 32.352123260498 32.2623863220215 32.3074951171875 32.6477584838867 32.8107719421387 32.9594306945801 33.1730575561523 33.490608215332 33.6283378601074 33.8349113464355 34.0613708496094 34.1695594787598 34.3093948364258 34.414436340332 34.4767303466797 34.5631217956543 34.6398162841797 34.7033767700195 34.8001403808594 34.9479064941406 35.0738639831543 35.2973518371582 35.5707130432129 35.7527046203613 36.0199203491211 36.2471809387207 36.372184753418 36.5095252990723 36.5957336425781 36.6273536682129 36.659252166748 36.6664352416992
-9999 -9999 -9999 -9999 -9999 -9999 -9999 -9999 -9999 -9999 -9999 -9999 -9999 -9999 -9999 -9999 -9999 -9999 -9999 -9999 -9999 -9999 -9999 -9999 -9999 -9999 -9999 32.4113922119141 32.4339332580566 32.4732055664062 32.5523147583008 32.6085815429688 32.7864418029785 33.0329780578613 33.1151847839355 33.4332580566406 33.6355133056641 33.7054176330566 33.9411506652832 34.1231422424316 34.1808624267578 34.3489837646484 34.4688873291016 34.4995574951172 34.6188468933105 34.7095260620117 34.7411880493164 34.9043235778809 35.0562629699707 35.1315460205078 35.3851737976074 35.6429138183594 35.7331962585449 36.0037727355957 36.24560546875 36.3173713684082 36.4643135070801 36.5843276977539 36.5996170043945 36.631420135498 36.6423377990723
-9999 -9999 -9999 -9999 -9999 -9999 -9999 -9999 -9999 -9999 -9999 -9999 -9999 -9999 -9999 -9999 -9999 -9999 -9999 -9999 -9999 -9999 -9999 -9999 -9999 -9999 32.4019889831543 32.3242645263672 32.3547554016113 32.5048179626465 32.6812324523926 32.7358894348145 32.9130821228027 33.11767578125 33.3065605163574 33.4795112609863 33.670841217041 33.8172607421875 34.0092544555664 34.1767730712891 34.2891807556152 34.4176330566406 34.5133399963379 34.5760231018066 34.6597900390625 34.7358131408691 34.79541015625 34.9078674316406 35.0435485839844 35.1858940124512 35.4110946655273 35.6380004882812 35.8249435424805 36.0826377868652 36.2721824645996 36.4093246459961 36.542594909668 36.5898246765137 36.6202125549316 36.6405296325684 36.6361503601074
-9999 -9999 -9999 -9999 -9999 -9999 -9999 -9999 -9999 -9999 -9999 -9999 -9999 -9999 -9999 -9999 -9999 -9999 -9999 -9999 -9999 -9999 -9999 -9999 -9999 -9999 32.3577079772949 32.2953834533691 32.3756370544434 32.5338706970215 32.6680870056152 32.7980346679688 32.9568672180176 33.2217864990234 33.3511047363281 33.5027313232422 33.7161102294922 33.852653503418 34.0293121337891 34.2179145812988 34.3192672729492 34.4338645935059 34.5410652160645 34.6045227050781 34.6716384887695 34.7624740600586 34.8479499816895 34.9376449584961 35.0894889831543 35.2196159362793 35.4265060424805 35.6756324768066 35.8459587097168 36.1035118103027 36.3104934692383 36.4020805358887 36.5350074768066 36.5975227355957 36.6095161437988 36.6328239440918 36.6271591186523
-9999 -9999 -9999 -9999 -9999 -9999 -9999 -9999 -9999 -9999 -9999 -9999 -9999 -9999 -9999 -9999 -9999 -9999 -9999 -9999 -9999 -9999 -9999 -9999 -9999 -9999 32.4624404907227 32.4582824707031 32.5579414367676 32.7035217285156 32.7977294921875 32.8652458190918 33.1125297546387 33.3099632263184 33.3658409118652 33.5881500244141 33.8013725280762 33.8674468994141 34.0742797851562 34.2617034912109 34.3118171691895 34.4679565429688 34.5897407531738 34.6202087402344 34.7467613220215 34.8505630493164 34.8857231140137 35.0612983703613 35.2225379943848 35.2889938354492 35.5426292419434 35.7839736938477 35.8656959533691 36.1164054870605 36.3253211975098 36.3694114685059 36.4974822998047 36.5746002197266 36.5841407775879 36.6053085327148 36.6098594665527
-9999 -9999 -9999 -9999 -9999 -9999 -9999 -9999 -9999 -9999 -9999 -9999 -9999 -9999 -9999 -9999 -9999 -9999 -9999 -9999 -9999 -9999 -9999 -9999 -9999 32.491870880127 32.4887504577637 32.4836692810059 32.5390625 32.6287040710449 32.7956008911133 32.9431648254395 33.1150207519531 33.2912139892578 33.4159355163574 33.6157073974609 33.8059043884277 33.9400634765625 34.1375770568848 34.2947006225586 34.3984870910645 34.5272216796875 34.6189155578613 34.6807861328125 34.7813949584961 34.8729553222656 34.9408645629883 35.0767402648926 35.2363357543945 35.3661231994629 35.5872001647949 35.8145980834961 35.9861450195312 36.2027320861816 36.3640899658203 36.4764060974121 36.5629768371582 36.5848999023438 36.6084022521973 36.6119499206543 36.6029968261719
-9999 -9999 -9999 -9999 -9999 -9999 -9999 -9999 -9999 -9999 -9999 -9999 -9999 -9999 -9999 -9999 -9999 -9999 -9999 -9999 -9999 -9999 -9999 32.4560279846191 -9999 32.5122871398926 32.5129165649414 32.5142402648926 32.5349731445312 32.6449508666992 32.8408470153809 32.9534378051758 33.1190910339355 33.2991256713867 33.4369735717773 33.624870300293 33.8276672363281 33.9658432006836 34.1484680175781 34.317684173584 34.4203796386719 34.5377159118652 34.6387138366699 34.7124862670898 34.7960510253906 34.899169921875 34.9862861633301 35.0983009338379 35.275276184082 35.4139823913574 35.6122283935547 35.8633613586426 36.0136871337891 36.220760345459 36.4054489135742 36.4811706542969 36.5685882568359 36.5995597839355 36.6032791137695 36.6080703735352 36.5975532531738
-9999 -9999 -9999 -9999 -9999 -9999 -9999 -9999 -9999 -9999 -9999 -9999 -9999 -9999 -9999 -9999 -9999 -9999 -9999 -9999 -9999 -9999 -9999 32.4289932250977 32.4354400634766 32.5541000366211 32.5859832763672 32.5555305480957 32.5800971984863 32.7449760437012 32.8892593383789 32.9447479248047 33.1611251831055 33.363712310791 33.431095123291 33.6637763977051 33.8876075744629 33.9549674987793 34.167537689209 34.353874206543 34.4034957885742 34.5630798339844 34.6923027038574 34.7268333435059 34.8675117492676 34.9896850585938 35.0299377441406 35.2208595275879 35.3999176025391 35.4691390991211 35.7172393798828 35.9504051208496 36.0213928222656 36.2342071533203 36.4127578735352 36.4508056640625 36.5376205444336 36.5941696166992 36.5878601074219 36.5901260375977 36.5855827331543
-9999 -9999 -9999 -9999 -9999 -9999 -9999 -9999 -9999 -9999 -9999 -9999 -9999 -9999 -9999 -9999 -9999 -9999 -9999 -9999 -9999 -9999 32.4393768310547 32.5085105895996 32.4989624023438 32.506649017334 32.532112121582 32.5938720703125 32.6142578125 32.7254753112793 32.8699760437012 32.9854927062988 33.1706085205078 33.3520965576172 33.488452911377 33.7128944396973 33.8997116088867 34.0381851196289 34.2475662231445 34.3870124816895 34.4877624511719 34.6407737731934 34.7292709350586 34.7977905273438 34.9216041564941 35.0173988342285 35.100284576416 35.2536430358887 35.4095726013184 35.5487442016602 35.7689514160156 35.9722900390625 36.1261749267578 36.3233222961426 36.4565010070801 36.5401306152344 36.5929183959961 36.5979804992676 36.5968437194824 36.5898628234863 36.5779304504395
-9999 -9999 -9999 -9999 -9999 -9999 -9999 -9999 -9999 -9999 -9999 -9999 -9999 -9999 -9999 -9999 -9999 -9999 -9999 -9999 -9999 32.417163848877 32.4329147338867 32.4407424926758 32.495246887207 32.5023422241211 32.5305137634277 32.553394317627 32.629940032959 32.7319755554199 32.8840522766113 33.0089683532715 33.1788139343262 33.3676261901855 33.5200843811035 33.7255973815918 33.9265403747559 34.0707969665527 34.2662658691406 34.424201965332 34.5290603637695 34.6609497070312 34.7676315307617 34.8438148498535 34.9445419311523 35.0613327026367 35.1483840942383 35.2768974304199 35.4556884765625 35.5794258117676 35.7815055847168 36.00927734375 36.1406097412109 36.3334808349609 36.4840545654297 36.5382766723633 36.5926322937012 36.6020278930664 36.5921821594238 36.585880279541 36.5713729858398
-9999 -9999 -9999 -9999 -9999 -9999 -9999 -9999 -9999 -9999 -9999 -9999 -9999 -9999 -9999 -9999 -9999 -9999 -9999 -9999 32.4040985107422 32.4070663452148 32.4123268127441 32.4186592102051 32.4256973266602 32.5019416809082 32.577564239502 32.6087837219238 32.6429405212402 32.7990417480469 32.9615669250488 33.0193328857422 33.251106262207 33.4679107666016 33.5405921936035 33.7977905273438 34.0223503112793 34.091926574707 34.321418762207 34.5066719055176 34.5578651428223 34.7341728210449 34.8602485656738 34.8975448608398 35.0562591552734 35.1730117797852 35.215934753418 35.41162109375 35.5813865661621 35.6396827697754 35.8694229125977 36.0746307373047 36.1409301757812 36.3236198425293 36.4651412963867 36.4931907653809 36.5543022155762 36.5845718383789 36.579719543457 36.5701065063477 36.5599784851074
-9999 -9999 -9999 -9999 -9999 -9999 -9999 -9999 -9999 -9999 -9999 -9999 -9999 -9999 -9999 -9999 -9999 -9999 -9999 32.2577781677246 32.3452415466309 32.3932800292969 32.3973045349121 32.4009590148926 32.3974609375 32.4412040710449 32.4820442199707 32.5768089294434 32.6446571350098 32.7918510437012 32.9587135314941 33.0754203796387 33.2840805053711 33.4913749694824 33.635929107666 33.8807106018066 34.0839004516602 34.2243576049805 34.4439315795898 34.5909538269043 34.6950950622559 34.8579521179199 34.9431304931641 35.0194816589355 35.1485061645508 35.2308006286621 35.3192558288574 35.4787139892578 35.6174774169922 35.7441787719727 35.9455108642578 36.107105255127 36.2456512451172 36.4016265869141 36.4869079589844 36.5502319335938 36.5834159851074 36.5773735046387 36.5735549926758 36.5611801147461 36.5501556396484
-9999 -9999 -9999 -9999 -9999 -9999 -9999 -9999 -9999 -9999 -9999 -9999 -9999 -9999 -9999 -9999 -9999 -9999 32.1341934204102 32.243537902832 32.2515869140625 32.3359069824219 32.3907814025879 32.3965606689453 32.3969841003418 32.4098320007324 32.4816551208496 32.5704956054688 32.6654586791992 32.8020858764648 32.9742126464844 33.1177978515625 33.3053741455078 33.5232467651367 33.6951522827148 33.9094009399414 34.1345405578613 34.2933044433594 34.4781532287598 34.6516151428223 34.7691230773926 34.8951683044434 35.014778137207 35.090633392334 35.1854782104492 35.3037567138672 35.3871040344238 35.513484954834 35.6861534118652 35.7901420593262 35.9717216491699 36.1643333435059 36.2556037902832 36.4083251953125 36.5130386352539 36.5405235290527 36.5759124755859 36.5723762512207 36.5636329650879 36.5552787780762 36.5417747497559
-9999 -9999 -9999 -9999 -9999 -9999 -9999 -9999 -9999 -9999 -9999 -9999 -9999 -9999 -9999 -9999 -9999 -9999 32.1213760375977 32.1397361755371 32.1591873168945 32.2389831542969 32.337329864502 32.3567314147949 32.4011840820312 32.4211807250977 32.5148429870605 32.6373252868652 32.6815071105957 32.8785057067871 33.069263458252 33.1373100280762 33.4064636230469 33.6463661193848 33.7277145385742 34.0183219909668 34.2615013122559 34.3369216918945 34.5911254882812 34.7797660827637 34.8338317871094 35.0224800109863 35.1440811157227 35.184886932373 35.3501815795898 35.4537544250488 35.4948501586914 35.6832237243652 35.8154945373535 35.8762664794922 36.0695037841797 36.2276039123535 36.2752876281738 36.4069557189941 36.490592956543 36.5073051452637 36.5447578430176 36.5557975769043 36.5503005981445 36.5364227294922 36.5137138366699
-9999 -9999 -9999 -9999 -9999 -9999 -9999 -9999 -9999 -9999 -9999 -9999 -9999 -9999 -9999 -9999 -9999 32.0325469970703 32.1031074523926 32.1254730224609 32.1501922607422 32.2187118530273 32.2315979003906 32.330810546875 32.38720703125 32.407642364502 32.5107192993164 32.6271705627441 32.7160263061523 32.8845634460449 33.0685424804688 33.2068252563477 33.4475975036621 33.6814727783203 33.8437767028809 34.120677947998 34.3462944030762 34.4977989196777 34.7470970153809 34.9014892578125 35.0103187561035 35.1888999938965 35.2720527648926 35.3518867492676 35.4756469726562 35.5414695739746 35.6230049133301 35.7689170837402 35.8879089355469 36.0107612609863 36.1646118164062 36.276439666748 36.3772964477539 36.4629669189453 36.5051536560059 36.544303894043 36.5487213134766 36.5334815979004 36.5261421203613 36.5092353820801 36.4985580444336
-9999 -9999 -9999 -9999 -9999 -9999 -9999 -9999 -9999 -9999 -9999 -9999 -9999 -9999 -9999 -9999 -9999 31.9293689727783 32.0304832458496 32.1129722595215 32.14404296875 32.2118263244629 32.2270584106445 32.3282470703125 32.3592643737793 32.4271621704102 32.5187072753906 32.6395492553711 32.7473297119141 32.8989868164062 33.0950775146484 33.2540016174316 33.4653434753418 33.7164077758789 33.9168357849121 34.1552085876465 34.4082565307617 34.5904273986816 34.7925033569336 34.9846115112305 35.1095390319824 35.2404861450195 35.3715515136719 35.435920715332 35.5158195495605 35.6356163024902 35.7036170959473 35.8099594116211 35.9723205566406 36.0473442077637 36.1826362609863 36.3322830200195 36.3819007873535 36.4653663635254 36.5237236022949 36.5215110778809 36.5309219360352 36.5219612121582 36.5016746520996 36.4907264709473 36.4740753173828
-9999 -9999 -9999 -9999 -9999 -9999 -9999 -9999 -9999 -9999 -9999 -9999 -9999 -9999 -9999 31.7946186065674 31.8881454467773 31.9098281860352 31.9339046478271 32.0379371643066 32.1234970092773 32.1961898803711 32.2190246582031 32.3009414672852 32.4068183898926 32.4347305297852 32.5833587646484 32.7265357971191 32.7774047851562 33.0041961669922 33.2134819030762 33.2891273498535 33.5927963256836 33.8648796081543 33.9571571350098 34.2923316955566 34.5655746459961 34.6514663696289 34.9401626586914 35.1483573913574 35.2078628540039 35.4126739501953 35.5286521911621 35.5634613037109 35.7151718139648 35.7997207641602 35.8340530395508 35.9898529052734 36.1006469726562 36.137523651123 36.2725448608398 36.3689041137695 36.3940849304199 36.4640426635742 36.4902534484863 36.4930419921875 36.4930763244629 36.4874992370605 36.4803085327148 36.4585990905762 36.4490203857422
-9999 -9999 -9999 -9999 -9999 -9999 -9999 -9999 -9999 -9999 -9999 -9999 -9999 -9999 31.772008895874 31.7809371948242 31.7949638366699 31.890193939209 31.9191799163818 31.9857368469238 32.0395278930664 32.1848297119141 32.2078552246094 32.3073577880859 32.4063949584961 32.466667175293 32.5884323120117 32.7273254394531 32.8303337097168 33.0205955505371 33.2264556884766 33.378734588623 33.6554145812988 33.9137573242188 34.1001358032227 34.4193305969238 34.6726226806641 34.8441505432129 35.1217384338379 35.3001289367676 35.4204559326172 35.5961837768555 35.6788139343262 35.7514724731445 35.8409996032715 35.9018821716309 35.9765968322754 36.0799903869629 36.172306060791 36.2637939453125 36.341236114502 36.3982543945312 36.4621810913086 36.4813270568848 36.4842567443848 36.4964637756348 36.4775276184082 36.4653472900391 36.4545059204102 36.4351539611816 36.423755645752
-9999 -9999 -9999 -9999 -9999 -9999 -9999 -9999 -9999 -9999 -9999 -9999 -9999 31.6509265899658 31.6789627075195 31.7706832885742 31.7865810394287 31.8203277587891 31.9154758453369 31.9398651123047 32.1003570556641 32.1458015441895 32.2189903259277 32.3111228942871 32.4116401672363 32.4958229064941 32.6018867492676 32.7469673156738 32.8759078979492 33.0409088134766 33.2607536315918 33.4485702514648 33.6884078979492 33.9719123840332 34.1889228820801 34.4634971618652 34.7540016174316 34.9482765197754 35.1741561889648 35.3989028930664 35.5237731933594 35.6463241577148 35.7853164672852 35.842399597168 35.8964729309082 35.999195098877 36.042854309082 36.1167411804199 36.2493438720703 36.2857398986816 36.3579711914062 36.4431304931641 36.4528541564941 36.4715576171875 36.4870414733887 36.4792938232422 36.4705047607422 36.4482803344727 36.4367141723633 36.4251327514648 36.4050712585449
-9999 -9999 -9999 -9999 -9999 -9999 -9999 -9999 -9999 -9999 -9999 -9999 -9999 31.6153392791748 31.671688079834 31.6941967010498 31.7152500152588 31.8069305419922 31.9105548858643 31.9409313201904 32.0510292053223 32.1717147827148 32.207405090332 32.3408393859863 32.4666023254395 32.5064086914062 32.6857414245605 32.8493461608887 32.9066581726074 33.1735343933105 33.4131698608398 33.5006980895996 33.8492393493652 34.1551475524902 34.2582321166992 34.6291046142578 34.9327354431152 35.0260887145996 35.3347358703613 35.5553512573242 35.6176567077637 35.8133201599121 35.9284629821777 35.9573249816895 36.0782356262207 36.1349906921387 36.1568794250488 36.2523727416992 36.3150672912598 36.3351249694824 36.4026565551758 36.4390182495117 36.4458084106445 36.4542045593262 36.4565277099609 36.4533767700195 36.4364242553711 36.4228477478027 36.4149017333984 36.3885803222656 36.3754692077637
-9999 -9999 -9999 -9999 -9999 -9999 -9999 -9999 -9999 -9999 31.4323463439941 31.5334396362305 31.5161895751953 31.5277690887451 31.5742931365967 31.6604137420654 31.6802082061768 31.7688503265381 31.8780097961426 31.9376678466797 32.0520553588867 32.1678504943848 32.239387512207 32.3497009277344 32.4624824523926 32.5425415039062 32.6889724731445 32.8517074584961 32.9701728820801 33.21533203125 33.4561538696289 33.629955291748 33.9696235656738 34.2496566772461 34.4582328796387 34.8070487976074 35.056324005127 35.2496643066406 35.5225639343262 35.6939659118652 35.817985534668 35.9653205871582 36.0505332946777 36.1141090393066 36.1637954711914 36.208324432373 36.2555770874023 36.3012199401855 36.3507957458496 36.4035224914551 36.4207000732422 36.4332656860352 36.4483757019043 36.4394149780273 36.4389190673828 36.4352531433105 36.4152603149414 36.4028472900391 36.3847236633301 36.365234375 36.3518028259277
-9999 -9999 -9999 -9999 -9999 -9999 -9999 -9999 -9999 -9999 31.4123153686523 31.4250907897949 31.5037441253662 31.5141487121582 31.5560760498047 31.5935821533203 31.6688804626465 31.7608871459961 31.8537254333496 31.9423274993896 32.0531921386719 32.166431427002 32.2536430358887 32.356201171875 32.4724578857422 32.5772171020508 32.7037620544434 32.8748817443848 33.042781829834 33.2473907470703 33.5084686279297 33.738410949707 34.0207099914551 34.3413581848145 34.5706062316895 34.8650054931641 35.1706352233887 35.3346176147461 35.5644912719727 35.7903137207031 35.8879318237305 36.0032577514648 36.1315231323242 36.167652130127 36.1923789978027 36.267894744873 36.2811393737793 36.3173942565918 36.3911781311035 36.3907852172852 36.4130058288574 36.4344444274902 36.4264869689941 36.4295768737793 36.4231300354004 36.415828704834 36.4042587280273 36.383171081543 36.3631134033203 36.3513031005859 36.328441619873
