G_variables/Set1/4.5/SSSmean.asc
NCOLS 581 
NROWS 855 
XLLCORNER -74.9166666666667 
YLLCORNER -55.8333333333333 
CELLSIZE 0.0833333333333333 
NODATA_value -9999 
[rows 270 to 296 of 855, columns 488 to 548 of 581]
36.5841217041016 36.5293807983398 36.477424621582 36.4665794372559 36.4531669616699 36.4283485412598 36.4221839904785 36.4152488708496 36.3995132446289 36.3955764770508 36.396614074707 36.3865280151367 36.3856010437012 36.3894500732422 36.3818702697754 36.3807601928711 36.3850135803223 36.3757934570312 36.3740386962891 36.3790168762207 36.3691902160645 36.369514465332 36.375301361084 36.3657569885254 36.364803314209 36.3710784912109 36.3620719909668 36.3610992431641 36.366813659668 36.3566436767578 36.3560829162598 36.3631134033203 36.3532752990723 -9999 -9999 -9999 -9999 -9999 -9999 -9999 -9999 -9999 -9999 -9999 -9999 -9999 -9999 -9999 -9999 -9999 -9999 -9999 -9999 -9999 -9999 -9999 -9999 -9999 -9999 -9999 -9999
36.5887641906738 36.541431427002 36.5022735595703 36.4863319396973 36.4608345031738 36.43994140625 36.4306488037109 36.4208793640137 36.412841796875 36.4080543518066 36.4018402099609 36.3966751098633 36.393798828125 36.3932418823242 36.3902587890625 36.3890380859375 36.3891296386719 36.3859786987305 36.3857307434082 36.3858528137207 36.3829612731934 36.3811569213867 36.3807678222656 36.377513885498 36.3757286071777 36.3758964538574 36.3740196228027 36.3722648620605 36.3721656799316 36.3690528869629 36.369068145752 36.3704147338867 36.3690795898438 -9999 -9999 -9999 -9999 -9999 -9999 -9999 -9999 -9999 -9999 -9999 -9999 -9999 -9999 -9999 -9999 -9999 -9999 -9999 -9999 -9999 -9999 -9999 -9999 -9999 -9999 -9999 -9999
36.6083984375 36.552001953125 36.5236968994141 36.4997100830078 36.4687118530273 36.4519653320312 36.4386863708496 36.4267654418945 36.4219284057617 36.4151840209961 36.4080123901367 36.4037971496582 36.4005546569824 36.3966331481934 36.3962554931641 36.3950614929199 36.3928718566895 36.3938636779785 36.3932876586914 36.3904151916504 36.390251159668 36.3893432617188 36.3856582641602 36.3854866027832 36.3842658996582 36.3805389404297 36.3823165893555 36.3810653686523 36.3769454956055 36.378719329834 36.3784599304199 36.3764572143555 36.3777351379395 -9999 -9999 -9999 -9999 -9999 -9999 -9999 -9999 -9999 -9999 -9999 -9999 -9999 -9999 -9999 -9999 -9999 -9999 -9999 -9999 -9999 -9999 -9999 -9999 -9999 -9999 -9999 -9999
36.6595153808594 36.6025772094727 36.5440521240234 36.530891418457 36.5057716369629 36.4702835083008 36.4597549438477 36.4488983154297 36.4321403503418 36.4278945922852 36.4238395690918 36.4135513305664 36.4118270874023 36.4106750488281 36.4056434631348 36.4044380187988 36.4057807922363 36.4037170410156 36.403133392334 36.4048652648926 36.4011688232422 36.3998260498047 36.4010467529297 36.396842956543 36.3972434997559 36.3992233276367 36.3950958251953 36.3941421508789 36.3959159851074 36.3918495178223 36.3904724121094 36.3935775756836 36.3899612426758 -9999 -9999 -9999 -9999 -9999 -9999 -9999 -9999 -9999 -9999 -9999 -9999 -9999 -9999 -9999 -9999 -9999 -9999 -9999 -9999 -9999 -9999 -9999 -9999 -9999 -9999 -9999 -9999
36.6715354919434 36.6147842407227 36.5710258483887 36.5444107055664 36.5138053894043 36.4828987121582 36.4680862426758 36.4546165466309 36.4438247680664 36.4391632080078 36.4337539672852 36.428050994873 36.4251556396484 36.4255867004395 36.4218673706055 36.4220809936523 36.4222640991211 36.4196853637695 36.4205856323242 36.421817779541 36.4199829101562 36.4198951721191 36.4209938049316 36.4184265136719 36.416187286377 36.4174385070801 36.4145774841309 36.4140281677246 36.4155426025391 36.4122276306152 36.4128112792969 36.4144592285156 36.4120712280273 -9999 -9999 -9999 -9999 -9999 -9999 -9999 -9999 -9999 -9999 -9999 -9999 -9999 -9999 -9999 -9999 -9999 -9999 -9999 -9999 -9999 -9999 -9999 -9999 -9999 -9999 -9999 -9999
36.6839828491211 36.6228103637695 36.5837936401367 36.5522918701172 36.5168647766113 36.4962501525879 36.4761543273926 36.4597206115723 36.4536743164062 36.4466514587402 36.438304901123 36.4359741210938 36.4347839355469 36.4314079284668 36.4303398132324 36.4297561645508 36.428409576416 36.4288673400879 36.4286422729492 36.4263648986816 36.427562713623 36.4289398193359 36.4258575439453 36.4269714355469 36.4274864196777 36.4240074157715 36.4247360229492 36.4246025085449 36.4225654602051 36.4229125976562 36.4226875305176 36.4197731018066 36.4212608337402 -9999 -9999 -9999 -9999 -9999 -9999 -9999 -9999 -9999 -9999 -9999 -9999 -9999 -9999 -9999 -9999 -9999 -9999 -9999 -9999 -9999 -9999 -9999 -9999 -9999 -9999 -9999 -9999
36.7278518676758 36.663516998291 36.5931091308594 36.5750160217285 36.546817779541 36.5111274719238 36.4981384277344 36.4834365844727 36.4646453857422 36.4607620239258 36.4556579589844 36.4470252990723 36.446834564209 36.447193145752 36.4426918029785 36.4418029785156 36.4434547424316 36.4404754638672 36.4390640258789 36.4419746398926 36.4389495849609 36.4403610229492 36.4423599243164 36.4397430419922 36.4400177001953 36.4423217773438 36.4389610290527 36.4385719299316 36.439826965332 36.4352035522461 36.4351615905762 36.4369506835938 36.4335021972656 -9999 -9999 -9999 -9999 -9999 -9999 -9999 -9999 -9999 -9999 -9999 -9999 -9999 -9999 -9999 -9999 -9999 -9999 -9999 -9999 -9999 -9999 -9999 -9999 -9999 -9999 -9999 -9999
36.7301406860352 36.6720771789551 36.6171607971191 36.5903091430664 36.5520935058594 36.5224189758301 36.5038108825684 36.4877014160156 36.4750442504883 36.4713897705078 36.4653205871582 36.4593887329102 36.4555931091309 36.4551887512207 36.4530792236328 36.4522285461426 36.4527549743652 36.4508895874023 36.4535789489746 36.4554672241211 36.4544486999512 36.452522277832 36.4540061950684 36.4523544311523 36.4517059326172 36.4523506164551 36.4514389038086 36.449649810791 36.4509048461914 36.447338104248 36.4494209289551 36.4509887695312 36.4488143920898 -9999 -9999 -9999 -9999 -9999 -9999 -9999 -9999 -9999 -9999 -9999 -9999 -9999 -9999 -9999 -9999 -9999 -9999 -9999 -9999 -9999 -9999 -9999 -9999 -9999 -9999 -9999 -9999
36.7502861022949 36.6831283569336 36.6354522705078 36.604076385498 36.5663528442383 36.5286331176758 36.512035369873 36.4927139282227 36.4838218688965 36.4789428710938 36.4696922302246 36.4670944213867 36.4636688232422 36.4605522155762 36.4604110717773 36.4597473144531 36.4573287963867 36.4608421325684 36.461742401123 36.4599838256836 36.4624137878418 36.4614715576172 36.4587478637695 36.4607353210449 36.4599342346191 36.4613800048828 36.4602737426758 36.4585227966309 36.45751953125 36.4589347839355 36.4582061767578 36.4560661315918 36.457691192627 -9999 -9999 -9999 -9999 -9999 -9999 -9999 -9999 -9999 -9999 -9999 -9999 -9999 -9999 -9999 -9999 -9999 -9999 -9999 -9999 -9999 -9999 -9999 -9999 -9999 -9999 -9999 -9999
36.7927169799805 36.7204208374023 36.6537055969238 36.6338882446289 36.597095489502 36.5500831604004 36.5341339111328 36.516788482666 36.4956398010254 36.492847442627 36.4871788024902 36.4776954650879 36.4761581420898 36.4761924743652 36.4705238342285 36.4701690673828 36.4727210998535 36.4721260070801 36.4724426269531 36.475528717041 36.4733238220215 36.4727478027344 36.4745826721191 36.4721374511719 36.4739570617676 36.4777183532715 36.4732475280762 36.4723777770996 36.4741401672363 36.4724044799805 36.4711837768555 36.4726409912109 36.4694862365723 -9999 -9999 -9999 -9999 -9999 -9999 -9999 -9999 -9999 -9999 -9999 -9999 -9999 -9999 -9999 -9999 -9999 -9999 -9999 -9999 -9999 -9999 -9999 -9999 -9999 -9999 -9999 -9999
36.7952499389648 36.7290725708008 36.6741485595703 36.6384162902832 36.5995979309082 36.5626945495605 36.5464248657227 36.5244140625 36.5098915100098 36.5020484924316 36.4960517883301 36.4902687072754 36.486629486084 36.4872665405273 36.4833831787109 36.482105255127 36.4839782714844 36.4830894470215 36.483829498291 36.4877548217773 36.4863471984863 36.4877090454102 36.4891319274902 36.4873886108398 36.4864273071289 36.4894828796387 36.4864883422852 36.4868087768555 36.4875755310059 36.4846878051758 36.4843368530273 36.4873466491699 36.4847679138184 -9999 -9999 -9999 -9999 -9999 -9999 -9999 -9999 -9999 -9999 -9999 -9999 -9999 -9999 -9999 -9999 -9999 -9999 -9999 -9999 -9999 -9999 -9999 -9999 -9999 -9999 -9999 -9999
36.8079719543457 36.7337989807129 36.6839447021484 36.6457748413086 36.6045570373535 36.5723495483398 36.5515174865723 36.5297355651855 36.5189170837402 36.5103950500488 36.5007209777832 36.4984512329102 36.4948883056641 36.4920806884766 36.491268157959 36.4907684326172 36.488468170166 36.4911003112793 36.49365234375 36.4921073913574 36.4949493408203 36.4962272644043 36.4939308166504 36.4962615966797 36.4953498840332 36.4948196411133 36.4956588745117 36.4956932067871 36.4929237365723 36.4934921264648 36.4943504333496 36.4924278259277 36.493766784668 -9999 -9999 -9999 -9999 -9999 -9999 -9999 -9999 -9999 -9999 -9999 -9999 -9999 -9999 -9999 -9999 -9999 -9999 -9999 -9999 -9999 -9999 -9999 -9999 -9999 -9999 -9999 -9999
36.8371047973633 36.7670440673828 36.6898651123047 36.6673431396484 36.6306190490723 36.588939666748 36.573486328125 36.5542373657227 36.5319175720215 36.525821685791 36.5193901062012 36.5094299316406 36.509033203125 36.5091934204102 36.5024337768555 36.5020713806152 36.5058288574219 36.5041236877441 36.5042457580566 36.5073776245117 36.5054206848145 36.5069580078125 36.5091552734375 36.5072555541992 36.5086479187012 36.5112915039062 36.5080642700195 36.5079956054688 36.5102310180664 36.5064315795898 36.5071449279785 36.5081672668457 36.5051116943359 -9999 -9999 -9999 -9999 -9999 -9999 -9999 -9999 -9999 -9999 -9999 -9999 -9999 -9999 -9999 -9999 -9999 -9999 -9999 -9999 -9999 -9999 -9999 -9999 -9999 -9999 -9999 -9999
36.837947845459 36.7721481323242 36.7103576660156 36.6701316833496 36.6327095031738 36.6012535095215 36.5796012878418 36.5591049194336 36.5441703796387 36.5375213623047 36.5300750732422 36.5246963500977 36.519157409668 36.5176162719727 36.513542175293 36.5129127502441 36.514762878418 36.5149421691895 36.5186462402344 36.5205039978027 36.5195960998535 36.5193786621094 36.5205459594727 36.5196990966797 36.519287109375 36.5217437744141 36.5196723937988 36.5202102661133 36.5211715698242 36.5186462402344 36.5212364196777 36.522891998291 36.5205993652344 -9999 -9999 -9999 -9999 -9999 -9999 -9999 -9999 -9999 -9999 -9999 -9999 -9999 -9999 -9999 -9999 -9999 -9999 -9999 -9999 -9999 -9999 -9999 -9999 -9999 -9999 -9999 -9999
36.8496055603027 36.7821502685547 36.7277526855469 36.6896858215332 36.646785736084 36.6108856201172 36.5881881713867 36.5647964477539 36.5528373718262 36.5460739135742 36.5352096557617 36.5325813293457 36.5269622802734 36.5237159729004 36.5226745605469 36.5239524841309 36.5216407775879 36.5224571228027 36.5261688232422 36.5246925354004 36.527759552002 36.5277938842773 36.5256309509277 36.5281562805176 36.5278701782227 36.5276565551758 36.5293006896973 36.5288009643555 36.5263061523438 36.5273857116699 36.5303268432617 36.5276107788086 36.5286521911621 -9999 -9999 -9999 -9999 -9999 -9999 -9999 -9999 -9999 -9999 -9999 -9999 -9999 -9999 -9999 -9999 -9999 -9999 -9999 -9999 -9999 -9999 -9999 -9999 -9999 -9999 -9999 -9999
36.8832893371582 36.8102836608887 36.7414093017578 36.7185173034668 36.6758346557617 36.6262969970703 36.6095924377441 36.5885391235352 36.5654411315918 36.5614700317383 36.5535850524902 36.54296875 36.5412483215332 36.5391311645508 36.5331687927246 36.5341110229492 36.5363464355469 36.5351066589355 36.5362930297852 36.5387535095215 36.5371208190918 36.537467956543 36.5392189025879 36.537670135498 36.5389747619629 36.5412254333496 36.538948059082 36.5385551452637 36.5402641296387 36.541431427002 36.541561126709 36.5421295166016 36.5392303466797 -9999 -9999 -9999 -9999 -9999 -9999 -9999 -9999 -9999 -9999 -9999 -9999 -9999 -9999 -9999 -9999 -9999 -9999 -9999 -9999 -9999 -9999 -9999 -9999 -9999 -9999 -9999 -9999
36.8815078735352 36.813346862793 36.7583351135254 36.7177963256836 36.6766242980957 36.6386299133301 36.6200180053711 36.5984649658203 36.5751113891602 36.5675010681152 36.5607566833496 36.5544586181641 36.5502166748047 36.5501098632812 36.5470733642578 36.5448989868164 36.5464744567871 36.5464096069336 36.5470085144043 36.5486221313477 36.5464248657227 36.546989440918 36.5506629943848 36.5498199462891 36.5490379333496 36.5520820617676 36.5498161315918 36.5505409240723 36.5530662536621 36.551944732666 36.5523071289062 36.5530471801758 36.5498962402344 -9999 -9999 -9999 -9999 -9999 -9999 -9999 -9999 -9999 -9999 -9999 -9999 -9999 -9999 -9999 -9999 -9999 -9999 -9999 -9999 -9999 -9999 -9999 -9999 -9999 -9999 -9999 -9999
36.8872146606445 36.8167114257812 36.7622299194336 36.7256393432617 36.6817970275879 36.6467552185059 36.6286163330078 36.6013412475586 36.5881652832031 36.5782241821289 36.5667877197266 36.5623054504395 36.5578804016113 36.5544815063477 36.5530967712402 36.5519943237305 36.5498695373535 36.5530014038086 36.5542411804199 36.5546836853027 36.5571746826172 36.5578689575195 36.556095123291 36.5571899414062 36.556339263916 36.5566825866699 36.557300567627 36.5581741333008 36.5568199157715 36.5584754943848 36.5589485168457 36.5606536865234 -9999 -9999 -9999 -9999 -9999 -9999 -9999 -9999 -9999 -9999 -9999 -9999 -9999 -9999 -9999 -9999 -9999 -9999 -9999 -9999 -9999 -9999 -9999 -9999 -9999 -9999 -9999 -9999 -9999
36.897159576416 36.8284492492676 36.7635803222656 36.7432823181152 36.7023620605469 36.6606788635254 36.6445503234863 36.6225547790527 36.5998611450195 36.5927734375 36.5840721130371 36.5732650756836 36.5720443725586 36.568359375 36.5610542297363 36.5595397949219 36.5627326965332 36.5637893676758 36.5651931762695 36.5674095153809 36.565673828125 36.5672302246094 36.5687141418457 36.567455291748 36.568962097168 36.5693092346191 36.5666923522949 36.5666999816895 36.5690689086914 36.5701637268066 36.5722427368164 36.5736236572266 -9999 -9999 -9999 -9999 -9999 -9999 -9999 -9999 -9999 -9999 -9999 -9999 -9999 -9999 -9999 -9999 -9999 -9999 -9999 -9999 -9999 -9999 -9999 -9999 -9999 -9999 -9999 -9999 -9999
36.8865356445312 36.8297233581543 36.7709922790527 36.7332954406738 36.6990737915039 36.6702690124512 36.6511688232422 36.6242256164551 36.6087188720703 36.5977096557617 36.5893020629883 36.5847473144531 36.5796928405762 36.5765953063965 36.5695381164551 36.5680961608887 36.5730895996094 36.5737113952637 36.5743980407715 36.5762596130371 36.5746612548828 36.576343536377 36.5772018432617 36.5786437988281 36.5777587890625 36.5791015625 36.5763473510742 36.5770416259766 36.580509185791 36.5793838500977 36.5804786682129 36.5832481384277 -9999 -9999 -9999 -9999 -9999 -9999 -9999 -9999 -9999 -9999 -9999 -9999 -9999 -9999 -9999 -9999 -9999 -9999 -9999 -9999 -9999 -9999 -9999 -9999 -9999 -9999 -9999 -9999 -9999
36.8913192749023 36.8343276977539 36.7837791442871 36.7482414245605 36.7031402587891 36.6750221252441 36.6543731689453 36.6317291259766 36.618049621582 36.6110305786133 36.5987815856934 36.5945014953613 36.5866813659668 36.5811424255371 36.5804672241211 36.5811805725098 36.5780944824219 36.5803718566895 36.584342956543 36.5833702087402 36.5854949951172 36.5863456726074 36.5844039916992 36.5855560302734 36.5839881896973 36.5826683044434 36.5849609375 36.5854644775391 36.5846672058105 36.5865631103516 36.5912475585938 36.5908470153809 -9999 -9999 -9999 -9999 -9999 -9999 -9999 -9999 -9999 -9999 -9999 -9999 -9999 -9999 -9999 -9999 -9999 -9999 -9999 -9999 -9999 -9999 -9999 -9999 -9999 -9999 -9999 -9999 -9999
36.9142189025879 36.8499603271484 36.7915229797363 36.7686729431152 36.7304649353027 36.6882705688477 36.6714363098145 36.6502647399902 36.628475189209 36.6243858337402 36.6159629821777 36.6055068969727 36.603343963623 36.5987205505371 36.5928649902344 36.592845916748 36.5950698852539 36.5937080383301 36.5941848754883 36.5970001220703 36.5949401855469 36.5957565307617 36.5969772338867 36.5948104858398 36.5957336425781 36.5976448059082 36.5956726074219 36.5955619812012 36.5987892150879 36.6001930236816 36.6014862060547 36.6036338806152 -9999 -9999 -9999 -9999 -9999 -9999 -9999 -9999 -9999 -9999 -9999 -9999 -9999 -9999 -9999 -9999 -9999 -9999 -9999 -9999 -9999 -9999 -9999 -9999 -9999 -9999 -9999 -9999 -9999
36.9103507995605 36.8478240966797 36.802490234375 36.7650680541992 36.7299766540527 36.6976165771484 36.6789474487305 36.6523361206055 36.637279510498 36.6294822692871 36.6219749450684 36.6166648864746 36.6120338439941 36.6082344055176 36.6038436889648 36.6032905578613 36.6050567626953 36.6049118041992 36.6057548522949 36.6067390441895 36.6045303344727 36.6051750183105 36.6055564880371 36.6057434082031 36.6050796508789 36.6064071655273 36.6054496765137 36.6064567565918 36.6086578369141 36.6102523803711 36.6111373901367 -9999 -9999 -9999 -9999 -9999 -9999 -9999 -9999 -9999 -9999 -9999 -9999 -9999 -9999 -9999 -9999 -9999 -9999 -9999 -9999 -9999 -9999 -9999 -9999 -9999 -9999 -9999 -9999 -9999 -9999
36.9148445129395 36.8541946411133 36.8075332641602 36.7756004333496 36.7365531921387 36.702766418457 36.6873817443848 36.665168762207 36.651741027832 36.6393966674805 36.6285858154297 36.6247901916504 36.6205825805664 36.6176528930664 36.6167411804199 36.6154098510742 36.6131782531738 36.6147384643555 36.6151924133301 36.6133804321289 36.6147079467773 36.6146507263184 36.6124992370605 36.6137771606445 36.6129760742188 36.6133117675781 36.615047454834 36.616138458252 36.6161651611328 36.6189041137695 36.6199836730957 -9999 -9999 -9999 -9999 -9999 -9999 -9999 -9999 -9999 -9999 -9999 -9999 -9999 -9999 -9999 -9999 -9999 -9999 -9999 -9999 -9999 -9999 -9999 -9999 -9999 -9999 -9999 -9999 -9999 -9999
36.9261245727539 36.8642883300781 36.8096313476562 36.7907257080078 36.7527961730957 36.7108268737793 36.7019500732422 36.6826400756836 36.6598358154297 36.6539154052734 36.6448097229004 36.6352233886719 36.6321868896484 36.6328239440918 36.6267395019531 36.625659942627 36.6270904541016 36.62451171875 36.6250915527344 36.6265411376953 36.6250534057617 36.6262474060059 36.6260414123535 36.6238212585449 36.6231956481934 36.6272125244141 36.6255149841309 36.6257705688477 36.6291160583496 36.6289215087891 36.6293907165527 -9999 -9999 -9999 -9999 -9999 -9999 -9999 -9999 -9999 -9999 -9999 -9999 -9999 -9999 -9999 -9999 -9999 -9999 -9999 -9999 -9999 -9999 -9999 -9999 -9999 -9999 -9999 -9999 -9999 -9999
36.9139823913574 36.8581008911133 36.813060760498 36.7823333740234 36.7500610351562 36.723331451416 36.7015762329102 36.6828460693359 36.6701545715332 36.659912109375 36.653003692627 36.6453132629395 36.6455116271973 36.6418533325195 36.6356201171875 36.6338005065918 36.6364555358887 36.6376533508301 36.6368446350098 36.637565612793 36.6350440979004 36.6365165710449 36.6366729736328 36.6331024169922 36.6369705200195 36.635669708252 36.6351470947266 36.6370468139648 36.6378326416016 36.6412239074707 -9999 -9999 -9999 -9999 -9999 -9999 -9999 -9999 -9999 -9999 -9999 -9999 -9999 -9999 -9999 -9999 -9999 -9999 -9999 -9999 -9999 -9999 -9999 -9999 -9999 -9999 -9999 -9999 -9999 -9999 -9999
36.9157524108887 36.8629341125488 36.815055847168 36.7842407226562 36.7511672973633 36.7274703979492 36.7148857116699 36.6882209777832 36.6755867004395 36.6677856445312 36.6588973999023 36.6577606201172 36.6533355712891 36.6477546691895 36.6443290710449 36.6427001953125 36.6427421569824 36.6466522216797 36.6473426818848 36.6438446044922 36.6444816589355 36.6456718444824 36.6414222717285 36.6456871032715 36.6461906433105 36.6436233520508 36.645092010498 36.6463356018066 36.6472320556641 36.6481666564941 -9999 -9999 -9999 -9999 -9999 -9999 -9999 -9999 -9999 -9999 -9999 -9999 -9999 -9999 -9999 -9999 -9999 -9999 -9999 -9999 -9999 -9999 -9999 -9999 -9999 -9999 -9999 -9999 -9999 -9999 -9999
