G_variables/Set1/4.5/SSSmean.asc
NCOLS 581 
NROWS 855 
XLLCORNER -74.9166666666667 
YLLCORNER -55.8333333333333 
CELLSIZE 0.0833333333333333 
NODATA_value -9999 
[rows 513 to 539 of 855, columns 305 to 365 of 581]
-9999 -9999 -9999 -9999 -9999 -9999 -9999 -9999 -9999 -9999 -9999 35.1277008056641 35.1575622558594 35.4122734069824 35.4998931884766 35.5725440979004 35.7939682006836 36.0080032348633 36.0697937011719 36.2448272705078 36.4071388244629 36.4510078430176 36.5750198364258 36.6842651367188 36.7139511108398 36.7987022399902 36.8672561645508 36.8872222900391 36.9459609985352 36.9972305297852 37.0106353759766 37.050609588623 37.0780906677246 37.0832939147949 37.0939292907715 37.0995712280273 37.0998458862305 37.0975341796875 37.0965347290039 37.0962409973145 37.0884094238281 37.095027923584 37.0918579101562 37.0790901184082 37.0844230651855 37.0797233581543 37.0701599121094 37.0666275024414 37.0641288757324 37.055908203125 37.0545806884766 37.0528869628906 37.0439376831055 -9999 -9999 -9999 -9999 -9999 -9999 -9999 -9999
-9999 -9999 -9999 -9999 -9999 -9999 -9999 -9999 -9999 -9999 35.1609725952148 35.1189918518066 35.1468734741211 35.2626800537109 35.4674301147461 35.6116714477539 35.8078269958496 35.985969543457 36.1079406738281 36.279956817627 36.4253730773926 36.5087814331055 36.6256065368652 36.7112350463867 36.7667045593262 36.8355827331543 36.8873863220215 36.9264030456543 36.9723052978516 37.0065956115723 37.0426788330078 37.0671424865723 37.0805206298828 37.092830657959 37.0964736938477 37.0893135070801 37.094066619873 37.090503692627 37.0858001708984 37.0843772888184 37.0786476135254 37.0735244750977 37.0738372802734 37.0663108825684 37.0604209899902 37.0541114807129 37.0558776855469 37.0484161376953 37.0448226928711 37.0409049987793 37.0357131958008 37.0330696105957 37.0288238525391 -9999 -9999 -9999 -9999 -9999 -9999 -9999 -9999
-9999 -9999 -9999 -9999 -9999 -9999 -9999 -9999 -9999 -9999 35.1615447998047 35.1199798583984 -9999 35.2634086608887 35.4722862243652 35.6114730834961 35.8078346252441 35.9837226867676 36.1122283935547 36.2812080383301 36.4266128540039 36.5276412963867 36.6352043151855 36.7287521362305 36.7898178100586 36.8490295410156 36.9091415405273 36.9408416748047 36.9814682006836 37.0231246948242 37.037727355957 37.0612831115723 37.0790328979492 37.0850296020508 37.0875587463379 37.0873985290527 37.0795707702637 37.0843200683594 37.0786819458008 37.0751457214355 37.0725936889648 37.0650100708008 37.058895111084 37.0522499084473 37.0430030822754 37.0390510559082 37.0351905822754 37.0274963378906 37.0269927978516 37.0282859802246 37.0219688415527 37.0133972167969 37.0138626098633 -9999 -9999 -9999 -9999 -9999 -9999 -9999 -9999
-9999 -9999 -9999 -9999 -9999 -9999 -9999 -9999 -9999 -9999 35.1366806030273 35.1382141113281 35.1675605773926 35.4161605834961 35.5007362365723 35.5696411132812 35.7990226745605 36.0152359008789 36.0782661437988 36.2692718505859 36.4558486938477 36.5040855407715 36.6371231079102 36.7554702758789 36.7891654968262 36.866641998291 36.9322204589844 36.94873046875 36.9953956604004 37.0333213806152 37.039981842041 37.0597229003906 37.0737342834473 37.0748901367188 37.0754585266113 37.0737991333008 37.0769882202148 37.0695343017578 37.0644187927246 37.0664024353027 37.0568771362305 37.0511703491211 37.0453834533691 37.0343933105469 37.0278625488281 37.0224418640137 37.0122184753418 37.0074806213379 37.0070495605469 36.9988594055176 36.9970474243164 36.9994010925293 36.9928855895996 -9999 -9999 -9999 -9999 -9999 -9999 -9999 -9999
-9999 -9999 -9999 -9999 -9999 -9999 -9999 -9999 -9999 -9999 35.2023887634277 35.1643104553223 35.1905097961426 35.2958831787109 35.4794120788574 35.6203422546387 35.8172454833984 35.9952201843262 36.1205978393555 36.3015556335449 36.4559516906738 36.5578689575195 36.6784973144531 36.7688331604004 36.828540802002 36.8929328918457 36.9412841796875 36.9752082824707 37.0090751647949 37.0365333557129 37.0559005737305 37.0690650939941 37.0753631591797 37.0790672302246 37.0754928588867 37.0691184997559 37.0705528259277 37.0638198852539 37.0578804016113 37.0538635253906 37.0450248718262 37.0369491577148 37.0296478271484 37.0195999145508 37.0151557922363 37.0085754394531 36.9993629455566 36.9939079284668 36.9918518066406 36.9847068786621 36.9824638366699 36.9792175292969 36.9709014892578 -9999 -9999 -9999 -9999 -9999 -9999 -9999 -9999
-9999 -9999 -9999 -9999 -9999 -9999 -9999 -9999 -9999 -9999 35.2105979919434 35.1736831665039 35.1994705200195 35.3049507141113 35.5001411437988 35.6287078857422 35.822208404541 36.0050086975098 36.1276817321777 36.3044471740723 36.4620819091797 36.5661582946777 36.6818542480469 36.7753868103027 36.8320617675781 36.8929328918457 36.9465713500977 36.9760055541992 37.0123062133789 37.0435371398926 37.0563812255859 37.0697212219238 37.0770988464355 37.0759124755859 37.0733985900879 37.0659942626953 37.0654907226562 37.0602531433105 37.0528717041016 37.0462417602539 37.0391464233398 37.0290451049805 37.019847869873 37.0131950378418 37.0064353942871 36.9983787536621 36.9923286437988 36.9838371276855 36.9802017211914 36.9772872924805 36.971549987793 36.9676094055176 36.9634552001953 -9999 -9999 -9999 -9999 -9999 -9999 -9999 -9999
-9999 -9999 -9999 -9999 -9999 -9999 -9999 -9999 -9999 -9999 35.2099494934082 35.2118186950684 35.2394332885742 35.4775466918945 35.5548896789551 35.6203422546387 35.8401184082031 36.0461235046387 36.1079597473145 36.3003044128418 36.4822044372559 36.5309982299805 36.6655387878418 36.784854888916 36.8145523071289 36.889820098877 36.9570274353027 36.9730224609375 37.0125732421875 37.0461921691895 37.052677154541 37.063060760498 37.0706977844238 37.0701751708984 37.0652389526367 37.0604820251465 37.0618515014648 37.0514793395996 37.0423393249512 37.0380439758301 37.0249176025391 37.0147743225098 37.0112724304199 36.9982719421387 36.9903564453125 36.9888534545898 36.9766960144043 36.9685478210449 36.969295501709 36.9597663879395 36.956111907959 36.9502410888672 36.9407806396484 -9999 -9999 -9999 -9999 -9999 -9999 -9999 -9999
-9999 -9999 -9999 -9999 -9999 -9999 -9999 -9999 -9999 -9999 35.2990264892578 35.2690887451172 35.2938652038574 35.3868675231934 35.5591087341309 35.6931076049805 35.876522064209 36.0367698669434 36.1631965637207 36.3300094604492 36.4773483276367 36.575267791748 36.6955299377441 36.7874565124512 36.8448066711426 36.9101524353027 36.9582099914551 36.9898223876953 37.0266227722168 37.0543594360352 37.0671157836914 37.0723915100098 37.0719566345215 37.0709419250488 37.0647430419922 37.0568580627441 37.0558395385742 37.0465660095215 37.0371284484863 37.0305061340332 37.0171432495117 37.0045928955078 36.9978179931641 36.9890289306641 36.9806785583496 36.9765930175781 36.9647560119629 36.9570083618164 36.9556846618652 36.9473571777344 36.9415855407715 36.9349822998047 36.9260444641113 -9999 -9999 -9999 -9999 -9999 -9999 -9999 -9999
-9999 -9999 -9999 -9999 -9999 -9999 -9999 -9999 -9999 -9999 35.3160858154297 35.2846488952637 35.3086700439453 35.4020881652832 35.5891418457031 35.714771270752 35.8897857666016 36.0625915527344 36.1695404052734 36.3346824645996 36.4835166931152 36.570198059082 36.6889915466309 36.7809524536133 36.8458442687988 36.9103393554688 36.959358215332 36.9897499084473 37.0270919799805 37.0573387145996 37.0686378479004 37.0714225769043 37.0699844360352 37.0687675476074 37.0635185241699 37.0546188354492 37.0484886169434 37.0409851074219 37.0305328369141 37.024528503418 37.0134239196777 36.998046875 36.9899253845215 36.9836540222168 36.9740257263184 36.9629859924316 36.9563751220703 36.9467468261719 36.9394454956055 36.9336853027344 36.9253845214844 36.9242706298828 36.919807434082 -9999 -9999 -9999 -9999 -9999 -9999 -9999 -9999
-9999 -9999 -9999 -9999 -9999 -9999 -9999 -9999 -9999 -9999 35.3548583984375 35.3275947570801 35.3540878295898 35.5854949951172 35.6591567993164 35.7218437194824 35.9225730895996 36.1115188598633 36.1669692993164 36.34033203125 36.4980163574219 36.5421867370605 36.6708564758301 36.7829208374023 36.8102951049805 36.8914527893066 36.9587669372559 36.9748344421387 37.0116195678711 37.045467376709 37.0509719848633 37.0555725097656 37.0610542297363 37.0607376098633 37.053394317627 37.0471572875977 37.0439605712891 37.0316543579102 37.0203742980957 37.0176544189453 37.002815246582 36.9908676147461 36.9858055114746 36.9724349975586 36.9606246948242 36.9556694030762 36.9423561096191 36.9343757629395 36.9300765991211 36.9194564819336 36.9138870239258 36.9147911071777 36.9031181335449 -9999 -9999 -9999 -9999 -9999 -9999 -9999 -9999
-9999 -9999 -9999 -9999 -9999 -9999 -9999 -9999 -9999 -9999 35.3583717346191 35.3445625305176 35.4111366271973 35.5047721862793 35.6749877929688 35.7986602783203 35.9710540771484 36.1163635253906 36.2307395935059 36.3731918334961 36.4897384643555 36.5815238952637 36.691967010498 36.7792625427246 36.8340530395508 36.9008255004883 36.9556312561035 36.9849433898926 37.0198707580566 37.0396919250488 37.0511703491211 37.0583763122559 37.0580291748047 37.0582313537598 37.0508651733398 37.0425491333008 37.0369834899902 37.0251579284668 37.014217376709 37.0094032287598 36.9962310791016 36.9858245849609 36.9773788452148 36.9625244140625 36.9533500671387 36.9447975158691 36.9336395263672 36.9256248474121 36.918529510498 36.909236907959 36.903636932373 36.9019088745117 -9999 -9999 -9999 -9999 -9999 -9999 -9999 -9999 -9999
-9999 -9999 -9999 -9999 -9999 -9999 -9999 35.2616081237793 35.3265609741211 35.3898391723633 35.3878517150879 35.3708877563477 35.3958702087402 35.5187072753906 35.7030715942383 35.8229942321777 35.9831657409668 36.1440048217773 36.238208770752 36.3784599304199 36.5081634521484 36.5801200866699 36.6902465820312 36.7788009643555 36.83251953125 36.8988571166992 36.9451484680176 36.9818229675293 37.0150489807129 37.0360412597656 37.0452308654785 37.0542221069336 37.056037902832 37.0521507263184 37.0465202331543 37.0372047424316 37.0286674499512 37.0194816589355 37.008472442627 36.9998664855957 36.9913291931152 36.9793586730957 36.9690284729004 36.9587249755859 36.9470520019531 36.9374923706055 36.9289436340332 36.9178581237793 36.9096298217773 36.9022102355957 36.8939437866211 36.8883056640625 -9999 -9999 -9999 -9999 -9999 -9999 -9999 -9999 -9999
-9999 -9999 -9999 -9999 -9999 -9999 -9999 35.3037300109863 35.3054008483887 35.3030395507812 35.4346542358398 35.4145889282227 35.4463653564453 35.6093826293945 35.7685241699219 35.8281593322754 36.0175437927246 36.1891098022461 36.2387161254883 36.390739440918 36.5276794433594 36.5625343322754 36.6783599853516 36.7793006896973 36.806827545166 36.8794059753418 36.9440422058105 36.9595146179199 36.9911499023438 37.0220832824707 37.0323486328125 37.0384407043457 37.0462303161621 37.0438385009766 37.0350112915039 37.0260314941406 37.0226593017578 37.0080604553223 36.9974327087402 36.9928512573242 36.9710655212402 36.9593391418457 36.9530181884766 36.9377212524414 36.9360389709473 36.9301643371582 36.9159774780273 36.907169342041 36.9003067016602 36.8888626098633 36.8826637268066 36.8800659179688 -9999 -9999 -9999 -9999 -9999 -9999 -9999 -9999 -9999
-9999 -9999 -9999 -9999 -9999 -9999 35.2986450195312 35.3003730773926 35.2978286743164 35.3037300109863 35.3844261169434 35.437385559082 35.4652824401855 35.6253776550293 35.7923545837402 35.9129486083984 36.0859451293945 36.2096214294434 36.3080291748047 36.4403953552246 36.529125213623 36.6087913513184 36.7103233337402 36.7811317443848 36.8355255126953 36.905216217041 36.946647644043 36.9746551513672 37.0074882507324 37.0212936401367 37.0369415283203 37.0408058166504 37.0383987426758 37.035400390625 37.0282440185547 37.0151405334473 37.0088272094727 36.9995079040527 36.9828491210938 36.9750442504883 36.9610748291016 36.9505577087402 36.9417190551758 36.9271392822266 36.9172859191895 36.9076538085938 36.9053535461426 36.893798828125 36.8842010498047 36.8787651062012 36.8659133911133 36.8616638183594 -9999 -9999 -9999 -9999 -9999 -9999 -9999 -9999 -9999
-9999 -9999 -9999 -9999 -9999 -9999 35.2871627807617 35.29833984375 35.2987976074219 35.3070335388184 35.3902702331543 35.4053268432617 35.4945793151855 35.6362609863281 35.8184089660645 35.939525604248 36.0969047546387 36.238582611084 36.3233413696289 36.4490661621094 36.5468978881836 36.6091346740723 36.712230682373 36.7908172607422 36.8358688354492 36.9069557189941 36.9505615234375 36.9750442504883 37.0080833435059 37.0232467651367 37.021354675293 37.027042388916 37.023754119873 37.0244026184082 37.0133094787598 37.0024261474609 36.9900856018066 36.9793548583984 36.9709167480469 36.9611053466797 36.9500350952148 36.936595916748 36.9269828796387 36.9136238098145 36.9008102416992 36.8937149047852 36.8845443725586 36.8746452331543 36.8688850402832 36.8624305725098 36.8545379638672 -9999 -9999 -9999 -9999 -9999 -9999 -9999 -9999 -9999 -9999
-9999 -9999 -9999 -9999 -9999 -9999 35.2827033996582 35.2901496887207 35.3259048461914 35.3387565612793 35.4149284362793 35.512020111084 35.5549430847168 35.7309761047363 35.8952445983887 35.9549789428711 36.1436309814453 36.2998352050781 36.3418807983398 36.4826927185059 36.5920486450195 36.6241455078125 36.7298240661621 36.8118743896484 36.8358612060547 36.9021148681641 36.9519348144531 36.9706268310547 36.9990463256836 37.0171928405762 37.0138854980469 37.0139694213867 37.0125045776367 37.0062828063965 36.9932022094727 36.9834480285645 36.9785652160645 36.9624061584473 36.9507598876953 36.950496673584 36.9343414306641 36.922477722168 36.9168510437012 36.8979835510254 36.8873977661133 36.8763122558594 36.8625144958496 36.8539047241211 36.8512687683105 36.8400115966797 36.8332366943359 -9999 -9999 -9999 -9999 -9999 -9999 -9999 -9999 -9999 -9999
-9999 -9999 -9999 -9999 -9999 35.2013511657715 35.2129211425781 35.2915267944336 35.3296279907227 35.3437271118164 35.4209976196289 35.5110893249512 35.5946159362793 35.778434753418 35.9476585388184 36.0677108764648 36.2427406311035 36.3513641357422 36.4387092590332 36.555793762207 36.6249809265137 36.6930885314941 36.7778205871582 36.8327674865723 36.8820838928223 36.9322547912598 36.9613952636719 36.9869422912598 37.0020446777344 37.0082550048828 37.0142593383789 37.008243560791 37.003059387207 36.9981346130371 36.9851951599121 36.9756011962891 36.9670829772949 36.9520874023438 36.9402465820312 36.9310150146484 36.9145393371582 36.9043121337891 36.8925704956055 36.8797416687012 36.8719711303711 36.8627700805664 36.8509750366211 36.8437309265137 36.8383102416992 36.8287391662598 36.822509765625 -9999 -9999 -9999 -9999 -9999 -9999 -9999 -9999 -9999 -9999
-9999 -9999 -9999 35.1388626098633 35.1847686767578 35.193489074707 35.2076454162598 35.2902069091797 35.3180465698242 35.3799934387207 35.4360160827637 35.5361595153809 35.6458358764648 35.8040885925293 35.9944534301758 36.1170196533203 36.2686424255371 36.4037322998047 36.4753837585449 36.5750389099121 36.6681861877441 36.7127647399902 36.7902603149414 36.8616905212402 36.889720916748 36.9371795654297 36.9748229980469 36.9849853515625 37.0017585754395 37.0112915039062 37.0089683532715 37.0054092407227 36.9981269836426 36.9901008605957 36.9811897277832 36.9671821594238 36.9581451416016 36.9464874267578 36.9313087463379 36.921516418457 36.9064674377441 36.8926696777344 36.8823127746582 36.872673034668 36.8618240356445 36.8527297973633 36.8446235656738 36.8336944580078 36.8293571472168 36.8222541809082 -9999 -9999 -9999 -9999 -9999 -9999 -9999 -9999 -9999 -9999 -9999
-9999 -9999 34.9032135009766 35.1024780273438 35.1707496643066 35.191780090332 35.2131996154785 35.2808418273926 35.3687324523926 35.3986778259277 35.5390472412109 35.6658134460449 35.7179908752441 35.9181060791016 36.0931434631348 36.152961730957 36.3420104980469 36.4828948974609 36.5194473266602 36.6422500610352 36.7271041870117 36.7513961791992 36.831729888916 36.8872909545898 36.903507232666 36.9493446350098 36.9775085449219 36.9826850891113 36.9977798461914 37.0038108825684 37.0028381347656 36.995677947998 36.9862022399902 36.9810256958008 36.964900970459 36.9540061950684 36.9483642578125 36.9311637878418 36.9179267883301 36.9073143005371 36.8878707885742 36.8747062683105 36.8702011108398 36.8548812866211 36.846305847168 36.843189239502 36.829891204834 36.8206405639648 36.8174476623535 36.8060722351074 -9999 -9999 -9999 -9999 -9999 -9999 -9999 -9999 -9999 -9999 -9999
-9999 34.843376159668 34.889820098877 34.9190368652344 35.1124496459961 35.1779403686523 35.1996765136719 35.3146743774414 35.3996543884277 35.4521560668945 35.5727958679199 35.692008972168 35.7920227050781 35.9917259216309 36.1677169799805 36.2905960083008 36.4485664367676 36.5514106750488 36.6286392211914 36.7127647399902 36.7688980102539 36.8218116760254 36.8702239990234 36.9056549072266 36.9431610107422 36.9668884277344 36.9820823669434 36.9963417053223 37.0006103515625 37.0038146972656 37.0029411315918 36.9906272888184 36.9785194396973 36.968864440918 36.955997467041 36.9452934265137 36.9357490539551 36.920108795166 36.906379699707 36.8925666809082 36.8742218017578 36.8589401245117 36.8503761291504 36.8418960571289 36.8353233337402 36.828987121582 36.8140029907227 36.8070678710938 36.8032722473145 36.7938385009766 -9999 -9999 -9999 -9999 -9999 -9999 -9999 -9999 -9999 -9999 -9999
34.6221046447754 34.799388885498 34.8691024780273 34.9068450927734 35.1081314086914 35.1462326049805 35.2273178100586 35.3277053833008 35.4214973449707 35.5064544677734 35.5975799560547 35.7345123291016 35.8515663146973 36.0223503112793 36.2283325195312 36.33984375 36.4762496948242 36.6073684692383 36.6627578735352 36.7319602966309 36.8100814819336 36.8384475708008 36.8804016113281 36.930362701416 36.9399528503418 36.963623046875 36.984920501709 36.9910469055176 36.9984664916992 37.0021476745605 36.997989654541 36.9868125915527 36.9700546264648 36.9603500366211 36.9506034851074 36.9366493225098 36.9229583740234 36.9113540649414 36.8946495056152 36.8849792480469 36.8698348999023 36.850170135498 36.8413467407227 36.8350257873535 36.8275604248047 36.8131065368652 36.8040733337402 36.7938079833984 36.7859916687012 -9999 -9999 -9999 -9999 -9999 -9999 -9999 -9999 -9999 -9999 -9999 -9999
34.4872970581055 34.7169456481934 34.8182334899902 34.882682800293 34.9932975769043 35.2064895629883 35.2445068359375 35.3899383544922 35.5076217651367 35.552318572998 35.7267074584961 35.876522064209 35.9344863891602 36.140453338623 36.3154335021973 36.3723030090332 36.5421142578125 36.6648979187012 36.6942863464355 36.7862930297852 36.847900390625 36.8633880615234 36.91064453125 36.9421615600586 36.946174621582 36.9649124145508 36.9767303466797 36.9829330444336 36.9843597412109 36.9834213256836 36.9807662963867 36.9662704467773 36.9542236328125 36.9485702514648 36.9327125549316 36.9218330383301 36.9127464294434 36.8947105407715 36.8803291320801 36.8740310668945 36.8550033569336 36.8412895202637 36.8364753723145 36.8203163146973 36.8094863891602 36.8019561767578 36.7865867614746 36.7786331176758 36.7740859985352 -9999 -9999 -9999 -9999 -9999 -9999 -9999 -9999 -9999 -9999 -9999 -9999
34.1031150817871 34.5459899902344 34.8243064880371 34.8912467956543 35.1230545043945 35.2415542602539 35.3145065307617 35.4389572143555 35.5525207519531 35.6273002624512 35.7670211791992 35.9172897338867 36.0323028564453 36.2183113098145 36.3806648254395 36.4984130859375 36.6248588562012 36.706916809082 36.770881652832 36.8301849365234 36.8693161010742 36.9037437438965 36.9305610656738 36.9489212036133 36.9628028869629 36.968677520752 36.9720458984375 36.9768486022949 36.9756164550781 36.9712562561035 36.9649200439453 36.9548034667969 36.9446411132812 36.9358253479004 36.9228820800781 36.9125595092773 36.8998832702637 36.8832588195801 36.8687019348145 36.8588829040527 36.8437881469727 36.8331298828125 36.8228187561035 36.8080902099609 36.7969856262207 36.7878646850586 36.7764625549316 36.7678375244141 -9999 -9999 -9999 -9999 -9999 -9999 -9999 -9999 -9999 -9999 -9999 -9999 -9999
34.093563079834 34.5347480773926 34.7398910522461 34.9187812805176 35.1376152038574 35.2648887634277 35.3546447753906 35.4591369628906 35.5861587524414 35.6843681335449 35.7942504882812 35.9601516723633 36.0767135620117 36.2400970458984 36.4372100830078 36.5285034179688 36.642333984375 36.7458267211914 36.786678314209 36.8390731811523 36.8906593322754 36.9089698791504 36.9336128234863 36.9571571350098 36.9575653076172 36.9664535522461 36.9708595275879 36.968433380127 36.9698257446289 36.9606628417969 36.9548301696777 36.9482345581055 36.9356422424316 36.9273223876953 36.9181251525879 36.9040489196777 36.8871726989746 36.8754692077637 36.8600959777832 36.8498764038086 36.8392677307129 36.8252487182617 36.8131790161133 36.8033180236816 36.7880401611328 36.7795562744141 36.7711601257324 36.7596702575684 -9999 -9999 -9999 -9999 -9999 -9999 -9999 -9999 -9999 -9999 -9999 -9999 -9999
34.2120170593262 34.4228210449219 34.7618942260742 34.8545341491699 35.1312713623047 35.3267555236816 35.3714981079102 35.5392570495605 35.6772537231445 35.7243919372559 35.909740447998 36.0782089233398 36.1354827880859 36.3243026733398 36.4891700744629 36.5352325439453 36.6754341125488 36.7745361328125 36.7957077026367 36.858642578125 36.9033279418945 36.9119110107422 36.9370079040527 36.9550704956055 36.9533729553223 36.9577789306641 36.959114074707 36.9577445983887 36.9457550048828 36.9401397705078 36.9360847473145 36.923023223877 36.9204292297363 36.914867401123 36.8987503051758 36.8849945068359 36.8757095336914 36.8575592041016 36.8443832397461 36.8387413024902 36.8143501281738 36.8027381896973 36.7941627502441 36.7772178649902 36.7724647521973 36.7671051025391 36.7529067993164 36.7435302734375 -9999 -9999 -9999 -9999 -9999 -9999 -9999 -9999 -9999 -9999 -9999 -9999 -9999
34.2382850646973 34.591194152832 34.8388557434082 35.0397682189941 35.2394523620605 35.3522071838379 35.4439849853516 35.5827293395996 35.7038230895996 35.7954254150391 35.9580688476562 36.111499786377 36.2279205322266 36.3971252441406 36.5323333740234 36.630687713623 36.7293548583984 36.7941741943359 36.8407783508301 36.8832664489746 36.9103851318359 36.9250450134277 36.9381866455078 36.9455032348633 36.9547462463379 36.9542694091797 36.9441223144531 36.9459037780762 36.9376220703125 36.9293899536133 36.9232864379883 36.9115257263184 36.9015922546387 36.8931846618652 36.8795623779297 36.8689308166504 36.8571090698242 36.8397827148438 36.8227500915527 36.8166313171387 36.8002014160156 36.7889251708984 36.7782211303711 36.7634582519531 36.7555847167969 36.7448120117188 36.7351303100586 36.7266502380371 -9999 -9999 -9999 -9999 -9999 -9999 -9999 -9999 -9999 -9999 -9999 -9999 -9999
34.2872886657715 34.6343154907227 34.9429626464844 35.0763931274414 35.2592658996582 35.3908996582031 35.4794845581055 35.5998229980469 35.736946105957 35.8385848999023 35.9780235290527 36.1505966186523 36.2585334777832 36.4139404296875 36.5752182006836 36.6467323303223 36.738941192627 36.8120346069336 36.8372917175293 36.876953125 36.9080085754395 36.9216842651367 36.933967590332 36.9431610107422 36.9390754699707 36.940486907959 36.9423065185547 36.9339141845703 36.9284706115723 36.9174118041992 36.907169342041 36.8990669250488 36.8860092163086 36.8780479431152 36.8625411987305 36.8482284545898 36.8383445739746 36.8266143798828 36.8125610351562 36.7964134216309 36.7838096618652 36.7686653137207 36.760986328125 36.7497100830078 36.7375373840332 36.7311553955078 36.7209053039551 -9999 -9999 -9999 -9999 -9999 -9999 -9999 -9999 -9999 -9999 -9999 -9999 -9999 -9999
