G_variables/Set1/4.5/SSSmean.asc
NCOLS 581 
NROWS 855 
XLLCORNER -74.9166666666667 
YLLCORNER -55.8333333333333 
CELLSIZE 0.0833333333333333 
NODATA_value -9999 
[rows 189 to 215 of 855, columns 427 to 487 of 581]
36.2276153564453 36.2269477844238 36.227237701416 36.2264251708984 36.2261962890625 36.226619720459 36.2261581420898 36.2266387939453 36.2275161743164 36.2273406982422 36.2279815673828 36.229663848877 36.2291374206543 36.2292404174805 36.2307281494141 36.2295951843262 36.2293968200684 36.2308883666992 36.22900390625 36.2284812927246 -9999 -9999 -9999 -9999 -9999 -9999 -9999 -9999 -9999 -9999 -9999 -9999 -9999 -9999 -9999 -9999 -9999 -9999 -9999 -9999 -9999 -9999 -9999 -9999 -9999 -9999 -9999 -9999 -9999 -9999 -9999 -9999 -9999 -9999 -9999 -9999 -9999 -9999 -9999 -9999 -9999
36.2275619506836 36.2267265319824 36.2255859375 36.2259941101074 36.2259368896484 36.2254371643066 36.2265090942383 36.2268524169922 36.2268753051758 36.2283020019531 36.2290382385254 36.2294616699219 36.2311019897461 36.2310791015625 36.2316589355469 36.2331657409668 36.2326354980469 36.2316932678223 36.2314300537109 36.2306022644043 36.2304344177246 36.2305717468262 -9999 -9999 -9999 -9999 -9999 -9999 -9999 -9999 -9999 -9999 -9999 -9999 -9999 -9999 -9999 -9999 -9999 -9999 -9999 -9999 -9999 -9999 -9999 -9999 -9999 -9999 -9999 -9999 -9999 -9999 -9999 -9999 -9999 -9999 -9999 -9999 -9999 -9999 -9999
36.228084564209 36.2270011901855 36.2257919311523 36.2261810302734 36.2261695861816 36.2255973815918 36.2272300720215 36.2282066345215 36.2278022766113 36.2295608520508 36.2303085327148 36.2300643920898 36.2320442199707 36.2335586547852 36.2327995300293 36.234790802002 36.2349662780762 36.2330322265625 36.2338676452637 36.2333755493164 36.2321815490723 36.2332992553711 36.2329177856445 36.231388092041 -9999 -9999 -9999 -9999 -9999 -9999 -9999 -9999 -9999 -9999 -9999 -9999 -9999 -9999 -9999 -9999 -9999 -9999 -9999 -9999 -9999 -9999 -9999 -9999 -9999 -9999 -9999 -9999 -9999 -9999 -9999 -9999 -9999 -9999 -9999 -9999 -9999
36.2274513244629 36.2267227172852 36.2246551513672 36.2265663146973 36.2265167236328 36.2251129150391 36.227710723877 36.2284851074219 36.2277526855469 36.2301979064941 36.2307434082031 36.2305526733398 36.2331581115723 36.2346572875977 36.2345924377441 36.2360916137695 36.2362365722656 36.2355422973633 36.2361717224121 36.235424041748 36.2352333068848 36.2356910705566 36.2348747253418 36.2350540161133 36.2351531982422 -9999 -9999 -9999 -9999 -9999 -9999 -9999 -9999 -9999 -9999 -9999 -9999 -9999 -9999 -9999 -9999 -9999 -9999 -9999 -9999 -9999 -9999 -9999 -9999 -9999 -9999 -9999 -9999 -9999 -9999 -9999 -9999 -9999 -9999 -9999 -9999
36.2244300842285 36.2234306335449 36.2228088378906 36.2236137390137 36.2237091064453 36.2231292724609 36.2245216369629 36.2254333496094 36.2257080078125 36.2281112670898 36.2291870117188 36.2298164367676 36.2325553894043 36.233039855957 36.2337303161621 36.235668182373 36.2360305786133 36.2352905273438 36.2357139587402 36.235237121582 36.234806060791 36.2360992431641 36.2357215881348 36.2353248596191 36.2357177734375 36.2352294921875 36.2344512939453 -9999 -9999 -9999 -9999 -9999 -9999 -9999 -9999 -9999 -9999 -9999 -9999 -9999 -9999 -9999 -9999 -9999 -9999 -9999 -9999 -9999 -9999 -9999 -9999 -9999 -9999 -9999 -9999 -9999 -9999 -9999 -9999 -9999 -9999
36.2219886779785 36.2213745117188 36.2216796875 36.2219657897949 36.2222366333008 36.222240447998 36.2229995727539 36.2241668701172 36.2248382568359 36.2265853881836 36.227897644043 36.2287063598633 36.2302894592285 36.2318153381348 36.2330932617188 36.2351112365723 36.2357521057129 36.235279083252 36.2355499267578 36.2352867126465 36.234733581543 36.2358703613281 36.2358283996582 36.2352485656738 36.2356719970703 36.2353286743164 36.2343673706055 36.23486328125 36.2348098754883 -9999 -9999 -9999 -9999 -9999 -9999 -9999 -9999 -9999 -9999 -9999 -9999 -9999 -9999 -9999 -9999 -9999 -9999 -9999 -9999 -9999 -9999 -9999 -9999 -9999 -9999 -9999 -9999 -9999 -9999 -9999 -9999
36.2182159423828 36.2177619934082 36.214241027832 36.216667175293 36.2167472839355 36.2147827148438 36.2192649841309 36.2200775146484 36.2187118530273 36.2229843139648 36.2241096496582 36.2232818603516 36.2284774780273 36.229793548584 36.2292823791504 36.2333526611328 36.2335472106934 36.2311058044434 36.2336463928223 36.233039855957 36.2317695617676 36.2345199584961 36.2338600158691 36.2327270507812 36.2348670959473 36.2347717285156 36.2329788208008 36.2346801757812 36.2344512939453 36.2334861755371 36.234561920166 -9999 -9999 -9999 -9999 -9999 -9999 -9999 -9999 -9999 -9999 -9999 -9999 -9999 -9999 -9999 -9999 -9999 -9999 -9999 -9999 -9999 -9999 -9999 -9999 -9999 -9999 -9999 -9999 -9999 -9999
36.2138442993164 36.2134552001953 36.211986541748 36.2129058837891 36.2131156921387 36.2127990722656 36.2151794433594 36.2160797119141 36.2167472839355 36.2194709777832 36.220817565918 36.2213401794434 36.2240333557129 36.2261047363281 36.2275848388672 36.2308464050293 36.2309074401855 36.2296447753906 36.2303009033203 36.2298927307129 36.2304840087891 36.2326049804688 36.2323760986328 36.2316780090332 36.2324485778809 36.2326583862305 36.231861114502 36.2334861755371 36.233642578125 36.2327766418457 36.2331275939941 36.2331809997559 -9999 -9999 -9999 -9999 -9999 -9999 -9999 -9999 -9999 -9999 -9999 -9999 -9999 -9999 -9999 -9999 -9999 -9999 -9999 -9999 -9999 -9999 -9999 -9999 -9999 -9999 -9999 -9999 -9999
36.2117881774902 36.2107810974121 36.2106437683105 36.2102584838867 36.21044921875 36.2114601135254 36.2126731872559 36.2143363952637 36.2160377502441 36.2174758911133 36.2188339233398 36.2205200195312 36.2219009399414 36.2241096496582 36.2264747619629 36.2281875610352 36.2287483215332 36.2287864685059 36.2286987304688 36.2288475036621 36.2301864624023 36.2312965393066 36.2315864562988 36.2316741943359 36.2318115234375 36.231258392334 36.2314987182617 36.2324867248535 36.2329559326172 36.2329864501953 36.2324028015137 36.2329177856445 36.2325325012207 -9999 -9999 -9999 -9999 -9999 -9999 -9999 -9999 -9999 -9999 -9999 -9999 -9999 -9999 -9999 -9999 -9999 -9999 -9999 -9999 -9999 -9999 -9999 -9999 -9999 -9999 -9999 -9999
36.2056350708008 36.2043533325195 36.2024345397949 36.2040672302246 36.2040824890137 36.202075958252 36.2061920166016 36.207706451416 36.2068672180176 36.211353302002 36.2124633789062 36.211597442627 36.2173080444336 36.2187690734863 36.218147277832 36.2225914001465 36.2235450744629 36.2213478088379 36.2247047424316 36.2243385314941 36.2220039367676 36.2259521484375 36.2258834838867 36.2243423461914 36.2275581359863 36.2269744873047 36.2255363464355 36.2290954589844 36.2289237976074 36.2272605895996 36.2301139831543 36.2302627563477 36.2281799316406 36.2305068969727 36.2306938171387 -9999 -9999 -9999 -9999 -9999 -9999 -9999 -9999 -9999 -9999 -9999 -9999 -9999 -9999 -9999 -9999 -9999 -9999 -9999 -9999 -9999 -9999 -9999 -9999 -9999 -9999
36.2018623352051 36.2012481689453 36.2009239196777 36.1996917724609 36.1999473571777 36.2007293701172 36.2023239135742 36.2034759521484 36.2051467895508 36.2078628540039 36.2092819213867 36.2096405029297 36.2110595703125 36.2132530212402 36.2159843444824 36.2196044921875 36.2202186584473 36.2196960449219 36.2198944091797 36.2199783325195 36.2207641601562 36.2234001159668 36.2235374450684 36.2228965759277 36.2232284545898 36.2233009338379 36.2238883972168 36.2257118225098 36.2262878417969 36.2261581420898 36.2274208068848 36.2281723022461 36.228157043457 36.2300148010254 36.2296943664551 36.228816986084 -9999 -9999 -9999 -9999 -9999 -9999 -9999 -9999 -9999 -9999 -9999 -9999 -9999 -9999 -9999 -9999 -9999 -9999 -9999 -9999 -9999 -9999 -9999 36.1940536499023 36.1923065185547
36.1984100341797 36.1971549987793 36.1966438293457 36.1951866149902 36.1947288513184 36.1962089538574 36.1972160339355 36.1983833312988 36.2010879516602 36.2024345397949 36.2043914794922 36.2061958312988 36.2076683044434 36.2094497680664 36.2129783630371 36.2150268554688 36.2157096862793 36.2154922485352 36.2146034240723 36.214771270752 36.217414855957 36.2185859680176 36.218879699707 36.2195625305176 36.219181060791 36.2194786071777 36.2211952209473 36.2228240966797 36.2231864929199 36.223949432373 36.2238998413086 36.2245407104492 36.2254791259766 36.2262077331543 36.2265090942383 36.226375579834 36.2261848449707 -9999 -9999 -9999 -9999 -9999 -9999 -9999 -9999 -9999 -9999 -9999 -9999 -9999 -9999 -9999 -9999 -9999 -9999 -9999 -9999 -9999 36.1946754455566 36.192253112793 36.1903114318848
36.1964378356934 36.1951103210449 36.1937217712402 36.1921272277832 36.1920700073242 36.1910858154297 36.1942977905273 36.1959457397461 36.1967163085938 36.1994514465332 36.2003059387207 36.2001037597656 36.2038993835449 36.2057685852051 36.2061309814453 36.2094917297363 36.2096214294434 36.2088203430176 36.211856842041 36.2115707397461 36.2105445861816 36.2144355773926 36.2144393920898 36.2131385803223 36.2164459228516 36.2158317565918 36.2140922546387 36.2185859680176 36.2188720703125 36.2176361083984 36.221061706543 36.221736907959 36.2200241088867 36.2235679626465 36.2239646911621 36.2221298217773 36.2248725891113 36.2246475219727 -9999 -9999 -9999 -9999 -9999 -9999 -9999 -9999 -9999 -9999 -9999 -9999 -9999 -9999 -9999 -9999 -9999 -9999 -9999 36.1965942382812 36.1955871582031 36.1920318603516 36.1912689208984
36.1954917907715 36.194149017334 36.1927490234375 36.1898574829102 36.1897201538086 36.1897125244141 36.190559387207 36.1924629211426 36.1952056884766 36.1973152160645 36.1979827880859 36.1981086730957 36.1982269287109 36.2003555297852 36.2041549682617 36.2076263427734 36.2079582214355 36.2069091796875 36.2062530517578 36.2063331604004 36.2086219787598 36.2113990783691 36.2118148803711 36.2111740112305 36.2111015319824 36.210693359375 36.2120361328125 36.2147445678711 36.2158699035645 36.2158317565918 36.2166175842285 36.2174911499023 36.2182693481445 36.2202491760254 36.2208557128906 36.2205924987793 36.2214164733887 36.2212295532227 36.2211799621582 -9999 -9999 -9999 -9999 -9999 -9999 -9999 -9999 -9999 -9999 -9999 -9999 -9999 -9999 -9999 -9999 -9999 36.1963844299316 36.1951026916504 36.1934776306152 36.1914482116699 36.1900062561035
36.1945152282715 36.1922340393066 36.1916160583496 36.1880035400391 36.1863059997559 36.1878356933594 36.1878280639648 36.1885223388672 36.1919631958008 36.1934623718262 36.1945457458496 36.1959266662598 36.1959342956543 36.1975631713867 36.2012672424316 36.2031021118164 36.2043914794922 36.2043266296387 36.2027282714844 36.2024765014648 36.205192565918 36.2066993713379 36.207103729248 36.2079429626465 36.206916809082 36.2070045471191 36.2096519470215 36.2113952636719 36.2121887207031 36.213695526123 36.2140426635742 36.2148056030273 36.2167358398438 36.2163772583008 36.2171173095703 36.2180290222168 36.2176704406738 36.2182922363281 36.2194328308105 36.2199172973633 -9999 -9999 -9999 -9999 -9999 -9999 -9999 -9999 -9999 -9999 -9999 -9999 -9999 -9999 36.2006301879883 36.1995315551758 36.197582244873 36.1956367492676 36.1935234069824 36.1919593811035 36.189640045166
36.1949462890625 36.1939888000488 36.1957588195801 36.1887550354004 36.1880760192871 36.1883354187012 36.1878967285156 36.1880645751953 36.1907272338867 36.1908569335938 36.1918983459473 36.1928405761719 36.1939086914062 36.1952018737793 36.1965827941895 36.1982841491699 36.1986045837402 36.1995010375977 36.2009544372559 36.2002716064453 36.199161529541 36.2023429870605 36.2021980285645 36.201587677002 36.2041091918945 36.203929901123 36.2026596069336 36.2075500488281 36.2079200744629 36.2073211669922 36.2106437683105 36.210334777832 36.2086906433105 36.2123184204102 36.2127456665039 36.2111930847168 36.2143135070801 36.2148017883301 36.2126121520996 36.2155265808105 36.2159385681152 -9999 -9999 -9999 -9999 -9999 -9999 -9999 -9999 -9999 -9999 -9999 -9999 -9999 36.1991539001465 36.1980400085449 36.1943016052246 36.1938896179199 36.1921882629395 36.1887702941895 36.1884269714355
36.1993637084961 36.1970367431641 36.1947326660156 36.1879501342773 36.1868934631348 36.1854553222656 36.1843299865723 36.1861457824707 36.1893997192383 36.1908912658691 36.1915054321289 36.1905403137207 36.1896476745605 36.1914215087891 36.1947326660156 36.1971054077148 36.1974754333496 36.1957321166992 36.1939849853516 36.1937942504883 36.1961059570312 36.1985893249512 36.1987495422363 36.1982421875 36.1981925964355 36.1980857849121 36.1995620727539 36.2041854858398 36.2049751281738 36.2045097351074 36.2049102783203 36.2053565979004 36.2060699462891 36.2079772949219 36.2092361450195 36.2090759277344 36.2098770141602 36.2102508544922 36.2103805541992 36.2115058898926 36.2119064331055 36.2111129760742 -9999 -9999 -9999 -9999 -9999 -9999 -9999 -9999 -9999 -9999 -9999 36.1992645263672 36.1983451843262 36.196964263916 36.1944007873535 36.1927909851074 36.1926193237305 36.1898002624512 36.188549041748
36.2034072875977 36.199348449707 36.195858001709 36.1916427612305 36.1883583068848 36.1865768432617 36.1861114501953 36.1871070861816 36.1898803710938 36.1913261413574 36.1907386779785 36.1901321411133 36.188304901123 36.1899108886719 36.1936225891113 36.1959342956543 36.1957511901855 36.1948280334473 36.1926956176758 36.1920509338379 36.1952705383301 36.1967887878418 36.1965980529785 36.1970405578613 36.1960334777832 36.1957321166992 36.1983833312988 36.2022094726562 36.2027587890625 36.2031936645508 36.2022514343262 36.202709197998 36.2049827575684 36.2057342529297 36.2065353393555 36.207576751709 36.2071266174316 36.206615447998 36.2080879211426 36.2090034484863 36.209300994873 36.2095603942871 36.2079238891602 36.2073631286621 36.207275390625 -9999 -9999 -9999 -9999 -9999 -9999 -9999 36.2005195617676 36.1990356445312 36.1969337463379 36.1954498291016 36.193302154541 36.1916046142578 36.1915702819824 36.1896553039551 36.1878662109375
36.2085380554199 36.2067985534668 36.2089004516602 36.1954650878906 36.1939468383789 36.1946449279785 36.190071105957 36.1908683776855 36.1944885253906 36.1909828186035 36.1902809143066 36.1921844482422 36.1902885437012 36.1910400390625 36.1933059692383 36.192985534668 36.1928062438965 36.1933174133301 36.1927223205566 36.192008972168 36.1919898986816 36.1933784484863 36.1927680969238 36.1926002502441 36.1940422058105 36.1939659118652 36.1935577392578 36.1988334655762 36.1986885070801 36.197582244873 36.1995506286621 36.2001800537109 36.1988830566406 36.2017555236816 36.2023696899414 36.1999053955078 36.2026824951172 36.2031059265137 36.2016372680664 36.2052230834961 36.205493927002 36.2032203674316 36.2047004699707 36.2041854858398 36.2011108398438 36.2029495239258 36.2023086547852 36.2000503540039 36.2014427185059 36.2002563476562 36.198299407959 36.2009124755859 36.2000160217285 36.1949653625488 36.1949310302734 36.1933250427246 36.1892013549805 36.1895561218262 36.1894569396973 36.1858100891113 36.1862602233887
36.2182235717773 36.2155227661133 36.2119026184082 36.2016067504883 36.1986694335938 36.196216583252 36.191478729248 36.1909942626953 36.1935234069824 36.1933517456055 36.1938400268555 36.1920013427734 36.1887321472168 36.1897888183594 36.1919364929199 36.1929931640625 36.1935691833496 36.1918525695801 36.1891860961914 36.1876564025879 36.1884994506836 36.189697265625 36.1899871826172 36.1896667480469 36.1891632080078 36.1890869140625 36.1907653808594 36.19287109375 36.1946220397949 36.1941795349121 36.1946105957031 36.1950645446777 36.195484161377 36.1966209411621 36.1971588134766 36.1972312927246 36.1982574462891 36.1989135742188 36.1993446350098 36.2009811401367 36.200870513916 36.2008285522461 36.2007904052734 36.1996650695801 36.1987113952637 36.1992835998535 36.1982269287109 36.197582244873 36.1977272033691 36.1966171264648 36.195972442627 36.1960792541504 36.1958122253418 36.1928672790527 36.1921577453613 36.1924057006836 36.1898536682129 36.1889419555664 36.1867713928223 36.1849632263184 36.1839790344238
36.2275543212891 36.2216644287109 36.2156524658203 36.2095489501953 36.2040977478027 36.1991157531738 36.196891784668 36.1940269470215 36.1953392028809 36.1963500976562 36.1950225830078 36.1923561096191 36.1895484924316 36.1892204284668 36.1916313171387 36.1936721801758 36.1927757263184 36.191764831543 36.1892013549805 36.1869010925293 36.1883010864258 36.1893272399902 36.1887664794922 36.1888694763184 36.1876602172852 36.1867904663086 36.1890525817871 36.1901359558105 36.1922760009766 36.192943572998 36.1923141479492 36.1927146911621 36.1943206787109 36.1945953369141 36.1951370239258 36.1962013244629 36.1957206726074 36.1962432861328 36.197509765625 36.1972160339355 36.1979293823242 36.1986389160156 36.1977424621582 36.1971092224121 36.1973304748535 36.1970558166504 36.1961631774902 36.1964263916016 36.1956748962402 36.1945571899414 36.1946029663086 36.1935386657715 36.1928443908691 36.1914710998535 36.1899299621582 36.1900596618652 36.1886329650879 36.1872215270996 36.185131072998 36.1843376159668 36.1828346252441
36.2380561828613 36.2346420288086 36.2353172302246 36.2152137756348 36.2131156921387 36.2134742736816 36.2018356323242 36.2022438049316 36.2053260803223 36.1971549987793 36.1970329284668 36.198112487793 36.1936302185059 36.1938285827637 36.1946907043457 36.1905212402344 36.1903076171875 36.190013885498 36.1872253417969 36.1864814758301 36.186767578125 36.1858825683594 36.1844062805176 36.1846122741699 36.184944152832 36.1846351623535 36.1845626831055 36.1862411499023 36.1888046264648 36.1886177062988 36.1894798278809 36.1894149780273 36.1888046264648 36.1902656555176 36.1897621154785 36.188907623291 36.1908111572266 36.1912498474121 36.1904335021973 36.1927299499512 36.193244934082 36.1913185119629 36.1930122375488 36.1930236816406 36.1908226013184 36.1921615600586 36.1911315917969 36.1890144348145 36.1907424926758 36.1899108886719 36.1875534057617 36.1894912719727 36.1888542175293 36.1864967346191 36.1877632141113 36.1868324279785 36.1832427978516 36.1837539672852 36.1844215393066 36.180606842041 36.1813659667969
36.2528114318848 36.2477188110352 36.2407073974609 36.2283592224121 36.2234001159668 36.218318939209 36.2101821899414 36.2095565795898 36.2081489562988 36.2036666870117 36.2023773193359 36.1994590759277 36.1943397521973 36.1948204040527 36.1952743530273 36.1933670043945 36.191951751709 36.1907844543457 36.1877517700195 36.1866149902344 36.1870994567871 36.1860733032227 36.1846199035645 36.1842384338379 36.1833457946777 36.1829986572266 36.1832962036133 36.1841125488281 36.1875076293945 36.1875991821289 36.1871910095215 36.1876907348633 36.186393737793 36.1865844726562 36.1876220703125 36.1876602172852 36.187931060791 36.1883850097656 36.1881065368652 36.1892395019531 36.1897430419922 36.1894187927246 36.1899032592773 36.1898612976074 36.1892395019531 36.1889457702637 36.1879539489746 36.1875648498535 36.1878852844238 36.1870460510254 36.1862030029297 36.1865043640137 36.1864318847656 36.1848258972168 36.1844940185547 36.1835746765137 36.1811599731445 36.1806640625 36.1815452575684 36.1799201965332 36.1793022155762
36.2676429748535 36.2592277526855 36.247875213623 36.2401695251465 36.2336883544922 36.225269317627 36.2213096618652 36.2155570983887 36.212516784668 36.2110023498535 36.2080039978027 36.2033348083496 36.1992988586426 36.1972312927246 36.197437286377 36.1975402832031 36.1950759887695 36.1928939819336 36.1906471252441 36.1872482299805 36.1877517700195 36.1873359680176 36.1857566833496 36.1851539611816 36.1837882995605 36.1820526123047 36.1830139160156 36.1830940246582 36.1863594055176 36.1856079101562 36.1848754882812 36.1847152709961 36.185718536377 36.1858291625977 36.1860198974609 36.1867713928223 36.186222076416 36.1863288879395 36.186824798584 36.186767578125 36.1867599487305 36.1879730224609 36.1877365112305 36.1871604919434 36.1868858337402 36.1861801147461 36.1857833862305 36.1863136291504 36.1857261657715 36.1846885681152 36.1847152709961 36.1840209960938 36.1839599609375 36.1834182739258 36.1819839477539 36.1826591491699 36.1821556091309 36.1809425354004 36.1786918640137 36.1785697937012 36.1774024963379
36.2793960571289 36.2754783630371 36.2747840881348 36.2511100769043 36.2477760314941 36.2479400634766 36.2292213439941 36.2264785766602 36.2280693054199 36.2131271362305 36.2123603820801 36.2130584716797 36.203067779541 36.2026252746582 36.2041282653809 36.1965179443359 36.1962547302246 36.1966781616211 36.190990447998 36.1880378723145 36.1878623962402 36.184440612793 36.1836891174316 36.1840171813965 36.1818351745605 36.1808853149414 36.1813125610352 36.1811447143555 36.1829528808594 36.1832466125488 36.1829414367676 36.1831398010254 36.1829452514648 36.182861328125 36.1829414367676 36.1823120117188 36.1828308105469 36.1825904846191 36.1818771362305 36.1831512451172 36.1830635070801 36.1821060180664 36.1832733154297 36.1823120117188 36.1805839538574 36.1819190979004 36.1814041137695 36.1795997619629 36.1807250976562 36.1794166564941 36.177360534668 36.1785621643066 36.1791152954102 36.1765060424805 36.1775856018066 36.1785430908203 36.1761474609375 36.1768455505371 36.1754989624023 36.1735458374023 36.1743927001953
36.2995834350586 36.2916069030762 36.2838287353516 36.2692985534668 36.2631301879883 36.2563018798828 36.2439231872559 36.2406044006348 36.2354583740234 36.2253189086914 36.2212753295898 36.2176322937012 36.2100868225098 36.2085342407227 36.2079963684082 36.2020988464355 36.2018852233887 36.1987037658691 36.1937789916992 36.1921157836914 36.1911277770996 36.1884765625 36.1859931945801 36.1850280761719 36.1824798583984 36.1818161010742 36.1812629699707 36.1798820495605 36.1831893920898 36.1830024719238 36.1829490661621 36.1833038330078 36.1830291748047 36.1821060180664 36.1820449829102 36.1816864013672 36.18115234375 36.180908203125 36.1805305480957 36.1797637939453 36.1798820495605 36.1796722412109 36.179744720459 36.1794662475586 36.1792411804199 36.1790733337402 36.1779708862305 36.1776084899902 36.1773414611816 36.1764945983887 36.175594329834 36.1752738952637 36.1751556396484 36.1753120422363 36.1755142211914 36.1746978759766 36.1736793518066 36.1734809875488 36.1740341186523 36.1737976074219 36.1740760803223
36.3073043823242 36.3014907836914 36.2871894836426 36.2791557312012 36.2712516784668 36.2593383789062 36.2519035339355 36.2454948425293 36.2366943359375 36.2306289672852 36.2249603271484 36.219181060791 36.2158126831055 36.2116661071777 36.208610534668 36.2056198120117 36.2010231018066 36.1971054077148 36.1939430236816 36.1908760070801 36.1902503967285 36.1887016296387 36.1846237182617 36.1832046508789 36.1822242736816 36.1798820495605 36.1793746948242 36.1789779663086 36.1820526123047 36.1827049255371 36.1823348999023 36.1816291809082 36.1815452575684 36.1807250976562 36.1802406311035 36.1804885864258 36.1788940429688 36.1784782409668 36.1782646179199 36.1773681640625 36.1766357421875 36.1776504516602 36.1770248413086 36.1768531799316 36.1768608093262 36.1753692626953 36.1741485595703 36.1745834350586 36.1736183166504 36.1728668212891 36.1725959777832 36.1705589294434 36.1709671020508 36.1726417541504 36.172061920166 36.1722145080566 36.1722793579102 36.1712074279785 36.1719627380371 36.1720161437988 36.1714134216309
