G_variables/Set1/4.5/SSSran.asc
NCOLS 581 
NROWS 855 
XLLCORNER -74.9166666666667 
YLLCORNER -55.8333333333333 
CELLSIZE 0.0833333333333333 
NODATA_value -9999 
[rows 567 to 593 of 855, columns 244 to 304 of 581]
-9999 -9999 -9999 -9999 -9999 -9999 -9999 -9999 -9999 -9999 -9999 -9999 -9999 -9999 -9999 -9999 -9999 -9999 -9999 -9999 -9999 -9999 -9999 -9999 -9999 -9999 -9999 9.1485710144043 9.47949886322021 9.38720512390137 -9999 9.39438343048096 9.43740558624268 9.47751712799072 9.29954624176025 9.20516586303711 9.04373836517334 8.923583984375 8.57367324829102 8.06765365600586 7.88858413696289 7.25195455551147 6.86411571502686 6.73681163787842 6.33306646347046 6.0988621711731 6.0327844619751 5.80236959457397 5.78286981582642 5.76929807662964 5.55310821533203 5.42286777496338 5.35184001922607 4.82254838943481 4.3880615234375 4.19246482849121 3.5088198184967 2.95139193534851 2.80539083480835 2.31104707717896 1.92098414897919
-9999 -9999 -9999 -9999 -9999 -9999 -9999 -9999 -9999 -9999 -9999 -9999 -9999 -9999 -9999 -9999 -9999 -9999 -9999 -9999 -9999 -9999 -9999 -9999 -9999 -9999 -9999 -9999 9.17230892181396 9.21088123321533 9.41913318634033 9.40427207946777 9.48729610443115 9.68864154815674 9.63113498687744 9.08028411865234 8.85653400421143 8.73712253570557 8.1967306137085 7.7886700630188 7.42206048965454 6.92413520812988 6.52011680603027 6.26810836791992 6.05166006088257 5.8713960647583 5.72136545181274 5.63456726074219 5.54684543609619 5.51242113113403 5.52002763748169 5.40197086334229 5.23406028747559 4.81555557250977 4.26083135604858 3.8660843372345 3.26305484771729 2.74847769737244 2.42446804046631 2.02050352096558 1.75877320766449
-9999 -9999 -9999 -9999 -9999 -9999 -9999 -9999 -9999 -9999 -9999 -9999 -9999 -9999 -9999 -9999 -9999 -9999 -9999 -9999 -9999 -9999 -9999 -9999 -9999 -9999 -9999 -9999 8.97644519805908 9.21026134490967 9.25466442108154 9.13941860198975 9.41951465606689 9.60443210601807 9.53436470031738 8.96591567993164 8.75567054748535 8.49481964111328 8.05583667755127 7.4808464050293 7.2236795425415 6.82312059402466 6.31913805007935 6.15271854400635 5.97975540161133 5.70484972000122 5.61461544036865 5.58374834060669 5.4534912109375 5.41692161560059 5.49068737030029 5.31880903244019 5.09450531005859 4.74580144882202 4.12417507171631 3.71199321746826 3.1877064704895 2.60439229011536 2.3392436504364 1.97279155254364 1.63530671596527
-9999 -9999 -9999 -9999 -9999 -9999 -9999 -9999 -9999 -9999 -9999 -9999 -9999 -9999 -9999 -9999 -9999 -9999 -9999 -9999 -9999 -9999 -9999 -9999 -9999 -9999 -9999 -9999 -9999 9.03418254852295 9.09537792205811 9.11557006835938 8.9607629776001 8.90301895141602 8.81498622894287 8.61095714569092 8.21107006072998 8.06801414489746 7.47687292098999 7.10252380371094 6.96320915222168 6.50261211395264 6.17617464065552 6.0824499130249 5.77950382232666 5.61149311065674 5.56698989868164 5.42882537841797 5.35817432403564 5.35745906829834 5.14525747299194 4.94300317764282 4.83105850219727 4.32274532318115 3.82379674911499 3.62288451194763 2.98823285102844 2.42812037467957 2.30817651748657 1.90520715713501 1.60835361480713
-9999 -9999 -9999 -9999 -9999 -9999 -9999 -9999 -9999 -9999 -9999 -9999 -9999 -9999 -9999 -9999 -9999 -9999 -9999 -9999 -9999 -9999 -9999 -9999 -9999 -9999 -9999 -9999 8.94533157348633 9.05320835113525 9.26406860351562 9.2204475402832 8.77380180358887 8.5917501449585 8.49488735198975 8.06025218963623 7.80645990371704 7.48155212402344 7.14923667907715 6.91092967987061 6.59295701980591 6.30977487564087 6.0996880531311 5.88042402267456 5.77551746368408 5.66024971008301 5.57568120956421 5.40723848342896 5.24351024627686 5.23713731765747 5.13819408416748 4.97684097290039 4.78575563430786 4.33325052261353 3.77143216133118 3.35873198509216 2.79699492454529 2.35136723518372 2.02910470962524 1.72013688087463 1.55026686191559
-9999 -9999 -9999 -9999 -9999 -9999 -9999 -9999 -9999 -9999 -9999 -9999 -9999 -9999 -9999 -9999 -9999 -9999 -9999 -9999 -9999 -9999 -9999 -9999 -9999 -9999 -9999 8.56519603729248 8.61932468414307 8.96251201629639 9.16725540161133 9.1103687286377 8.64053726196289 8.4150447845459 8.16185474395752 7.87349319458008 7.41900873184204 7.26041412353516 7.02051067352295 6.63296937942505 6.53990793228149 6.25829935073853 5.95569372177124 5.90407562255859 5.78410959243774 5.66520690917969 5.54339265823364 5.40175104141235 5.25516748428345 5.13676500320435 5.09603881835938 4.90725755691528 4.68823099136353 4.28357744216919 3.66530561447144 3.28678512573242 2.76079344749451 2.27300548553467 2.01425623893738 1.71186566352844 1.51034760475159
-9999 -9999 -9999 -9999 -9999 -9999 -9999 -9999 -9999 -9999 -9999 -9999 -9999 -9999 -9999 -9999 -9999 -9999 -9999 -9999 -9999 -9999 -9999 -9999 -9999 -9999 -9999 8.47389221191406 8.56287002563477 8.55216979980469 8.50251293182373 8.43043518066406 8.16326999664307 7.85144090652466 7.71891450881958 7.2125678062439 6.97407531738281 6.88351535797119 6.57263994216919 6.37568426132202 6.31172847747803 6.08816146850586 5.97605323791504 5.939612865448 5.74516248703003 5.62435674667358 5.56816148757935 5.3587441444397 5.21882104873657 5.16241359710693 4.87732219696045 4.57512283325195 4.4664511680603 3.98598980903625 3.48495101928711 3.29395651817322 2.71733498573303 2.22769141197205 2.10364055633545 1.78720390796661 1.58081948757172
-9999 -9999 -9999 -9999 -9999 -9999 -9999 -9999 -9999 -9999 -9999 -9999 -9999 -9999 -9999 -9999 -9999 -9999 -9999 -9999 -9999 -9999 -9999 -9999 -9999 -9999 8.4360876083374 8.56397914886475 8.53600025177002 8.35134983062744 8.24107551574707 8.16353988647461 7.85670900344849 7.49306488037109 7.20474004745483 6.93086528778076 6.65665149688721 6.46666288375854 6.2820930480957 6.18228578567505 6.01596879959106 5.9412841796875 5.96477937698364 5.86856031417847 5.81058597564697 5.73037195205688 5.65784597396851 5.37809276580811 5.11639976501465 5.01715040206909 4.79470539093018 4.58442831039429 4.37859344482422 3.9828028678894 3.52271676063538 3.12648916244507 2.60397386550903 2.20177483558655 1.94855833053589 1.67732644081116 1.55539083480835
-9999 -9999 -9999 -9999 -9999 -9999 -9999 -9999 -9999 -9999 -9999 -9999 -9999 -9999 -9999 -9999 -9999 -9999 -9999 -9999 -9999 -9999 -9999 -9999 -9999 -9999 8.40169334411621 8.52113819122314 8.45890617370605 8.25235557556152 8.11216354370117 7.95178890228271 7.73317861557007 7.22295379638672 7.02175521850586 6.83769750595093 6.47569036483765 6.29865312576294 6.19358921051025 6.00555276870728 5.9597749710083 5.89700651168823 5.84185123443604 5.88769721984863 5.82749700546265 5.74861145019531 5.62227487564087 5.36914682388306 5.10878610610962 4.92718505859375 4.76922416687012 4.53195524215698 4.31662321090698 3.94321656227112 3.41911149024963 3.13064193725586 2.61961674690247 2.17287397384644 1.96130537986755 1.69457399845123 1.56745648384094
-9999 -9999 -9999 -9999 -9999 -9999 -9999 -9999 -9999 -9999 -9999 -9999 -9999 -9999 -9999 -9999 -9999 -9999 -9999 -9999 -9999 -9999 -9999 -9999 -9999 -9999 8.03542327880859 8.05943393707275 7.95941638946533 7.83562517166138 7.74154376983643 7.64946556091309 7.2571816444397 6.99417495727539 6.88859844207764 6.51624774932861 6.26836919784546 6.18721580505371 5.97304821014404 5.83837413787842 5.81595706939697 5.75949001312256 5.75981712341309 5.78406047821045 5.65993213653564 5.61556100845337 5.55140399932861 5.25729131698608 5.02722549438477 4.92639207839966 4.57093667984009 4.24482870101929 4.14498996734619 3.69548511505127 3.24669790267944 3.10882496833801 2.59644341468811 2.19845819473267 2.08415293693542 1.80130660533905 1.58077430725098
-9999 -9999 -9999 -9999 -9999 -9999 -9999 -9999 -9999 -9999 -9999 -9999 -9999 -9999 -9999 -9999 -9999 -9999 -9999 -9999 -9999 -9999 -9999 -9999 -9999 7.92093563079834 7.91759395599365 7.88817119598389 7.83165740966797 7.79749250411987 7.63358449935913 7.42300796508789 7.23357963562012 6.97655582427979 6.7607274055481 6.50375318527222 6.19870090484619 6.0437536239624 5.83006811141968 5.65339088439941 5.61054372787476 5.63465690612793 5.69879007339478 5.69899702072144 5.71633291244507 5.65361881256104 5.51940155029297 5.2408299446106 4.93473386764526 4.74374961853027 4.44942331314087 4.19186592102051 3.98172235488892 3.67355251312256 3.31444072723389 2.97225594520569 2.5189847946167 2.16019630432129 1.91850781440735 1.6517505645752 1.53887295722961
-9999 -9999 -9999 -9999 -9999 -9999 -9999 -9999 -9999 -9999 -9999 -9999 -9999 -9999 -9999 -9999 -9999 -9999 -9999 -9999 -9999 -9999 -9999 7.82733964920044 -9999 7.77954149246216 7.77330875396729 7.76303148269653 7.7468729019165 7.72827577590942 7.47547006607056 7.38471174240112 7.20616865158081 6.9013786315918 6.7428617477417 6.49470710754395 6.18218088150024 5.99746227264404 5.80496788024902 5.61880302429199 5.55323123931885 5.60392284393311 5.62675809860229 5.64573621749878 5.69136476516724 5.60100078582764 5.46105289459229 5.21128416061401 4.87503814697266 4.64629602432251 4.40390825271606 4.11753416061401 3.91525268554688 3.62721419334412 3.20985674858093 2.94340944290161 2.49576234817505 2.11750316619873 1.90548348426819 1.65211033821106 1.53663885593414
-9999 -9999 -9999 -9999 -9999 -9999 -9999 -9999 -9999 -9999 -9999 -9999 -9999 -9999 -9999 -9999 -9999 -9999 -9999 -9999 -9999 -9999 -9999 7.7604341506958 7.75133752822876 7.60544300079346 7.55135822296143 7.69825553894043 7.67020273208618 7.46067047119141 7.33363676071167 7.28398561477661 7.05389642715454 6.82819223403931 6.74385070800781 6.42855310440063 6.13438510894775 6.05499601364136 5.82348346710205 5.63010883331299 5.60258769989014 5.55235528945923 5.54429483413696 5.55671453475952 5.4679913520813 5.36671209335327 5.32439422607422 5.02219486236572 4.74416399002075 4.62957191467285 4.24490976333618 3.91447758674622 3.82385754585266 3.40302801132202 3.00037598609924 2.8708393573761 2.44964408874512 2.07501602172852 2.01496171951294 1.76101195812225 1.57573711872101
-9999 -9999 -9999 -9999 -9999 -9999 -9999 -9999 -9999 -9999 -9999 -9999 -9999 -9999 -9999 -9999 -9999 -9999 -9999 -9999 -9999 -9999 7.63084268569946 7.58507204055786 7.61120796203613 7.60331916809082 7.55467891693115 7.50221681594849 7.48884582519531 7.35006284713745 7.27236366271973 7.16090297698975 6.96345710754395 6.85839509963989 6.67738342285156 6.35235834121704 6.14074993133545 5.96207714080811 5.65365743637085 5.53406810760498 5.48266887664795 5.46324348449707 5.52593040466309 5.56148195266724 5.50915670394897 5.37619018554688 5.26679563522339 4.97925662994385 4.67536544799805 4.44925737380981 4.14698553085327 3.87378549575806 3.67329144477844 3.36195826530457 2.99414324760437 2.71661829948425 2.35355973243713 2.02542757987976 1.84613144397736 1.62939929962158 1.54318511486053
-9999 -9999 -9999 -9999 -9999 -9999 -9999 -9999 -9999 -9999 -9999 -9999 -9999 -9999 -9999 -9999 -9999 -9999 -9999 -9999 -9999 7.60979461669922 7.63161706924438 7.63354969024658 7.60588264465332 7.58802127838135 7.54099369049072 7.50333833694458 7.37967157363892 7.29931592941284 7.19588279724121 7.08321142196655 6.92602968215942 6.76485729217529 6.61898279190063 6.33214950561523 6.08583831787109 5.93304014205933 5.63192701339722 5.47478532791138 5.45857715606689 5.45303583145142 5.50891208648682 5.4914436340332 5.48212099075317 5.33388137817383 5.19722270965576 4.9431004524231 4.59734153747559 4.41544818878174 4.14363098144531 3.83815407752991 3.62737274169922 3.33934879302979 2.94394946098328 2.69103622436523 2.34121751785278 1.99010169506073 1.84856379032135 1.63167476654053 1.53592884540558
-9999 -9999 -9999 -9999 -9999 -9999 -9999 -9999 -9999 -9999 -9999 -9999 -9999 -9999 -9999 -9999 -9999 -9999 -9999 -9999 7.63327598571777 7.61602592468262 7.61455917358398 7.61281871795654 7.60820245742798 7.48155355453491 7.38861417770386 7.34447193145752 7.29546546936035 7.0932412147522 6.9572606086731 6.92012882232666 6.66447925567627 6.49578809738159 6.42416048049927 6.12957525253296 5.90881681442261 5.82735061645508 5.60738945007324 5.49210405349731 5.47153186798096 5.37609720230103 5.39360046386719 5.38907527923584 5.25334501266479 5.13350629806519 5.06092643737793 4.76007747650146 4.4703311920166 4.38921451568604 4.02295255661011 3.71544194221497 3.61141490936279 3.20560383796692 2.83093285560608 2.7099404335022 2.34186625480652 2.0208044052124 1.94895362854004 1.74200713634491 1.59038197994232
-9999 -9999 -9999 -9999 -9999 -9999 -9999 -9999 -9999 -9999 -9999 -9999 -9999 -9999 -9999 -9999 -9999 -9999 -9999 7.68829441070557 7.62717342376709 7.62479686737061 7.62114763259888 7.61908435821533 7.62358665466309 7.50698232650757 7.41496610641479 7.22569608688354 7.1467752456665 6.912757396698 6.74689102172852 6.65591478347778 6.48036670684814 6.31903266906738 6.17437505722046 5.89928817749023 5.70583629608154 5.52297782897949 5.3865704536438 5.3849573135376 5.33459091186523 5.31869459152222 5.34587955474854 5.34662199020386 5.19363355636597 5.06878995895386 4.92313718795776 4.63397312164307 4.40775728225708 4.2180643081665 3.95723414421082 3.72681641578674 3.52671551704407 3.21716046333313 2.89776802062988 2.64529037475586 2.26984286308289 1.99485790729523 1.80533802509308 1.64389073848724 1.59523630142212
-9999 -9999 -9999 -9999 -9999 -9999 -9999 -9999 -9999 -9999 -9999 -9999 -9999 -9999 -9999 -9999 -9999 -9999 7.73730516433716 7.69595003128052 7.69648265838623 7.63186883926392 7.54963445663452 7.52940940856934 7.54591035842896 7.51445341110229 7.37984704971313 7.19228649139404 7.01914358139038 6.84697675704956 6.62140512466431 6.48711490631104 6.38587617874146 6.18905878067017 6.01471185684204 5.810706615448 5.53428363800049 5.46249580383301 5.33933448791504 5.2639684677124 5.26743221282959 5.29501485824585 5.30747318267822 5.2258243560791 5.13916206359863 4.97800445556641 4.83174610137939 4.58271598815918 4.29220676422119 4.18041610717773 3.93690729141235 3.67561078071594 3.49588918685913 3.21713399887085 2.88222503662109 2.6402747631073 2.27430129051208 1.96953368186951 1.83481955528259 1.65618097782135 1.59366929531097
-9999 -9999 -9999 -9999 -9999 -9999 -9999 -9999 -9999 -9999 -9999 -9999 -9999 -9999 -9999 -9999 -9999 -9999 7.74283361434937 7.73883628845215 7.73566150665283 7.60438203811646 7.53359460830688 7.50960636138916 7.49291467666626 7.44081974029541 7.22398471832275 6.99279260635376 6.90483140945435 6.61397075653076 6.41774749755859 6.3491997718811 6.04574584960938 5.87560367584229 5.79716539382935 5.56667327880859 5.37902784347534 5.33677959442139 5.18833637237549 5.18703365325928 5.18965435028076 5.10534429550171 5.1003475189209 5.06397104263306 4.88103294372559 4.71864700317383 4.64684915542603 4.364577293396 4.17149305343628 4.09385776519775 3.78115892410278 3.54481792449951 3.45883536338806 3.09109926223755 2.75468111038208 2.63754606246948 2.31576895713806 2.00287866592407 1.94072151184082 1.77342772483826 1.66257953643799
-9999 -9999 -9999 -9999 -9999 -9999 -9999 -9999 -9999 -9999 -9999 -9999 -9999 -9999 -9999 -9999 -9999 7.71750259399414 7.74755334854126 7.7423267364502 7.7439661026001 7.6668119430542 7.65371704101562 7.46098136901855 7.42350101470947 7.36640930175781 7.04096412658691 6.81756067276001 6.64869928359985 6.47861337661743 6.33528804779053 6.20901727676392 5.95264291763306 5.69301700592041 5.54251146316528 5.31014442443848 5.17717266082764 5.06999444961548 5.03418111801147 5.09670448303223 5.10136222839355 4.99903011322021 4.93290328979492 4.8794093132019 4.6666784286499 4.56454944610596 4.41389560699463 4.21991443634033 4.08499956130981 3.91798853874207 3.75059485435486 3.56019449234009 3.39310574531555 3.09360122680664 2.77028799057007 2.52716016769409 2.19429850578308 1.98417997360229 1.81171643733978 1.69438147544861 1.68510794639587
-9999 -9999 -9999 -9999 -9999 -9999 -9999 -9999 -9999 -9999 -9999 -9999 -9999 -9999 -9999 -9999 -9999 7.75963592529297 7.71678018569946 7.63203001022339 7.62694978713989 7.64471244812012 7.62495136260986 7.42273330688477 7.40565776824951 7.2559552192688 6.98906421661377 6.70023441314697 6.59792280197144 6.44701099395752 6.24273538589478 6.08782339096069 5.93324327468872 5.64370012283325 5.43111515045166 5.25612592697144 5.05859565734863 5.00579166412354 5.00740480422974 5.01241302490234 4.95113039016724 4.92513179779053 4.82243824005127 4.72247219085693 4.59155654907227 4.38628578186035 4.33942842483521 4.18288898468018 3.96975350379944 3.88571667671204 3.74147033691406 3.51792144775391 3.34507989883423 3.09908175468445 2.75931572914124 2.52624988555908 2.19672465324402 1.92243993282318 1.84362328052521 1.71920776367188 1.70630526542664
-9999 -9999 -9999 -9999 -9999 -9999 -9999 -9999 -9999 -9999 -9999 -9999 -9999 -9999 -9999 7.84881448745728 7.79625940322876 7.77189254760742 7.74976253509521 7.60671043395996 7.59471225738525 7.43922233581543 7.40194082260132 7.29919338226318 7.0984058380127 7.02478742599487 6.76447105407715 6.57484579086304 6.50771045684814 6.2189245223999 6.05673837661743 5.98091220855713 5.72041988372803 5.462721824646 5.37390613555908 5.12773323059082 4.97538995742798 4.95167922973633 4.80211687088013 4.77936983108521 4.76003789901733 4.6023998260498 4.51553726196289 4.4642128944397 4.28435564041138 4.15584373474121 4.11557674407959 3.91173648834229 3.83498764038086 3.78832197189331 3.56209301948547 3.37704491615295 3.30114650726318 2.97506141662598 2.65737056732178 2.55179047584534 2.21997952461243 1.96017384529114 1.90765464305878 1.77989709377289 1.73064875602722
-9999 -9999 -9999 -9999 -9999 -9999 -9999 -9999 -9999 -9999 -9999 -9999 -9999 -9999 7.87699937820435 7.89623880386353 7.87915086746216 7.78724718093872 7.7604513168335 7.63625764846802 7.5431113243103 7.37035274505615 7.32601881027222 7.093092918396 6.90465641021729 6.74296522140503 6.61529159545898 6.48389101028442 6.33525705337524 6.26526927947998 6.09330463409424 5.96457386016846 5.64322233200073 5.33105230331421 5.15340900421143 4.94054746627808 4.85126209259033 4.79896068572998 4.70631408691406 4.62772178649902 4.60426807403564 4.44002866744995 4.28344440460205 4.18000268936157 4.0941743850708 3.99364876747131 3.88897037506104 3.85930347442627 3.78022265434265 3.71277594566345 3.58788108825684 3.39341807365417 3.22861289978027 2.94657421112061 2.66106271743774 2.43124079704285 2.10737085342407 1.91850996017456 1.7920788526535 1.67720282077789 1.67750442028046
-9999 -9999 -9999 -9999 -9999 -9999 -9999 -9999 -9999 -9999 -9999 -9999 -9999 7.95640563964844 7.93821859359741 7.90109729766846 7.87787675857544 7.81051778793335 7.65703153610229 7.61586618423462 7.37117719650269 7.30702114105225 7.18383836746216 7.02951669692993 6.76485967636108 6.71516799926758 6.56858968734741 6.3684196472168 6.30765390396118 6.26414394378662 6.09545993804932 5.87955045700073 5.60643815994263 5.27114629745483 5.09409332275391 4.90567541122437 4.77029943466187 4.68671655654907 4.65991115570068 4.5621223449707 4.45721197128296 4.37141895294189 4.13701772689819 4.07720899581909 4.00808906555176 3.86218810081482 3.84038352966309 3.83078026771545 3.71841859817505 3.66478967666626 3.57229495048523 3.36192178726196 3.18746733665466 2.93575620651245 2.62001752853394 2.4208722114563 2.12967848777771 1.8899712562561 1.78943014144897 1.67607355117798 1.66497373580933
-9999 -9999 -9999 -9999 -9999 -9999 -9999 -9999 -9999 -9999 -9999 -9999 -9999 7.97901964187622 7.92662763595581 7.90776777267456 7.87540578842163 7.7150444984436 7.56721544265747 7.51792335510254 7.279953956604 7.07049179077148 6.99896478652954 6.80991220474243 6.63951396942139 6.59983253479004 6.41522645950317 6.34930467605591 6.32494783401489 6.09311199188232 5.88840198516846 5.79280519485474 5.49748611450195 5.18317365646362 5.09886932373047 4.82392597198486 4.66992712020874 4.63545036315918 4.46349000930786 4.33761787414551 4.28501892089844 4.13172769546509 3.98353695869446 3.94672036170959 3.820885181427 3.79668951034546 3.79170322418213 3.68743371963501 3.61874556541443 3.61486768722534 3.41244554519653 3.20978450775146 3.13796949386597 2.82713747024536 2.53011584281921 2.43255043029785 2.14304184913635 1.88888788223267 1.83348214626312 1.71808516979218 1.66229021549225
-9999 -9999 -9999 -9999 -9999 -9999 -9999 -9999 -9999 -9999 8.08607482910156 7.99897480010986 8.05251693725586 8.05857372283936 7.96707153320312 7.9006495475769 7.86703681945801 7.65335702896118 7.44512033462524 7.34181690216064 7.1168270111084 6.92201137542725 6.77482509613037 6.69441938400269 6.59956216812134 6.49893283843994 6.50854921340942 6.43173789978027 6.37062644958496 6.1670560836792 5.87832689285278 5.69905138015747 5.31276559829712 5.04337787628174 4.86041259765625 4.68914937973022 4.60927724838257 4.55059003829956 4.38154602050781 4.21161460876465 4.11673069000244 3.95700430870056 3.85933899879456 3.76321578025818 3.74412965774536 3.76255679130554 3.75841760635376 3.72679018974304 3.65160322189331 3.61608004570007 3.45153093338013 3.21934604644775 3.06382822990417 2.80459570884705 2.53446483612061 2.32599472999573 2.05187463760376 1.84610271453857 1.7142333984375 1.63416707515717 1.62458598613739
-9999 -9999 -9999 -9999 -9999 -9999 -9999 -9999 -9999 -9999 8.08686256408691 8.09336566925049 8.0502758026123 8.02829551696777 7.9614634513855 7.91058444976807 7.7667407989502 7.60733795166016 7.39993572235107 7.24688053131104 7.06152868270874 6.80481243133545 6.77254819869995 6.68221139907837 6.54547071456909 6.53254127502441 6.51223134994507 6.46023511886597 6.29291915893555 6.14565992355347 5.87668943405151 5.6143479347229 5.2668890953064 4.94123458862305 4.81171846389771 4.6623330116272 4.54965829849243 4.48411750793457 4.36657619476318 4.17403221130371 4.0391697883606 3.91633987426758 3.76698303222656 3.73911499977112 3.7256817817688 3.71085834503174 3.74333214759827 3.72016859054565 3.64065098762512 3.56016063690186 3.41811323165894 3.17995738983154 3.03331065177917 2.78729653358459 2.49817538261414 2.31685304641724 2.04351806640625 1.8191933631897 1.71515727043152 1.6445529460907 1.63003587722778
