G_variables/Set1/4.5/SSTmean.asc
NCOLS 581 
NROWS 855 
XLLCORNER -74.9166666666667 
YLLCORNER -55.8333333333333 
CELLSIZE 0.0833333333333333 
NODATA_value -9999 
[rows 0 to 26 of 855, columns 61 to 121 of 581]
-9999 -9999 -9999 -9999 -9999 -9999 -9999 -9999 -9999 -9999 -9999 -9999 -9999 -9999 -9999 -9999 -9999 -9999 -9999 -9999 -9999 -9999 -9999 -9999 -9999 -9999 -9999 -9999 -9999 -9999 -9999 -9999 -9999 -9999 -9999 -9999 -9999 -9999 -9999 -9999 -9999 -9999 -9999 -9999 -9999 -9999 -9999 -9999 -9999 -9999 -9999 -9999 -9999 -9999 -9999 -9999 -9999 -9999 -9999 -9999 -9999
28.9438056945801 28.9462108612061 28.9468803405762 28.9453926086426 28.9457778930664 28.9438438415527 28.9449138641357 28.9476165771484 28.9479961395264 28.9494915008545 -9999 -9999 -9999 -9999 -9999 -9999 -9999 -9999 -9999 -9999 -9999 -9999 -9999 -9999 -9999 -9999 -9999 -9999 -9999 -9999 -9999 -9999 -9999 -9999 -9999 -9999 -9999 -9999 -9999 -9999 -9999 -9999 -9999 -9999 -9999 -9999 -9999 -9999 -9999 -9999 -9999 -9999 -9999 -9999 -9999 -9999 -9999 -9999 -9999 -9999 -9999
28.9459838867188 28.9486408233643 28.9488258361816 28.9486103057861 28.9494800567627 28.9465827941895 28.9470272064209 28.9530410766602 28.9536380767822 28.9537963867188 28.9564952850342 28.9572200775146 28.9592571258545 28.9642868041992 28.9583625793457 28.9593048095703 28.9603843688965 -9999 -9999 -9999 -9999 -9999 -9999 -9999 -9999 -9999 -9999 -9999 -9999 -9999 -9999 -9999 -9999 -9999 -9999 -9999 -9999 -9999 -9999 -9999 -9999 -9999 -9999 -9999 -9999 -9999 -9999 -9999 -9999 -9999 -9999 -9999 -9999 -9999 -9999 -9999 -9999 -9999 -9999 -9999 -9999
28.9476108551025 28.9487228393555 28.9503211975098 28.9506969451904 28.949821472168 28.9505500793457 28.9525852203369 28.9521141052246 28.9511795043945 28.9537887573242 28.9534740447998 28.9555187225342 28.9602222442627 28.9630184173584 28.9588985443115 28.961124420166 28.9603652954102 28.9632034301758 28.9602909088135 28.9598770141602 28.9595508575439 28.9624004364014 28.9605331420898 28.9591178894043 -9999 -9999 -9999 -9999 -9999 -9999 -9999 -9999 -9999 -9999 -9999 -9999 -9999 -9999 -9999 -9999 -9999 -9999 -9999 -9999 -9999 -9999 -9999 -9999 -9999 -9999 -9999 -9999 -9999 -9999 -9999 -9999 -9999 -9999 -9999 -9999 -9999
28.9468460083008 28.9507122039795 28.9508094787598 28.9508266448975 28.9521522521973 28.9516181945801 28.9523143768311 28.9537105560303 28.9524765014648 28.9503555297852 28.95166015625 28.9552440643311 28.9586849212646 28.96462059021 28.9662933349609 28.9614543914795 28.9622535705566 28.9630565643311 28.9604225158691 28.9610729217529 28.9601287841797 28.9620571136475 28.9599704742432 28.9585456848145 28.9570789337158 28.9585571289062 28.960636138916 28.963041305542 28.9643497467041 28.9592895507812 28.9573822021484 -9999 -9999 -9999 -9999 -9999 -9999 -9999 -9999 -9999 -9999 -9999 -9999 -9999 -9999 -9999 -9999 -9999 -9999 -9999 -9999 -9999 -9999 -9999 -9999 -9999 -9999 -9999 -9999 -9999 -9999
28.9565887451172 28.9526863098145 28.95436668396 28.9539985656738 28.9547748565674 28.9552001953125 28.9556350708008 28.9567565917969 28.9549674987793 28.9501113891602 28.9465198516846 28.9545021057129 28.9602813720703 28.9668121337891 28.9684753417969 28.9627876281738 28.9640941619873 28.9643211364746 28.9621772766113 28.9627265930176 28.9646492004395 28.9633407592773 28.9609870910645 28.9575519561768 28.9536590576172 28.956033706665 28.9591236114502 28.9624843597412 28.96457862854 28.9596118927002 28.9577960968018 28.960054397583 28.9587936401367 28.957893371582 28.9577674865723 28.9583282470703 28.9575424194336 -9999 -9999 -9999 -9999 -9999 -9999 -9999 -9999 -9999 -9999 -9999 -9999 -9999 -9999 -9999 -9999 -9999 -9999 -9999 -9999 -9999 -9999 -9999 -9999
28.9581661224365 28.9604587554932 28.9637069702148 28.9606323242188 28.9594116210938 28.958288192749 28.9585342407227 28.9573402404785 28.9567050933838 28.953706741333 28.9504337310791 28.9583511352539 28.9633235931396 28.9672889709473 28.9719295501709 28.9720020294189 28.9713687896729 28.9712772369385 28.9673023223877 28.9668407440186 28.9668064117432 28.9642086029053 28.9611339569092 28.9574699401855 28.9528388977051 28.9549465179443 28.9579448699951 28.9642009735107 28.9646949768066 28.9636268615723 28.964376449585 28.9651432037354 28.9647808074951 28.9620532989502 28.9592189788818 28.9593906402588 28.9589080810547 28.9572315216064 28.9556198120117 28.953727722168 28.9583435058594 -9999 -9999 -9999 -9999 -9999 -9999 -9999 -9999 -9999 -9999 -9999 -9999 -9999 -9999 -9999 -9999 -9999 -9999 -9999 -9999
28.9588661193848 28.9634552001953 28.9643383026123 28.9610271453857 28.9626293182373 28.9598770141602 28.9591102600098 28.9607830047607 28.9591484069824 28.9559211730957 28.9587917327881 28.9606704711914 28.9648590087891 28.9700508117676 28.9721088409424 28.9727268218994 28.9733562469482 28.971960067749 28.967924118042 28.968355178833 28.9667415618896 28.9643001556396 28.9630298614502 28.9609298706055 28.959358215332 28.9610214233398 28.9633045196533 28.9656734466553 28.9666900634766 28.9649124145508 28.9650173187256 28.9660167694092 28.9619483947754 28.9602355957031 28.9608993530273 28.9593257904053 28.9581928253174 28.9595375061035 28.9575290679932 28.9574089050293 28.9614315032959 28.9639072418213 28.9650115966797 -9999 -9999 -9999 -9999 -9999 -9999 -9999 -9999 -9999 -9999 -9999 -9999 -9999 -9999 -9999 -9999 -9999 -9999
28.9607677459717 28.9658241271973 28.9675197601318 28.9618587493896 28.9641208648682 28.9636573791504 28.9624900817871 28.9634685516357 28.9624843597412 28.9601249694824 28.9635066986084 28.9672069549561 28.9697246551514 28.9734401702881 28.9744873046875 28.9731502532959 28.9748592376709 28.970100402832 28.9696941375732 28.9696254730225 28.9683532714844 28.966178894043 28.9657402038574 28.9651679992676 28.9649124145508 28.966796875 28.9681777954102 28.9661998748779 28.9677143096924 28.9658374786377 28.9650897979736 28.9642848968506 28.9593410491943 28.957670211792 28.9585132598877 28.9582653045654 28.9579181671143 28.9604530334473 28.9613933563232 28.9586029052734 28.9632453918457 28.9644184112549 28.9660778045654 28.966064453125 28.9651794433594 -9999 -9999 -9999 -9999 -9999 -9999 -9999 -9999 -9999 -9999 -9999 -9999 -9999 -9999 -9999 -9999
28.9648456573486 28.966682434082 28.970739364624 28.967601776123 28.9662017822266 28.9658145904541 28.9805469512939 28.9651298522949 28.9632415771484 28.9627494812012 28.9638767242432 28.9682369232178 28.9739456176758 28.9759559631348 28.9777908325195 28.9770336151123 28.976842880249 28.9726428985596 28.9713096618652 28.9709663391113 28.9691123962402 28.9676876068115 28.9671154022217 28.9674854278564 28.9694175720215 28.9702816009521 28.9701747894287 28.9704036712646 28.9704494476318 28.9676837921143 28.9662132263184 28.9646492004395 28.9583148956299 28.9573879241943 28.9569492340088 28.9580516815186 28.9601669311523 28.9611072540283 28.9640293121338 28.9647998809814 28.9647006988525 28.9635677337646 28.9669361114502 28.9657592773438 28.9644470214844 28.96311378479 28.9595222473145 -9999 -9999 -9999 -9999 -9999 -9999 -9999 -9999 -9999 -9999 -9999 -9999 -9999 -9999
28.9822769165039 28.9730529785156 28.9745311737061 28.9710216522217 28.9728450775146 28.9852657318115 28.9842147827148 28.986608505249 28.9842128753662 28.9822120666504 28.9858913421631 28.9884376525879 28.9918613433838 28.995906829834 28.9970893859863 28.9810581207275 28.9810676574707 28.9748992919922 28.9745216369629 28.9751052856445 28.9890441894531 28.9874153137207 28.98779296875 28.9879951477051 28.9725303649902 28.9738521575928 28.9908828735352 28.9930725097656 28.9911003112793 28.9714241027832 28.9699249267578 28.9678249359131 28.9598388671875 28.9580116271973 28.9587078094482 28.9753150939941 28.9778366088867 28.9655342102051 28.9670734405518 28.9676380157471 28.9704627990723 28.981819152832 28.982723236084 28.9688129425049 28.967306137085 28.9651908874512 28.963077545166 28.9646968841553 28.9668216705322 -9999 -9999 -9999 -9999 -9999 -9999 -9999 -9999 -9999 -9999 -9999 -9999
28.984058380127 28.9880905151367 28.976146697998 28.9717216491699 28.9907817840576 28.9902439117432 28.9865570068359 28.9894523620605 28.9885864257812 28.9889850616455 28.9916934967041 28.9937267303467 28.9948310852051 28.9983139038086 28.998908996582 28.9999313354492 28.982271194458 28.9783325195312 28.9756870269775 28.99462890625 28.9936981201172 28.9927845001221 28.9921951293945 28.9923267364502 28.9924488067627 28.9928817749023 28.9949226379395 28.994665145874 28.9921073913574 28.9912109375 28.9678230285645 28.9656772613525 28.9599685668945 28.9588947296143 28.9758739471436 28.9758453369141 28.976900100708 28.9811267852783 28.9816837310791 28.9817504882812 28.9845447540283 28.9849224090576 28.9814300537109 28.9848709106445 28.9675197601318 28.9663734436035 28.9640617370605 28.9655723571777 28.979808807373 28.9807720184326 28.9816284179688 -9999 -9999 -9999 -9999 -9999 -9999 -9999 -9999 -9999 -9999
28.9889430999756 28.990140914917 28.9916477203369 28.9932746887207 28.9923000335693 28.9932384490967 28.9915065765381 28.9917583465576 28.9929981231689 28.9953956604004 28.9955978393555 28.9964981079102 28.9997882843018 29.0007953643799 29.0012950897217 29.0035400390625 29.0022468566895 28.978630065918 28.99729347229 28.9971199035645 28.9962940216064 28.9971408843994 28.9955615997314 28.9953899383545 28.9961471557617 28.9958534240723 28.9965000152588 28.9971885681152 28.9942455291748 28.9925174713135 28.9885635375977 28.9665470123291 28.9621467590332 28.9789447784424 28.9775943756104 28.9793796539307 28.9802093505859 28.9816856384277 28.9838428497314 28.98583984375 28.9850521087646 28.9859218597412 28.9847888946533 28.9856624603271 28.9853324890137 28.9693393707275 28.9651985168457 28.9797706604004 28.9823551177979 28.9822158813477 28.9821243286133 28.9835910797119 28.9807071685791 -9999 -9999 -9999 -9999 -9999 -9999 -9999 -9999
29.0066509246826 29.0117244720459 29.0187168121338 29.0177421569824 29.0107307434082 29.0103721618652 29.0061721801758 29.0095100402832 29.010326385498 29.0102272033691 29.0167140960693 29.0182266235352 29.0187797546387 29.0223503112793 29.0233001708984 29.0238037109375 29.0245666503906 29.0273246765137 29.0168399810791 29.0173759460449 29.0165901184082 29.0160484313965 29.0146427154541 29.0145111083984 29.0139904022217 29.0146369934082 29.0168380737305 29.0170040130615 29.0137996673584 29.0131721496582 29.0095882415771 29.0078105926514 29.0005416870117 28.9995517730713 28.9985752105713 28.9984703063965 28.9811401367188 28.9847278594971 28.9853057861328 28.985782623291 28.9879817962646 28.988130569458 28.984058380127 28.9881687164307 28.9883422851562 28.9883232116699 28.9824695587158 28.9829158782959 28.982400894165 28.9838581085205 28.984769821167 28.9841041564941 28.9829750061035 28.9816360473633 28.9777374267578 28.9802093505859 -9999 -9999 -9999 -9999 -9999
29.005163192749 29.0147762298584 29.0150852203369 29.015962600708 29.0182552337646 29.0105609893799 29.0078716278076 29.0115795135498 29.0126876831055 29.0123863220215 29.0175380706787 29.0183277130127 29.0195789337158 29.0230178833008 29.0232849121094 29.0244369506836 29.0283546447754 29.0285778045654 29.0255107879639 29.0185832977295 29.0181045532227 29.0172004699707 29.0171794891357 29.0167446136475 29.0162220001221 29.0169830322266 29.0168266296387 29.0164775848389 29.0135383605957 29.0128574371338 29.0092735290527 29.0092639923096 29.0069599151611 28.9995822906494 28.9984493255615 28.9977798461914 28.9976062774658 29.0004138946533 28.9993438720703 28.9962921142578 28.9984188079834 28.999490737915 28.9975662231445 29.0020351409912 29.002405166626 29.0047969818115 29.0060501098633 29.000846862793 28.9998970031738 29.0009136199951 29.0002784729004 28.9998722076416 28.9972801208496 28.9882354736328 28.9855976104736 28.9882946014404 28.9896144866943 28.9898338317871 -9999 -9999 -9999
29.0135192871094 29.0146656036377 29.0190715789795 29.0191459655762 29.0182266235352 29.0215549468994 29.0115871429443 29.012393951416 29.016321182251 29.0321311950684 29.0308017730713 29.0229187011719 29.0232677459717 29.0242290496826 29.0265502929688 29.0303916931152 29.0295181274414 29.0324249267578 29.0280742645264 29.0273399353027 29.0216369628906 29.0198154449463 29.0190944671631 29.0194778442383 29.0182418823242 29.0191459655762 29.0209445953369 29.0182647705078 29.0159034729004 29.0147380828857 29.0127544403076 29.0115661621094 29.0079593658447 29.0083560943604 29.0003128051758 28.9997901916504 29.0006618499756 29.0006313323975 29.0009384155273 28.9990997314453 28.9975967407227 28.9989490509033 28.9999504089355 29.0013084411621 29.0048160552979 29.0068340301514 29.0058212280273 29.0089302062988 29.0018062591553 29.0011291503906 29.0021667480469 29.0016059875488 28.9975128173828 28.9884643554688 28.9876537322998 28.9882011413574 28.990161895752 28.9919834136963 28.9919757843018 28.997257232666 -9999
29.0118675231934 29.0177230834961 29.0189113616943 29.0173530578613 29.0206241607666 29.0182075500488 29.026460647583 29.0301475524902 29.0308227539062 29.0305156707764 29.0322246551514 29.0331020355225 29.034595489502 29.0382041931152 29.0297718048096 29.0303382873535 29.0311985015869 29.0289878845215 29.0281448364258 29.0287437438965 29.0277366638184 29.0202617645264 29.0348796844482 29.0345592498779 29.0342082977295 29.0340251922607 29.034423828125 29.0195426940918 29.0170879364014 29.0152263641357 29.0144691467285 29.0130996704102 29.0108604431152 29.0099105834961 29.008337020874 29.0015392303467 29.0012187957764 29.0148792266846 29.0155563354492 29.0145835876465 29.0153045654297 28.9984893798828 28.9988994598389 29.0041427612305 29.0054359436035 29.0056343078613 29.0077934265137 29.0077018737793 29.0063915252686 29.0027637481689 29.001407623291 29.0006446838379 29.0062522888184 29.0036563873291 28.986644744873 28.9898052215576 28.9906005859375 28.9905376434326 28.995080947876 28.9963073730469 28.9964294433594
29.0066585540771 29.0099048614502 29.0101070404053 29.0097789764404 29.0139102935791 29.0122966766357 29.0195388793945 29.0235710144043 29.0224571228027 29.0222454071045 29.0263786315918 29.0293750762939 29.0308952331543 29.031831741333 29.0247249603271 29.0248470306396 29.0270290374756 29.0231590270996 29.0231590270996 29.0256767272949 29.0243282318115 29.0309429168701 29.0297794342041 29.0290699005127 29.0287837982178 29.0271224975586 29.0281772613525 29.0282135009766 29.014217376709 29.0113430023193 29.0106601715088 29.0102424621582 29.0083103179932 29.0071392059326 29.0065231323242 29.012264251709 29.0103721618652 29.0082492828369 29.0070915222168 29.0052528381348 29.0078639984131 29.0061283111572 29.0069274902344 28.9981422424316 28.9992027282715 28.9991607666016 29.0024509429932 29.0033283233643 29.0020618438721 29.0004730224609 29.0015354156494 28.9987964630127 29.0001907348633 28.9971523284912 28.9966583251953 28.9996566772461 28.9996910095215 28.9859447479248 28.9904975891113 28.9933738708496 28.9937515258789
29.0094108581543 29.0170879364014 29.0217933654785 29.0182418823242 29.0185279846191 29.0215225219727 29.0293235778809 29.0210361480713 29.0233783721924 29.0187187194824 29.0199546813965 29.0283546447754 29.0313549041748 29.0407638549805 29.0357646942139 29.033130645752 29.030818939209 29.0327968597412 29.0315227508545 29.0253582000732 29.0362358093262 29.029317855835 29.0263080596924 29.0260181427002 29.02463722229 29.0311260223389 29.0354042053223 29.0323734283447 29.0342311859131 29.0221405029297 29.0195255279541 29.0114841461182 29.0103931427002 29.0082492828369 29.0067481994629 29.0133113861084 29.0102024078369 29.0131149291992 29.0127296447754 29.009241104126 29.0092468261719 29.0132102966309 29.0160293579102 28.9961452484131 28.9993877410889 28.9998550415039 29.0001850128174 29.0047359466553 29.0027503967285 29.0090103149414 29.0111637115479 29.0027370452881 29.0006465911865 29.0007400512695 29.002010345459 28.9969310760498 28.9994468688965 28.9853210449219 28.987361907959 28.9940624237061 28.9954566955566
29.0128898620605 29.0197639465332 29.0231380462646 29.0232543945312 29.0267314910889 29.0340232849121 29.0271263122559 29.0288066864014 29.0242462158203 29.0124835968018 29.0166988372803 29.030330657959 29.0354022979736 29.041862487793 29.0449275970459 29.0365371704102 29.0377655029297 29.0367050170898 29.0307197570801 29.0308418273926 29.0369873046875 29.0284938812256 29.0249309539795 29.0237712860107 29.0197238922119 29.0258522033691 29.03489112854 29.0381641387939 29.0382900238037 29.0249919891357 29.0200157165527 29.0185928344727 29.015510559082 29.0076885223389 29.0136985778809 29.0158176422119 29.0132274627686 29.009449005127 29.0068016052246 29.0075283050537 29.01194190979 29.0151634216309 29.0136756896973 29.002025604248 29.0014801025391 28.9972591400146 29.0003299713135 29.0039577484131 29.003942489624 29.0089206695557 29.0077133178711 29.0042991638184 29.0002861022949 28.9983367919922 28.9963550567627 29.0032234191895 29.0038280487061 28.9997959136963 28.9907188415527 28.998176574707 28.999532699585
29.0150203704834 29.0216960906982 29.0250053405762 29.0299301147461 29.0335750579834 29.0254154205322 29.0171031951904 29.019006729126 29.0164012908936 29.0115394592285 29.0150833129883 29.022029876709 29.026439666748 29.0328674316406 29.0353565216064 29.0403003692627 29.0418014526367 29.0451412200928 29.038537979126 29.0387153625488 29.0293979644775 29.0253467559814 29.0207233428955 29.0142974853516 29.0073108673096 29.0158081054688 29.0261383056641 29.0300884246826 29.0307807922363 29.0331039428711 29.028133392334 29.0267295837402 29.02294921875 29.0201282501221 29.0106582641602 29.0077133178711 29.0032024383545 28.9973239898682 28.9876308441162 28.9906253814697 28.9994716644287 29.0045375823975 29.0021743774414 29.006420135498 28.9913063049316 28.9906673431396 28.9922027587891 28.9919033050537 28.9946689605713 28.9967193603516 28.9966411590576 28.9915390014648 28.9837169647217 28.9775238037109 28.9838333129883 28.9938678741455 28.9983501434326 28.9995136260986 28.9895534515381 28.9931411743164 28.9934864044189
29.0174789428711 29.0193214416504 29.0266799926758 29.033275604248 29.0326251983643 29.034496307373 29.0197563171387 29.01904296875 29.0209999084473 29.0193328857422 29.0196418762207 29.0258159637451 29.029447555542 29.0324325561523 29.0409183502197 29.0420932769775 29.0412788391113 29.0485763549805 29.0400009155273 29.0390663146973 29.0333518981934 29.0283088684082 29.0238475799561 29.0219211578369 29.0179557800293 29.0206203460693 29.0297050476074 29.0314540863037 29.0322971343994 29.03590965271 29.0292129516602 29.028247833252 29.0265808105469 29.0223217010498 29.0123615264893 29.0114002227783 29.0052318572998 28.9996128082275 28.999303817749 28.997465133667 29.0000820159912 29.0072078704834 29.0033950805664 29.0058250427246 29.009069442749 29.0090885162354 28.9983730316162 29.0016422271729 29.0006275177002 28.9945335388184 28.9974727630615 28.9930858612061 28.9841480255127 28.9860706329346 28.9867343902588 28.9933052062988 29.0018062591553 29.0043048858643 29.0071582794189 29.0152854919434 29.0002193450928
29.0158042907715 29.0249347686768 29.0252532958984 29.0312271118164 29.0348453521729 29.0332813262939 29.0253963470459 29.0221080780029 29.0222320556641 29.0212020874023 29.02512550354 29.0275001525879 29.0292587280273 29.0353565216064 29.0405769348145 29.0409049987793 29.0422630310059 29.0465087890625 29.0455417633057 29.0401229858398 29.0319137573242 29.0296211242676 29.0273971557617 29.0251846313477 29.0238609313965 29.0288486480713 29.0314311981201 29.033483505249 29.0349216461182 29.0355014801025 29.0347537994385 29.0284385681152 29.0251693725586 29.0233173370361 29.0190906524658 29.0105857849121 29.0067367553711 29.0051345825195 29.0028133392334 29.0020313262939 29.00270652771 29.0056076049805 29.0064735412598 29.0053882598877 29.0069046020508 29.0063953399658 28.9982070922852 28.9987144470215 28.997106552124 28.9967002868652 28.9953937530518 28.9921627044678 28.9908027648926 28.9904003143311 28.993221282959 28.9967174530029 28.999979019165 29.0040264129639 29.0098876953125 29.0116958618164 28.9974670410156
29.01096534729 29.0179424285889 29.016321182251 29.0224571228027 29.024486541748 29.0256900787354 29.0306987762451 29.0194416046143 29.0198173522949 29.0193061828613 29.0208854675293 29.0221881866455 29.0253562927246 29.0307350158691 29.0317840576172 29.0331707000732 29.0341548919678 29.0370540618896 29.0371761322021 29.038028717041 29.0368518829346 29.0277576446533 29.0253047943115 29.0247707366943 29.0244312286377 29.0256843566895 29.0251636505127 29.0261001586914 29.026237487793 29.0262126922607 29.0251770019531 29.0232448577881 29.0197048187256 29.0170631408691 29.0136470794678 29.0041484832764 29.0012149810791 28.9985637664795 28.9941082000732 28.9920635223389 28.9926891326904 28.9933185577393 28.992374420166 28.995138168335 28.9948196411133 28.9946193695068 28.9859447479248 28.9858627319336 28.9861679077148 28.9851741790771 28.982063293457 28.9800815582275 28.9805603027344 28.9825096130371 28.9822883605957 28.9898319244385 28.9941310882568 28.9962921142578 29.0006103515625 29.0011291503906 28.9891147613525
29.0131244659424 29.0153141021729 29.0204849243164 29.0259265899658 29.0241203308105 29.0340003967285 29.0342216491699 29.0336322784424 29.036096572876 29.0378227233887 29.0356502532959 29.0396289825439 29.0426940917969 29.0446338653564 29.0461368560791 29.0351333618164 29.0334358215332 29.0379428863525 29.0386543273926 29.0382137298584 29.0496311187744 29.0482521057129 29.0455684661865 29.0291786193848 29.0283470153809 29.0289840698242 29.0473175048828 29.0454444885254 29.0441570281982 29.0296764373779 29.0262584686279 29.0247116088867 29.0220928192139 29.0186367034912 29.0155944824219 29.0272045135498 29.0231685638428 29.0009632110596 28.9986972808838 28.9948844909668 28.9933376312256 29.0143451690674 29.0122947692871 28.9930782318115 28.9958267211914 28.9940414428711 28.9822368621826 28.9871120452881 28.9865703582764 28.9986095428467 28.9845924377441 28.9830856323242 28.980504989624 28.9887981414795 28.9863662719727 28.988826751709 28.9965705871582 28.9994029998779 28.9992332458496 29.0060863494873 28.9908790588379
29.0105800628662 29.0167980194092 29.0172634124756 29.022331237793 29.0334014892578 29.0326766967773 29.0332794189453 29.037841796875 29.0372943878174 29.0379428863525 29.0402374267578 29.0422515869141 29.0432586669922 29.048454284668 29.0477542877197 29.047550201416 29.035192489624 29.0394649505615 29.0393676757812 29.0517234802246 29.0511169433594 29.0502014160156 29.0492248535156 29.0494041442871 29.0489101409912 29.0496673583984 29.0483455657959 29.0484008789062 29.0456867218018 29.0458679199219 29.0273609161377 29.0245895385742 29.0215854644775 29.036449432373 29.0318489074707 29.0291042327881 29.0263957977295 29.0221309661865 29.0183734893799 29.0154132843018 29.0132122039795 29.0122699737549 29.0101776123047 29.0108699798584 28.9890899658203 28.988166809082 28.9790287017822 28.9808139801025 28.9929676055908 28.9980068206787 28.996524810791 28.9958438873291 28.9976139068604 28.9982433319092 28.9987812042236 29.0063381195068 29.0087242126465 29.0119647979736 29.0014572143555 29.0003681182861 28.9850444793701
28.9918899536133 28.9967651367188 29.0122680664062 29.0121574401855 29.0166664123535 29.0299625396729 29.0191307067871 29.0273342132568 29.0259609222412 29.0248985290527 29.0303077697754 29.0362930297852 29.0384979248047 29.0363292694092 29.0469379425049 29.0355911254883 29.0353145599365 29.0335140228271 29.0384120941162 29.0444374084473 29.0435447692871 29.0409317016602 29.0423927307129 29.0453987121582 29.0462265014648 29.0395984649658 29.0465621948242 29.0370674133301 29.0339107513428 29.0452098846436 29.031888961792 29.0124206542969 29.0274257659912 29.0266551971436 29.0226306915283 29.0197792053223 29.015022277832 29.0053844451904 29.0123081207275 28.9956836700439 28.9923534393311 28.9985828399658 28.9859027862549 28.9903621673584 28.9873828887939 28.9620971679688 28.9544677734375 28.9708251953125 28.9736099243164 28.9724826812744 28.9810543060303 28.9711647033691 28.973560333252 28.9873104095459 28.9748134613037 28.9859638214111 28.9879550933838 28.9927310943604 29.0006504058838 28.9849700927734 28.9678897857666
