G_variables/Set1/4.5/SSTmean.asc
NCOLS 581 
NROWS 855 
XLLCORNER -74.9166666666667 
YLLCORNER -55.8333333333333 
CELLSIZE 0.0833333333333333 
NODATA_value -9999 
[rows 270 to 296 of 855, columns 488 to 548 of 581]
28.8955192565918 28.9042167663574 28.9057960510254 28.9274768829346 28.9415111541748 28.9372901916504 28.9448413848877 28.9501762390137 28.9404411315918 28.9325656890869 28.9333553314209 28.9298534393311 28.9252986907959 28.9229049682617 28.9169368743896 28.909797668457 28.9160900115967 28.9142093658447 28.9080696105957 28.9082336425781 28.9058685302734 28.9002723693848 28.8995151519775 28.8967208862305 28.888053894043 28.8874168395996 28.8893432617188 28.8786773681641 28.8743267059326 28.8698921203613 28.859245300293 28.8537406921387 28.8478240966797 -9999 -9999 -9999 -9999 -9999 -9999 -9999 -9999 -9999 -9999 -9999 -9999 -9999 -9999 -9999 -9999 -9999 -9999 -9999 -9999 -9999 -9999 -9999 -9999 -9999 -9999 -9999 -9999
28.8900947570801 28.8927116394043 28.9015064239502 28.9262619018555 28.9276027679443 28.9328022003174 28.9424095153809 28.9427623748779 28.9420166015625 28.9385280609131 28.9330806732178 28.9300327301025 28.9215793609619 28.9174880981445 28.9141826629639 28.9080467224121 28.9087314605713 28.9096336364746 28.9030475616455 28.9017925262451 28.9032192230225 28.8974266052246 28.895263671875 28.8945903778076 28.8868808746338 28.8843002319336 28.881383895874 28.8705711364746 28.8657093048096 28.8631420135498 28.8504905700684 28.8446617126465 28.84055519104 -9999 -9999 -9999 -9999 -9999 -9999 -9999 -9999 -9999 -9999 -9999 -9999 -9999 -9999 -9999 -9999 -9999 -9999 -9999 -9999 -9999 -9999 -9999 -9999 -9999 -9999 -9999 -9999
28.8797397613525 28.8890972137451 28.8928985595703 28.9183540344238 28.9245071411133 28.9232902526855 28.9348068237305 28.9371814727783 28.9395084381104 28.9348793029785 28.9328994750977 28.9273681640625 28.9205265045166 28.916784286499 28.9131317138672 28.905200958252 28.9069957733154 28.9059619903564 28.8994255065918 28.8988094329834 28.8973693847656 28.8898658752441 28.892068862915 28.8893299102783 28.8798389434814 28.8793525695801 28.8757076263428 28.8653659820557 28.8633327484131 28.8572101593018 28.8456363677979 28.8429107666016 28.8366241455078 -9999 -9999 -9999 -9999 -9999 -9999 -9999 -9999 -9999 -9999 -9999 -9999 -9999 -9999 -9999 -9999 -9999 -9999 -9999 -9999 -9999 -9999 -9999 -9999 -9999 -9999 -9999 -9999
28.8750839233398 28.8812847137451 28.8902606964111 28.9178066253662 28.9329566955566 28.9232082366943 28.9337215423584 28.9408264160156 28.9352893829346 28.9336643218994 28.9330177307129 28.9256191253662 28.9187126159668 28.9162349700928 28.910623550415 28.9035816192627 28.9060668945312 28.903356552124 28.8971290588379 28.8969268798828 28.8946304321289 28.8875560760498 28.8899307250977 28.8868522644043 28.8761215209961 28.8750057220459 28.8724117279053 28.8620491027832 28.8583030700684 28.8535099029541 28.8434753417969 28.838996887207 28.8345489501953 -9999 -9999 -9999 -9999 -9999 -9999 -9999 -9999 -9999 -9999 -9999 -9999 -9999 -9999 -9999 -9999 -9999 -9999 -9999 -9999 -9999 -9999 -9999 -9999 -9999 -9999 -9999 -9999
28.8750686645508 28.8741874694824 28.8865814208984 28.908727645874 28.912691116333 28.9121856689453 28.9242687225342 28.9233570098877 28.9219532012939 28.915843963623 28.9111595153809 28.9080123901367 28.9015464782715 28.8962154388428 28.8911762237549 28.8801822662354 28.8803310394287 28.8815746307373 28.8745040893555 28.8728446960449 28.8736972808838 28.8685894012451 28.8664836883545 28.8672752380371 28.8578033447266 28.8541774749756 28.8530902862549 28.8428440093994 28.8374767303467 28.8349742889404 28.8252334594727 28.8197746276855 28.8172569274902 -9999 -9999 -9999 -9999 -9999 -9999 -9999 -9999 -9999 -9999 -9999 -9999 -9999 -9999 -9999 -9999 -9999 -9999 -9999 -9999 -9999 -9999 -9999 -9999 -9999 -9999 -9999 -9999
28.8599815368652 28.8741321563721 28.8742218017578 28.8988838195801 28.909236907959 28.9115009307861 28.9184074401855 28.9194450378418 28.9168243408203 28.9099941253662 28.9057884216309 28.9019222259521 28.8929138183594 28.88596534729 28.8792858123779 28.8689861297607 28.8683738708496 28.8701725006104 28.8634738922119 28.8664054870605 28.8666820526123 28.8617382049561 28.8601188659668 28.860689163208 28.8516941070557 28.8501491546631 28.8496322631836 28.8380012512207 28.8330059051514 28.828971862793 28.8195209503174 28.8135967254639 28.8093681335449 -9999 -9999 -9999 -9999 -9999 -9999 -9999 -9999 -9999 -9999 -9999 -9999 -9999 -9999 -9999 -9999 -9999 -9999 -9999 -9999 -9999 -9999 -9999 -9999 -9999 -9999 -9999 -9999
28.8482875823975 28.8662338256836 28.8821678161621 28.8884792327881 28.9139614105225 28.9155864715576 28.912130355835 28.9232978820801 28.9157161712646 28.9014720916748 28.8996334075928 28.8916797637939 28.885721206665 28.8814888000488 28.8668403625488 28.8622570037842 28.8648262023926 28.8637790679932 28.862190246582 28.8588428497314 28.8559036254883 28.8566379547119 28.8546104431152 28.8500156402588 28.8465976715088 28.8449096679688 28.841516494751 28.8405208587646 28.8318004608154 28.8231201171875 28.8206787109375 28.8136501312256 28.8026504516602 -9999 -9999 -9999 -9999 -9999 -9999 -9999 -9999 -9999 -9999 -9999 -9999 -9999 -9999 -9999 -9999 -9999 -9999 -9999 -9999 -9999 -9999 -9999 -9999 -9999 -9999 -9999 -9999
28.8554706573486 28.8607292175293 28.8672733306885 28.900972366333 28.9057903289795 28.9071369171143 28.9133014678955 28.9118804931641 28.9094409942627 28.9051055908203 28.900463104248 28.8960285186768 28.8813915252686 28.880090713501 28.8726005554199 28.864501953125 28.8621463775635 28.863338470459 28.8546772003174 28.8534564971924 28.8537425994873 28.848316192627 28.8464832305908 28.8469429016113 28.8402614593506 28.8386058807373 28.8379650115967 28.8287315368652 28.8265762329102 28.8233776092529 28.8122005462646 28.8083095550537 28.7995719909668 -9999 -9999 -9999 -9999 -9999 -9999 -9999 -9999 -9999 -9999 -9999 -9999 -9999 -9999 -9999 -9999 -9999 -9999 -9999 -9999 -9999 -9999 -9999 -9999 -9999 -9999 -9999 -9999
28.855806350708 28.8508033752441 28.8615818023682 28.8950519561768 28.9001159667969 28.8929901123047 28.9066696166992 28.9045257568359 28.90234375 28.8985290527344 28.8953037261963 28.8906421661377 28.8814449310303 28.8720817565918 28.8701152801514 28.8618202209473 28.8601055145264 28.854434967041 28.8475742340088 28.8477725982666 28.8459644317627 28.8400917053223 28.8381214141846 28.8385334014893 28.8324203491211 28.8297748565674 28.8295974731445 28.8213443756104 28.8199081420898 28.8179988861084 28.8073692321777 28.8009090423584 28.7946128845215 -9999 -9999 -9999 -9999 -9999 -9999 -9999 -9999 -9999 -9999 -9999 -9999 -9999 -9999 -9999 -9999 -9999 -9999 -9999 -9999 -9999 -9999 -9999 -9999 -9999 -9999 -9999 -9999
28.8422698974609 28.856029510498 28.8770313262939 28.8851509094238 28.9117813110352 28.9042186737061 28.8995265960693 28.9063415527344 28.8967990875244 28.8935508728027 28.8950519561768 28.886848449707 28.8817234039307 28.870210647583 28.8668079376221 28.8633575439453 28.8584022521973 28.8508853912354 28.8469791412354 28.8435878753662 28.8400344848633 28.8355770111084 28.8325119018555 28.8288650512695 28.8249225616455 28.8255615234375 28.8212013244629 28.8189334869385 28.817081451416 28.8087120056152 28.8075485229492 28.8006725311279 28.787712097168 -9999 -9999 -9999 -9999 -9999 -9999 -9999 -9999 -9999 -9999 -9999 -9999 -9999 -9999 -9999 -9999 -9999 -9999 -9999 -9999 -9999 -9999 -9999 -9999 -9999 -9999 -9999 -9999
28.8521633148193 28.8607540130615 28.8680667877197 28.8959827423096 28.9057331085205 28.8943481445312 28.9077053070068 28.9040393829346 28.8985214233398 28.8907413482666 28.8887805938721 28.8850708007812 28.875862121582 28.8705883026123 28.8669261932373 28.8529872894287 28.8516292572021 28.8521175384521 28.8451366424561 28.834077835083 28.8343086242676 28.8286552429199 28.8288688659668 28.8256168365479 28.8191356658936 28.816198348999 28.8154964447021 28.8123722076416 28.8102684020996 28.8058605194092 28.7942504882812 28.7918491363525 28.7875957489014 -9999 -9999 -9999 -9999 -9999 -9999 -9999 -9999 -9999 -9999 -9999 -9999 -9999 -9999 -9999 -9999 -9999 -9999 -9999 -9999 -9999 -9999 -9999 -9999 -9999 -9999 -9999 -9999
28.8472290039062 28.8479347229004 28.8629875183105 28.8911285400391 28.8927383422852 28.8902072906494 28.9028034210205 28.9015483856201 28.896764755249 28.8870525360107 28.8835601806641 28.8784694671631 28.8696346282959 28.8632907867432 28.8556594848633 28.8436164855957 28.8455505371094 28.8419227600098 28.828311920166 28.8284606933594 28.826639175415 28.8207454681396 28.8206691741943 28.8189392089844 28.8115863800049 28.809850692749 28.8095989227295 28.8020572662354 28.7973098754883 28.7997989654541 28.7897701263428 28.7795257568359 28.7776432037354 -9999 -9999 -9999 -9999 -9999 -9999 -9999 -9999 -9999 -9999 -9999 -9999 -9999 -9999 -9999 -9999 -9999 -9999 -9999 -9999 -9999 -9999 -9999 -9999 -9999 -9999 -9999 -9999
28.8374423980713 28.8619060516357 28.8750991821289 28.8810958862305 28.9051132202148 28.9044990539551 28.8972644805908 28.9073333740234 28.8990173339844 28.8861103057861 28.8850498199463 28.8751773834229 28.8674831390381 28.856803894043 28.8423366546631 28.8351306915283 28.8332042694092 28.8309440612793 28.8281497955322 28.8238544464111 28.8209095001221 28.8201236724854 28.8159523010254 28.8135166168213 28.8114223480225 28.8084411621094 28.8073501586914 28.8053493499756 28.7995262145996 28.7894554138184 28.7859344482422 28.7805366516113 28.7710361480713 -9999 -9999 -9999 -9999 -9999 -9999 -9999 -9999 -9999 -9999 -9999 -9999 -9999 -9999 -9999 -9999 -9999 -9999 -9999 -9999 -9999 -9999 -9999 -9999 -9999 -9999 -9999 -9999
28.8490390777588 28.8597850799561 28.8635005950928 28.8864555358887 28.8938484191895 28.8928928375244 28.8980026245117 28.8996677398682 28.8970432281494 28.8928756713867 28.8870811462402 28.8787212371826 28.8616409301758 28.8529739379883 28.8444728851318 28.8293228149414 28.8308143615723 28.828800201416 28.8165645599365 28.8164386749268 28.8146991729736 28.8142318725586 28.813928604126 28.8122406005859 28.8056221008301 28.8025379180908 28.801570892334 28.7944984436035 28.7912502288818 28.7880535125732 28.7774639129639 28.7694034576416 28.7650260925293 -9999 -9999 -9999 -9999 -9999 -9999 -9999 -9999 -9999 -9999 -9999 -9999 -9999 -9999 -9999 -9999 -9999 -9999 -9999 -9999 -9999 -9999 -9999 -9999 -9999 -9999 -9999 -9999
28.8450202941895 28.8470191955566 28.8583660125732 28.884069442749 28.8927001953125 28.886869430542 28.8919582366943 28.8895053863525 28.886926651001 28.8847942352295 28.8792037963867 28.8734302520752 28.8564777374268 28.8505268096924 28.8455562591553 28.8302974700928 28.8280563354492 28.8229808807373 28.8100547790527 28.8072643280029 28.8069686889648 28.8016567230225 28.8010787963867 28.8000087738037 28.7933540344238 28.7902565002441 28.7884197235107 28.7820796966553 28.7798461914062 28.7762985229492 28.7652721405029 28.7634315490723 28.7568206787109 -9999 -9999 -9999 -9999 -9999 -9999 -9999 -9999 -9999 -9999 -9999 -9999 -9999 -9999 -9999 -9999 -9999 -9999 -9999 -9999 -9999 -9999 -9999 -9999 -9999 -9999 -9999 -9999
28.8394832611084 28.8573551177979 28.8727874755859 28.8729267120361 28.8963508605957 28.8901767730713 28.885139465332 28.8941516876221 28.8867950439453 28.8822422027588 28.8803615570068 28.8706092834473 28.8651142120361 28.8518543243408 28.8433837890625 28.8332386016846 28.8289070129395 28.8184108734131 28.8104572296143 28.8047981262207 28.8009796142578 28.8008193969727 28.7952289581299 28.7939376831055 28.7896423339844 28.7850494384766 28.78147315979 28.7797794342041 28.777229309082 28.765308380127 28.7643604278564 28.7610893249512 28.7492942810059 -9999 -9999 -9999 -9999 -9999 -9999 -9999 -9999 -9999 -9999 -9999 -9999 -9999 -9999 -9999 -9999 -9999 -9999 -9999 -9999 -9999 -9999 -9999 -9999 -9999 -9999 -9999 -9999
28.8527317047119 28.8605842590332 28.8620796203613 28.8843002319336 28.8935661315918 28.8837413787842 28.8953609466553 28.894287109375 28.8835544586182 28.8812217712402 28.8771495819092 28.8708553314209 28.8614730834961 28.8543586730957 28.8451538085938 28.8288555145264 28.8225078582764 28.8173236846924 28.8114490509033 28.8082790374756 28.8007793426514 28.7944278717041 28.7907981872559 28.7897777557373 28.7831287384033 28.7816143035889 28.7806987762451 28.771167755127 28.7674674987793 28.7632255554199 28.7530879974365 28.7468452453613 28.7481822967529 -9999 -9999 -9999 -9999 -9999 -9999 -9999 -9999 -9999 -9999 -9999 -9999 -9999 -9999 -9999 -9999 -9999 -9999 -9999 -9999 -9999 -9999 -9999 -9999 -9999 -9999 -9999 -9999
28.853458404541 28.8528270721436 28.862232208252 28.886209487915 28.8920516967773 28.8812198638916 28.8915271759033 28.8892059326172 28.8841514587402 28.8696689605713 28.8644123077393 28.8582420349121 28.8483619689941 28.8406085968018 28.8359050750732 28.8201370239258 28.8145294189453 28.8097667694092 28.8001899719238 28.7930545806885 28.7898559570312 28.7808151245117 28.779899597168 28.7766284942627 28.7697353363037 28.7694416046143 28.7667407989502 28.7568893432617 28.757209777832 28.752124786377 28.7415161132812 28.7358341217041 -9999 -9999 -9999 -9999 -9999 -9999 -9999 -9999 -9999 -9999 -9999 -9999 -9999 -9999 -9999 -9999 -9999 -9999 -9999 -9999 -9999 -9999 -9999 -9999 -9999 -9999 -9999 -9999 -9999
28.8427925109863 28.8628959655762 28.8767776489258 28.8823928833008 28.8989067077637 28.8962726593018 28.8857154846191 28.892463684082 28.8834972381592 28.8660430908203 28.8641090393066 28.8534927368164 28.8439655303955 28.8372936248779 28.8248157501221 28.8160972595215 28.8129749298096 28.8027973175049 28.7943229675293 28.7897701263428 28.7835159301758 28.7800693511963 28.7750682830811 28.7710762023926 28.7692928314209 28.7654514312744 28.762092590332 28.7576961517334 28.7540225982666 28.7453346252441 28.7404670715332 28.7336139678955 -9999 -9999 -9999 -9999 -9999 -9999 -9999 -9999 -9999 -9999 -9999 -9999 -9999 -9999 -9999 -9999 -9999 -9999 -9999 -9999 -9999 -9999 -9999 -9999 -9999 -9999 -9999 -9999 -9999
28.8552074432373 28.8712711334229 28.8740253448486 28.8947315216064 28.8888187408447 28.8897819519043 28.8971881866455 28.8848762512207 28.8789710998535 28.8629951477051 28.8578262329102 28.8490676879883 28.8387908935547 28.8309574127197 28.818603515625 28.8045063018799 28.8046283721924 28.8018760681152 28.7929706573486 28.786434173584 28.7826976776123 28.7728443145752 28.7715091705322 28.7694664001465 28.7618637084961 28.7610263824463 28.7624816894531 28.7526073455811 28.746789932251 28.7434844970703 28.7322940826416 28.7263698577881 -9999 -9999 -9999 -9999 -9999 -9999 -9999 -9999 -9999 -9999 -9999 -9999 -9999 -9999 -9999 -9999 -9999 -9999 -9999 -9999 -9999 -9999 -9999 -9999 -9999 -9999 -9999 -9999 -9999
28.8526287078857 28.8660297393799 28.8694896697998 28.8864288330078 28.8821620941162 28.8818893432617 28.880973815918 28.8733196258545 28.8668441772461 28.8587646484375 28.853157043457 28.8465137481689 28.829381942749 28.8217601776123 28.8158893585205 28.802152633667 28.7942066192627 28.792423248291 28.7765007019043 28.7729949951172 28.7712802886963 28.7609615325928 28.7594356536865 28.7564754486084 28.7505970001221 28.7505970001221 28.7453060150146 28.7361927032471 28.7313117980957 28.7268943786621 28.7123603820801 28.7077789306641 -9999 -9999 -9999 -9999 -9999 -9999 -9999 -9999 -9999 -9999 -9999 -9999 -9999 -9999 -9999 -9999 -9999 -9999 -9999 -9999 -9999 -9999 -9999 -9999 -9999 -9999 -9999 -9999 -9999
28.8441333770752 28.8650417327881 28.8770790100098 28.8736839294434 28.8920364379883 28.8786659240723 28.8707618713379 28.874532699585 28.8620834350586 28.8534145355225 28.8525218963623 28.8433246612549 28.8388690948486 28.8257617950439 28.8128986358643 28.8053302764893 28.8027877807617 28.7872352600098 28.7761821746826 28.7673187255859 28.7607975006104 28.7600498199463 28.7542705535889 28.7492580413818 28.744348526001 28.7370281219482 28.731517791748 28.7320117950439 28.7233657836914 28.7140655517578 28.7101135253906 28.7007007598877 -9999 -9999 -9999 -9999 -9999 -9999 -9999 -9999 -9999 -9999 -9999 -9999 -9999 -9999 -9999 -9999 -9999 -9999 -9999 -9999 -9999 -9999 -9999 -9999 -9999 -9999 -9999 -9999 -9999
28.8581104278564 28.8626403808594 28.8639354705811 28.8761196136475 28.8818912506104 28.8718414306641 28.8764457702637 28.8649234771729 28.8571681976318 28.8501262664795 28.8464431762695 28.843505859375 28.8341674804688 28.8199577331543 28.8127765655518 28.8003215789795 28.7978382110596 28.7856292724609 28.7730579376221 28.7637615203857 28.7598190307617 28.7529602050781 28.7491664886475 28.745548248291 28.7366695404053 28.7321548461914 28.7288646697998 28.7186031341553 28.7173767089844 28.7117080688477 28.6975498199463 -9999 -9999 -9999 -9999 -9999 -9999 -9999 -9999 -9999 -9999 -9999 -9999 -9999 -9999 -9999 -9999 -9999 -9999 -9999 -9999 -9999 -9999 -9999 -9999 -9999 -9999 -9999 -9999 -9999 -9999
28.8564434051514 28.8594779968262 28.8582973480225 28.8758563995361 28.8759536743164 28.8631191253662 28.8672580718994 28.8615493774414 28.8542976379395 28.8426151275635 28.8364410400391 28.8309917449951 28.8212146759033 28.8102207183838 28.8044738769531 28.787633895874 28.7816276550293 28.7720851898193 28.7620277404785 28.7602710723877 28.7563247680664 28.7373542785645 28.7334938049316 28.7318229675293 28.7225208282471 28.7207508087158 28.7164173126221 28.7027988433838 28.6996021270752 28.6928424835205 28.6803760528564 -9999 -9999 -9999 -9999 -9999 -9999 -9999 -9999 -9999 -9999 -9999 -9999 -9999 -9999 -9999 -9999 -9999 -9999 -9999 -9999 -9999 -9999 -9999 -9999 -9999 -9999 -9999 -9999 -9999 -9999
28.8443355560303 28.8631286621094 28.868932723999 28.8705425262451 28.8815898895264 28.8670921325684 28.862771987915 28.8648052215576 28.8548202514648 28.8407669067383 28.8346080780029 28.8255500793457 28.817943572998 28.8044910430908 28.7950286865234 28.7840061187744 28.7762031555176 28.7646389007568 28.7605438232422 28.7552490234375 28.7421913146973 28.736888885498 28.7313194274902 28.7242832183838 28.7207794189453 28.7166061401367 28.7087669372559 28.7015590667725 28.6950187683105 28.684103012085 28.6784229278564 -9999 -9999 -9999 -9999 -9999 -9999 -9999 -9999 -9999 -9999 -9999 -9999 -9999 -9999 -9999 -9999 -9999 -9999 -9999 -9999 -9999 -9999 -9999 -9999 -9999 -9999 -9999 -9999 -9999 -9999
28.8544464111328 28.8625392913818 28.8662548065186 28.8835544586182 28.8709373474121 28.8713474273682 28.8637409210205 28.8595523834229 28.8526058197021 28.8378810882568 28.8305854797363 28.823169708252 28.804313659668 28.7946472167969 28.7862415313721 28.7724800109863 28.7679176330566 28.762321472168 28.7491436004639 28.7418937683105 28.7400569915771 28.7284984588623 28.7268600463867 28.7220211029053 28.7119483947754 28.7088661193848 28.7076416015625 28.6918144226074 28.6893310546875 28.6815986633301 -9999 -9999 -9999 -9999 -9999 -9999 -9999 -9999 -9999 -9999 -9999 -9999 -9999 -9999 -9999 -9999 -9999 -9999 -9999 -9999 -9999 -9999 -9999 -9999 -9999 -9999 -9999 -9999 -9999 -9999 -9999
28.85009765625 28.8573780059814 28.8645420074463 28.8716220855713 28.864709854126 28.857666015625 28.8591747283936 28.8446426391602 28.8409023284912 28.8255729675293 28.8156337738037 28.8026103973389 28.7907295227051 28.7819175720215 28.7676563262939 28.7537307739258 28.7483882904053 28.7426128387451 28.7338695526123 28.7251834869385 28.7204990386963 28.7085571289062 28.7102909088135 28.7044486999512 28.6919212341309 28.6904182434082 28.6873931884766 28.6741561889648 28.6657600402832 28.6629409790039 -9999 -9999 -9999 -9999 -9999 -9999 -9999 -9999 -9999 -9999 -9999 -9999 -9999 -9999 -9999 -9999 -9999 -9999 -9999 -9999 -9999 -9999 -9999 -9999 -9999 -9999 -9999 -9999 -9999 -9999 -9999
