G_variables/Set1/4.5/SSTmean.asc
NCOLS 581 
NROWS 855 
XLLCORNER -74.9166666666667 
YLLCORNER -55.8333333333333 
CELLSIZE 0.0833333333333333 
NODATA_value -9999 
[rows 324 to 350 of 855, columns 427 to 487 of 581]
-9999 -9999 -9999 -9999 -9999 -9999 -9999 -9999 -9999 -9999 -9999 -9999 -9999 -9999 -9999 -9999 -9999 -9999 -9999 -9999 -9999 -9999 28.2702236175537 28.2474193572998 28.2997226715088 28.3212699890137 28.3529319763184 28.40159034729 28.4312782287598 28.4806957244873 28.5046463012695 28.5259399414062 28.5721874237061 28.5839881896973 28.5915241241455 28.623233795166 28.6322231292725 28.6412086486816 28.6599464416504 28.6685638427734 28.6725463867188 28.6849956512451 28.6883602142334 28.6936340332031 28.7042922973633 28.7051887512207 28.7051811218262 28.7119121551514 28.698221206665 28.6967849731445 28.7016582489014 28.700309753418 28.6978054046631 28.6982440948486 28.6929340362549 28.6862411499023 28.6851539611816 28.6772880554199 28.6652717590332 28.6607284545898 28.6491260528564
-9999 -9999 -9999 -9999 -9999 -9999 -9999 -9999 -9999 -9999 -9999 -9999 -9999 -9999 -9999 -9999 -9999 -9999 -9999 -9999 -9999 -9999 28.2836666107178 28.2823009490967 28.2943859100342 28.353551864624 28.3791313171387 28.3970756530762 28.4663009643555 28.4950790405273 28.4978504180908 28.5498714447021 28.5726108551025 28.5787181854248 28.6091613769531 28.6240158081055 28.6300621032715 28.6518230438232 28.663444519043 28.6698436737061 28.6847476959229 28.6785621643066 28.6832180023193 28.6917934417725 28.6980800628662 28.698543548584 28.701530456543 28.7044658660889 28.696044921875 28.6921730041504 28.6950817108154 28.6969165802002 28.6948795318604 28.6900367736816 28.6866569519043 28.6785449981689 28.6768417358398 28.6728668212891 28.6571617126465 28.6526660919189 28.6386585235596
-9999 -9999 -9999 -9999 -9999 -9999 -9999 -9999 -9999 -9999 -9999 -9999 -9999 -9999 -9999 -9999 -9999 -9999 -9999 -9999 -9999 28.2855434417725 28.2946472167969 28.3173408508301 28.3310737609863 28.392261505127 28.4224967956543 28.4391460418701 28.5056228637695 28.5168514251709 28.5270500183105 28.5769863128662 28.5827140808105 28.5945777893066 28.6268920898438 28.6349678039551 28.6392288208008 28.6617698669434 28.6699409484863 28.6758060455322 28.6886863708496 28.6815643310547 28.6810913085938 28.6884536743164 28.688943862915 28.6888866424561 28.6955089569092 28.688533782959 28.6821899414062 28.6773586273193 28.6772079467773 28.6803817749023 28.6791305541992 28.6726703643799 28.6685791015625 28.6609134674072 28.6575736999512 28.6522388458252 28.641134262085 28.6280860900879 28.6226921081543
-9999 -9999 -9999 -9999 -9999 -9999 -9999 -9999 -9999 -9999 -9999 -9999 -9999 -9999 -9999 -9999 -9999 -9999 -9999 -9999 -9999 28.2801971435547 28.3080997467041 28.3025608062744 28.3578643798828 28.386625289917 28.4341011047363 28.4701309204102 28.4939250946045 28.543155670166 28.5536327362061 28.5694751739502 28.6056118011475 28.6094608306885 28.6215133666992 28.6449298858643 28.6510925292969 28.6576442718506 28.6727619171143 28.6773223876953 28.6817932128906 28.6833324432373 28.6829967498779 28.6842823028564 28.6914463043213 28.6901149749756 28.6823539733887 28.6858024597168 28.6760673522949 28.6753978729248 28.6735725402832 28.6714172363281 28.6700458526611 28.6672878265381 28.6611442565918 28.6540145874023 28.6497688293457 28.6416854858398 28.6296043395996 28.6262111663818 28.6070213317871
-9999 -9999 -9999 -9999 -9999 -9999 -9999 -9999 -9999 -9999 -9999 -9999 -9999 -9999 -9999 -9999 -9999 -9999 -9999 -9999 28.2738437652588 28.2863082885742 28.3176651000977 28.3261909484863 28.3493595123291 28.4156284332275 28.4314498901367 28.4607200622559 28.516622543335 28.5281200408936 28.5506629943848 28.591381072998 28.6021690368652 28.6070003509521 28.6314334869385 28.6420307159424 28.6477203369141 28.6620407104492 28.6654491424561 28.6683025360107 28.6775684356689 28.6787185668945 28.6817951202393 28.6850776672363 28.6863803863525 28.6801986694336 28.6781749725342 28.6773700714111 28.6706237792969 28.6686019897461 28.6680965423584 28.6631011962891 28.6598834991455 28.6537170410156 28.6504516601562 28.644588470459 28.6395168304443 28.6351528167725 28.6194896697998 28.6153450012207 28.5969409942627
-9999 -9999 -9999 -9999 -9999 -9999 -9999 -9999 -9999 -9999 -9999 -9999 -9999 -9999 -9999 -9999 -9999 -9999 -9999 -9999 28.288948059082 28.3137683868408 28.3456840515137 28.358434677124 28.3872947692871 28.4535579681396 28.4665813446045 28.4891548156738 28.5446643829346 28.5542736053467 28.5677032470703 28.6065158843994 28.6163768768311 28.6146812438965 28.6379451751709 28.643913269043 28.6467056274414 28.6636619567871 28.6618423461914 28.6641712188721 28.6728839874268 28.6735019683838 28.673282623291 28.6775970458984 28.6770401000977 28.6670455932617 28.6641731262207 28.6617469787598 28.655065536499 28.6508102416992 28.6487598419189 28.6451778411865 28.6350421905518 28.6307582855225 28.6273994445801 28.6195526123047 28.6163692474365 28.6115665435791 28.5957565307617 28.5870933532715 28.5797176361084
-9999 -9999 -9999 -9999 -9999 -9999 -9999 -9999 -9999 -9999 -9999 -9999 -9999 -9999 -9999 -9999 -9999 -9999 -9999 28.2859630584717 28.2663402557373 28.3184490203857 28.3393154144287 28.3717422485352 28.4182014465332 28.4462623596191 28.4933013916016 28.5192222595215 28.5351467132568 28.5717735290527 28.5868320465088 28.5983905792236 28.6231365203857 28.6254634857178 28.6315307617188 28.647424697876 28.6513938903809 28.6535682678223 28.6644496917725 28.6648826599121 28.669303894043 28.6757621765137 28.6729583740234 28.6717796325684 28.6732845306396 28.6620101928711 28.6585636138916 28.6572360992432 28.6486282348633 28.6454067230225 28.6430568695068 28.631311416626 28.6268863677979 28.6222114562988 28.616569519043 28.611011505127 28.6071186065674 28.6005458831787 28.5907974243164 28.5867862701416 28.569522857666
-9999 -9999 -9999 -9999 -9999 -9999 -9999 -9999 -9999 -9999 -9999 -9999 -9999 -9999 -9999 -9999 -9999 -9999 28.2823715209961 28.2992744445801 28.2971820831299 28.309326171875 28.3675270080566 28.3930892944336 28.4091396331787 28.4750938415527 28.505802154541 28.5150337219238 28.5598278045654 28.5641250610352 28.5810680389404 28.6107349395752 28.6156177520752 28.6263942718506 28.6374778747559 28.6448707580566 28.6469058990479 28.6545124053955 28.6593379974365 28.6608390808105 28.6677474975586 28.6693935394287 28.6696834564209 28.6674022674561 28.6671485900879 28.6653156280518 28.6520900726318 28.6503429412842 28.6434555053711 28.6377620697021 28.6352024078369 28.6257820129395 28.6184158325195 28.6143112182617 28.6093044281006 28.5998020172119 28.5969123840332 28.5941581726074 28.5795612335205 28.5753726959229 28.5637454986572
-9999 -9999 -9999 -9999 -9999 -9999 -9999 -9999 -9999 -9999 -9999 -9999 -9999 -9999 -9999 -9999 -9999 -9999 28.2947216033936 28.3075981140137 28.3157691955566 28.3443222045898 28.4022483825684 28.4196891784668 28.4452819824219 28.5091590881348 28.5234222412109 28.5414943695068 28.5803451538086 28.5853843688965 28.5918560028076 28.6199932098389 28.6259822845459 28.6286544799805 28.6368103027344 28.6390819549561 28.6410522460938 28.6494407653809 28.6504764556885 28.6516304016113 28.6581878662109 28.6608486175537 28.6567230224609 28.6534252166748 28.6515560150146 28.648286819458 28.6380252838135 28.6343879699707 28.6250972747803 28.6192016601562 28.615873336792 28.6059799194336 28.5983753204346 28.5920448303223 28.5861759185791 28.5743350982666 28.5738353729248 28.569314956665 28.5542221069336 28.5495319366455 28.5351371765137
-9999 -9999 -9999 -9999 -9999 -9999 -9999 -9999 -9999 -9999 -9999 -9999 -9999 -9999 -9999 -9999 -9999 28.2468376159668 28.2892799377441 28.3194007873535 28.3144092559814 28.3673076629639 28.3939266204834 28.4416408538818 28.4749145507812 28.4975738525391 28.542350769043 28.5581569671631 28.5711441040039 28.5965003967285 28.6072101593018 28.6132984161377 28.631010055542 28.6357192993164 28.6311187744141 28.6421794891357 28.6447582244873 28.6441211700439 28.6510276794434 28.6493644714355 28.6515884399414 28.6546573638916 28.6506481170654 28.6484832763672 28.6467380523682 28.6418781280518 28.6326904296875 28.6288433074951 28.6169109344482 28.6142902374268 28.6115207672119 28.6005916595459 28.5957145690918 28.5868625640869 28.5789451599121 28.5731506347656 28.566125869751 28.5592021942139 28.548376083374 28.5413665771484 28.5166435241699
-9999 -9999 -9999 -9999 -9999 -9999 -9999 -9999 -9999 -9999 -9999 -9999 -9999 -9999 -9999 -9999 28.2889995574951 28.2857608795166 28.2978076934814 28.3324794769287 28.3404598236084 28.3601036071777 28.4274139404297 28.4527244567871 28.4647579193115 28.5224018096924 28.5448703765869 28.5492572784424 28.5840148925781 28.5932445526123 28.6025142669678 28.6196994781494 28.6286392211914 28.6319541931152 28.6331558227539 28.6341667175293 28.6383647918701 28.6417007446289 28.6461143493652 28.6457958221436 28.6451206207275 28.6451759338379 28.643159866333 28.6387157440186 28.6372165679932 28.6320037841797 28.6246528625488 28.6228675842285 28.613245010376 28.6061706542969 28.6035022735596 28.5968284606934 28.5894412994385 28.5804672241211 28.5737705230713 28.5640106201172 28.5598793029785 28.5546989440918 28.5372180938721 28.5230083465576 28.5167236328125
-9999 -9999 -9999 -9999 -9999 -9999 -9999 -9999 -9999 -9999 -9999 -9999 -9999 -9999 -9999 -9999 28.2941074371338 28.3076839447021 28.33620262146 28.3708019256592 28.3815059661865 28.4053001403809 28.4690113067627 28.4820098876953 28.4960136413574 28.5493545532227 28.5575408935547 28.5673923492432 28.6005973815918 28.6093616485596 28.6132164001465 28.6268997192383 28.6266784667969 28.6286201477051 28.6283340454102 28.6287841796875 28.6321773529053 28.634822845459 28.6309566497803 28.6324615478516 28.6307830810547 28.6270122528076 28.6256484985352 28.6210899353027 28.6191463470459 28.6124515533447 28.605052947998 28.6025638580322 28.5912189483643 28.5851955413818 28.5822830200195 28.579610824585 28.5648498535156 28.5570430755615 28.5517044067383 28.541353225708 28.5363674163818 28.5292186737061 28.5111503601074 28.4965858459473 28.4865226745605
-9999 -9999 -9999 -9999 -9999 -9999 -9999 28.4479637145996 -9999 -9999 -9999 -9999 -9999 -9999 -9999 28.2926502227783 28.3104248046875 28.2881031036377 28.3395156860352 28.365571975708 28.4046154022217 28.4406032562256 28.4619541168213 28.5102214813232 28.5276927947998 28.5431251525879 28.5770835876465 28.5860481262207 28.5955905914307 28.61865234375 28.6224937438965 28.6278343200684 28.6324844360352 28.6315422058105 28.6232223510742 28.629674911499 28.6303443908691 28.6279697418213 28.6290702819824 28.6258640289307 28.624626159668 28.6215438842773 28.6178398132324 28.6153335571289 28.612699508667 28.6088428497314 28.5994396209717 28.5941028594971 28.5823783874512 28.5793209075928 28.5746192932129 28.5658626556396 28.5594806671143 28.5537891387939 28.5452632904053 28.5363140106201 28.5263748168945 28.5162582397461 28.5039310455322 28.4951019287109 28.4746608734131
-9999 -9999 -9999 -9999 -9999 -9999 -9999 28.4296646118164 28.4375991821289 28.4127731323242 -9999 -9999 -9999 -9999 28.2888889312744 28.2930126190186 28.3289909362793 28.3265361785889 28.3407688140869 28.3988571166992 28.4098243713379 28.4359436035156 28.4938907623291 28.5046424865723 28.5272846221924 28.5618209838867 28.5790538787842 28.5822658538818 28.6054763793945 28.6162204742432 28.6186542510986 28.6309967041016 28.6301403045654 28.6277866363525 28.6212635040283 28.6234760284424 28.6246871948242 28.6227359771729 28.6225070953369 28.6211910247803 28.6171131134033 28.6145820617676 28.6128025054932 28.6068172454834 28.6058177947998 28.6040477752686 28.5960903167725 28.5886173248291 28.5773277282715 28.5705127716064 28.5624656677246 28.5600643157959 28.5493087768555 28.5447273254395 28.5407657623291 28.5235061645508 28.5172271728516 28.5123653411865 28.4924507141113 28.4871482849121 28.4750995635986
-9999 -9999 -9999 -9999 -9999 -9999 28.4172973632812 28.4184761047363 28.4158782958984 28.3962860107422 28.3643016815186 -9999 -9999 28.300745010376 28.2997131347656 28.3240718841553 28.3513317108154 28.3762092590332 28.3896636962891 28.4547519683838 28.4648590087891 28.4777145385742 28.5303440093994 28.5389461517334 28.5491523742676 28.5849685668945 28.5891265869141 28.5924453735352 28.6125926971436 28.6157512664795 28.6189403533936 28.6261959075928 28.62770652771 28.6276397705078 28.6139354705811 28.6113662719727 28.6093559265137 28.6104679107666 28.6088676452637 28.6057796478271 28.6010456085205 28.5967674255371 28.5953102111816 28.5897922515869 28.5867137908936 28.5849628448486 28.5781116485596 28.5743675231934 28.5585308074951 28.545654296875 28.5435886383057 28.5393409729004 28.5283031463623 28.5227508544922 28.518762588501 28.4996814727783 28.4921894073486 28.4872055053711 28.4692878723145 28.4604072570801 28.4546928405762
-9999 -9999 -9999 -9999 -9999 28.566722869873 28.417760848999 28.4078578948975 28.4810352325439 28.3849258422852 -9999 -9999 28.3037242889404 28.3156452178955 28.2630062103271 28.3310775756836 28.3522987365723 28.3818626403809 28.4220294952393 28.4473667144775 28.495189666748 28.5093784332275 28.5233764648438 28.5608310699463 28.5696868896484 28.5789108276367 28.602611541748 28.6013946533203 28.6031532287598 28.6183795928955 28.6187763214111 28.6199893951416 28.6283435821533 28.6252765655518 28.6158809661865 28.6132831573486 28.6082172393799 28.6060676574707 28.6036167144775 28.5988159179688 28.5980167388916 28.5892086029053 28.5851535797119 28.5845890045166 28.5809059143066 28.576114654541 28.5728664398193 28.5672988891602 28.548942565918 28.5371341705322 28.5330581665039 28.5271663665771 28.5231494903564 28.5178356170654 28.5082607269287 28.498607635498 28.4909706115723 28.4794368743896 28.468864440918 28.4591197967529 28.4460506439209
-9999 -9999 -9999 -9999 -9999 -9999 28.377124786377 28.3765983581543 28.3777599334717 28.3649215698242 28.3566417694092 28.3226509094238 28.3091983795166 28.3285026550293 28.3181819915771 28.3310546875 28.3833351135254 28.3962993621826 28.4210319519043 28.4794692993164 28.4862194061279 28.5094776153564 28.5440158843994 28.5503921508789 28.565990447998 28.589204788208 28.5999183654785 28.5962371826172 28.6064186096191 28.6135330200195 28.6145896911621 28.620512008667 28.6222305297852 28.6180000305176 28.6119079589844 28.6103630065918 28.6049556732178 28.5993843078613 28.5967388153076 28.5941925048828 28.5892581939697 28.5828514099121 28.5806045532227 28.5738182067871 28.5744876861572 28.5717887878418 28.5641231536865 28.5555000305176 28.5417671203613 28.5341472625732 28.5262413024902 28.5241870880127 28.5146713256836 28.5094108581543 28.5047245025635 28.4897136688232 28.4830684661865 28.4760150909424 28.4563503265381 28.4484691619873 28.4361038208008
-9999 -9999 -9999 -9999 -9999 -9999 -9999 28.3044853210449 28.3011360168457 28.3188285827637 28.3095817565918 28.3073139190674 28.3298282623291 28.3539981842041 28.3630313873291 28.3861770629883 28.4418983459473 28.451488494873 28.4689102172852 28.5224342346191 28.5308399200439 28.5359916687012 28.5716037750244 28.5745582580566 28.5767974853516 28.5976963043213 28.5987777709961 28.5999965667725 28.6045703887939 28.6068649291992 28.6081428527832 28.6137046813965 28.609302520752 28.6074695587158 28.6008014678955 28.5987701416016 28.5955486297607 28.5853080749512 28.5823955535889 28.5775604248047 28.5716400146484 28.5660610198975 28.5630187988281 28.5560626983643 28.5549983978271 28.5535507202148 28.5405902862549 28.5367565155029 28.5232925415039 28.5156002044678 28.5144462585449 28.5064945220947 28.4964332580566 28.4910984039307 28.482795715332 28.4681758880615 28.4567432403564 28.451509475708 28.4316959381104 28.4224910736084 28.408052444458
-9999 -9999 -9999 -9999 -9999 28.1644840240479 28.2739162445068 28.2833843231201 28.2363777160645 28.2904891967773 28.3011226654053 28.2783317565918 28.3344058990479 28.3552169799805 28.3797664642334 28.4177856445312 28.4420909881592 28.4913291931152 28.5032844543457 28.518648147583 28.553768157959 28.55859375 28.5665912628174 28.5861949920654 28.5887908935547 28.5926761627197 28.6021556854248 28.600399017334 28.6030826568604 28.614896774292 28.6133403778076 28.6061458587646 28.608772277832 28.6039085388184 28.5967903137207 28.5960445404053 28.5893898010254 28.5850162506104 28.5731086730957 28.565242767334 28.5612411499023 28.5581951141357 28.5563583374023 28.554012298584 28.5517711639404 28.5398921966553 28.5365028381348 28.5314807891846 28.5148506164551 28.5119323730469 28.5063743591309 28.5049610137939 28.4952201843262 28.4826564788818 28.4716529846191 28.4637317657471 28.4521503448486 28.4401931762695 28.4290657043457 28.4139804840088 -9999
-9999 -9999 -9999 -9999 28.2523136138916 28.2442054748535 28.2545051574707 28.2785720825195 28.2828845977783 28.2776489257812 28.3308181762695 28.3334655761719 28.3316097259521 28.3909492492676 28.40749168396 28.4189014434814 28.4726314544678 28.4987449645996 28.5051784515381 28.5400772094727 28.5585823059082 28.5548896789551 28.5737915039062 28.581714630127 28.5810737609863 28.5967502593994 28.5971603393555 28.6002178192139 28.6067028045654 28.6118049621582 28.6120872497559 28.6004791259766 28.5971126556396 28.5949611663818 28.5861320495605 28.5877685546875 28.583158493042 28.5701351165771 28.5657730102539 28.5618839263916 28.5529136657715 28.5502777099609 28.5491352081299 28.5418663024902 28.5429134368896 28.532434463501 28.5236892700195 28.5218830108643 28.5098247528076 28.5003433227539 28.4982166290283 28.4936046600342 28.4817142486572 28.4720554351807 28.4649562835693 28.4473285675049 28.4449138641357 28.4360809326172 28.4154644012451 -9999 -9999
-9999 -9999 -9999 -9999 28.2407398223877 28.2334632873535 28.24098777771 28.2360572814941 28.2474632263184 28.2806377410889 28.3429050445557 28.3588466644287 28.3845825195312 28.4432411193848 28.4621734619141 28.4691505432129 28.5183811187744 28.5307025909424 28.5349235534668 28.5666046142578 28.563404083252 28.5674324035645 28.5844631195068 28.5855846405029 28.5838012695312 28.5961322784424 28.5976448059082 28.598165512085 28.6012210845947 28.6000633239746 28.5980243682861 28.5902061462402 28.5837154388428 28.581241607666 28.5721912384033 28.5678462982178 28.5674915313721 28.5529289245605 28.5477199554443 28.5438747406006 28.5356254577637 28.5316734313965 28.5309429168701 28.5235404968262 28.5222568511963 28.5208225250244 28.5050964355469 28.5028648376465 28.4903888702393 28.4810848236084 28.4768486022949 28.4694118499756 28.4548301696777 28.4458389282227 28.4391765594482 28.4228553771973 28.4195232391357 28.411979675293 -9999 -9999 -9999
-9999 -9999 -9999 28.2302207946777 28.2133808135986 28.1485252380371 28.2273120880127 28.250072479248 28.2439041137695 28.3069610595703 28.3386821746826 28.3889484405518 28.4246959686279 28.4484462738037 28.4924926757812 28.5021591186523 28.5153427124023 28.5524578094482 28.55739402771 28.5651092529297 28.577600479126 28.5796718597412 28.5803089141846 28.5905818939209 28.5895347595215 28.5930156707764 28.6046257019043 28.6037406921387 28.5991401672363 28.6003150939941 28.5960273742676 28.5937633514404 28.581205368042 28.5759029388428 28.5681228637695 28.5654220581055 28.5601463317871 28.5493068695068 28.5445880889893 28.5350494384766 28.5303173065186 28.5245361328125 28.5212669372559 28.5197410583496 28.517240524292 28.5118713378906 28.5011806488037 28.4951763153076 28.4806709289551 28.4764595031738 28.4705982208252 28.4568386077881 28.4480476379395 28.4380741119385 28.4244842529297 28.4158020019531 28.4090232849121 -9999 -9999 -9999 -9999
-9999 -9999 -9999 -9999 -9999 28.207612991333 28.2233066558838 28.2581043243408 28.2721500396729 28.2980327606201 28.3733558654785 28.4013519287109 28.4197025299072 28.481107711792 28.4847564697266 28.5004234313965 28.5356731414795 28.5531578063965 28.5554351806641 28.5762786865234 28.5754585266113 28.5757064819336 28.5842628479004 28.5836334228516 28.5856761932373 28.5933589935303 28.5965347290039 28.6003303527832 28.5964450836182 28.5935955047607 28.5922183990479 28.5885028839111 28.5786895751953 28.5756015777588 28.5620155334473 28.5589904785156 28.5578327178955 28.5408153533936 28.5371551513672 28.5312213897705 28.5211200714111 28.5161781311035 28.5175838470459 28.510570526123 28.5113201141357 28.5081367492676 28.4924488067627 28.4882659912109 28.4801273345947 28.4693965911865 28.4643421173096 28.4522533416748 28.4360523223877 28.4303512573242 28.4207229614258 28.4019947052002 28.3996849060059 -9999 -9999 -9999 -9999
-9999 -9999 -9999 -9999 28.2202091217041 28.2212066650391 28.2478179931641 28.2834320068359 28.3007717132568 28.3358821868896 28.4114170074463 28.4305324554443 28.4559383392334 28.5142345428467 28.5286884307861 28.5288906097412 28.5578022003174 28.5643920898438 28.5652847290039 28.5808372497559 28.5782165527344 28.5791473388672 28.5841827392578 28.5823936462402 28.5826549530029 28.5854434967041 28.5861396789551 28.585412979126 28.583703994751 28.5804862976074 28.5777568817139 28.5683536529541 28.5656871795654 28.5609855651855 28.5444946289062 28.539155960083 28.5355815887451 28.5204925537109 28.514741897583 28.5109119415283 28.5022583007812 28.497896194458 28.496940612793 28.4918022155762 28.4893798828125 28.4879112243652 28.4738616943359 28.4695568084717 28.4621162414551 28.4494533538818 28.4434642791748 28.4313793182373 28.417667388916 28.4125900268555 28.4040012359619 28.3858909606934 -9999 -9999 -9999 -9999 -9999
-9999 -9999 -9999 -9999 28.2264404296875 28.1937294006348 28.2730846405029 28.2996959686279 28.3258152008057 28.3693828582764 28.4014625549316 28.468843460083 28.4845714569092 28.5034770965576 28.5479927062988 28.5538425445557 28.5533008575439 28.5770072937012 28.5772724151611 28.5798873901367 28.5852298736572 28.5842361450195 28.5791988372803 28.5834178924561 28.5790405273438 28.5789909362793 28.5833206176758 28.579418182373 28.5761871337891 28.5770378112793 28.5716781616211 28.5647735595703 28.5613536834717 28.5542240142822 28.5403747558594 28.5349349975586 28.5294418334961 28.5169506072998 28.5106105804443 28.5027542114258 28.4997901916504 28.4939994812012 28.4888381958008 28.4861354827881 28.4841938018799 28.4725151062012 28.4702758789062 28.4644794464111 28.4506683349609 28.4459476470947 28.4391498565674 28.4216156005859 28.4154090881348 28.4065132141113 28.3949298858643 -9999 -9999 -9999 -9999 -9999 -9999
-9999 -9999 -9999 -9999 28.255542755127 28.2510986328125 28.2700443267822 28.3098773956299 28.3240585327148 28.3556518554688 28.4293174743652 28.4460868835449 28.4731712341309 28.5225067138672 28.5437088012695 28.5494747161865 28.5704021453857 28.5745429992676 28.5736255645752 28.5843486785889 28.5817356109619 28.5797996520996 28.5791187286377 28.5821590423584 28.5736083984375 28.57444190979 28.5722732543945 28.5709266662598 28.5675983428955 28.5673389434814 28.5688819885254 28.557014465332 28.5535945892334 28.5506496429443 28.5320167541504 28.5278091430664 28.5262355804443 28.512544631958 28.5028839111328 28.4993667602539 28.4908103942871 28.488790512085 28.4855060577393 28.4773426055908 28.4760208129883 28.4687309265137 28.4612274169922 28.4587936401367 28.4475116729736 28.4367275238037 28.4336605072021 28.4278030395508 28.4061412811279 28.4019451141357 28.3947353363037 -9999 -9999 -9999 -9999 -9999 -9999
-9999 -9999 -9999 -9999 28.2677803039551 28.2668876647949 28.2920303344727 28.3353748321533 28.3703117370605 28.383394241333 28.455099105835 28.4705085754395 28.4909934997559 28.5390815734863 28.5483684539795 28.5564765930176 28.5804538726807 28.581974029541 28.5736446380615 28.5827674865723 28.574836730957 28.5732307434082 28.5738563537598 28.5713520050049 28.5656681060791 28.5650730133057 28.5610866546631 28.5545272827148 28.5524082183838 28.5519599914551 28.5524272918701 28.5478992462158 28.535982131958 28.5334281921387 28.5144271850586 28.5116367340088 28.5051403045654 28.4944000244141 28.4882850646973 28.483549118042 28.4732971191406 28.4665374755859 28.4656028747559 28.4577884674072 28.4587821960449 28.4556770324707 28.4424533843994 28.4381923675537 28.4286422729492 28.4182643890381 28.4129905700684 28.4069595336914 28.3933181762695 28.3869037628174 -9999 -9999 -9999 -9999 -9999 -9999 -9999
