G_variables/Set1/4.5/Velmean.asc
NCOLS 581 
NROWS 855 
XLLCORNER -74.9166666666667 
YLLCORNER -55.8333333333333 
CELLSIZE 0.0833333333333333 
NODATA_value -9999 
[rows 324 to 350 of 855, columns 420 to 479 of 581]
-9999 -9999 -9999 -9999 -9999 -9999 -9999 -9999 -9999 -9999 -9999 -9999 -9999 -9999 -9999 -9999 -9999 -9999 -9999 -9999 -9999 -9999 -9999 -9999 -9999 -9999 -9999 -9999 -9999 0.197108134627342 0.215067073702812 0.2650406062603 0.312440037727356 0.351989328861237 0.376515746116638 0.402423232793808 0.392268866300583 0.359767526388168 0.33212599158287 0.304812043905258 0.260132730007172 0.261652290821075 0.24310876429081 0.238281697034836 0.228693962097168 0.215735599398613 0.20377391576767 0.225781261920929 0.245286881923676 0.258234918117523 0.258021146059036 0.256738990545273 0.236592829227448 0.232787579298019 0.232618451118469 0.233439192175865 0.239318296313286 0.227898985147476 0.215314373373985 0.216424018144608
-9999 -9999 -9999 -9999 -9999 -9999 -9999 -9999 -9999 -9999 -9999 -9999 -9999 -9999 -9999 -9999 -9999 -9999 -9999 -9999 -9999 -9999 -9999 -9999 -9999 -9999 -9999 -9999 -9999 0.192687645554543 0.217243626713753 0.27317875623703 0.363663226366043 0.38279002904892 0.387930333614349 0.39622837305069 0.377643525600433 0.37192302942276 0.311793595552444 0.285695642232895 0.260729908943176 0.243978306651115 0.230587288737297 0.24136820435524 0.222535938024521 0.214291289448738 0.207576379179955 0.245653599500656 0.250440210103989 0.270265132188797 0.263552367687225 0.257417678833008 0.246829673647881 0.236609190702438 0.229265064001083 0.235379904508591 0.230233818292618 0.218052104115486 0.214386761188507 0.212788432836533
-9999 -9999 -9999 -9999 -9999 -9999 -9999 -9999 -9999 -9999 -9999 -9999 -9999 -9999 -9999 -9999 -9999 -9999 -9999 -9999 -9999 -9999 -9999 -9999 -9999 -9999 -9999 -9999 0.211640626192093 0.206651344895363 0.230559885501862 0.322680711746216 0.412759929895401 0.408108562231064 0.402018427848816 0.366016685962677 0.35331404209137 0.330021917819977 0.281111270189285 0.26789003610611 0.244340389966965 0.231119737029076 0.229086592793465 0.239407196640968 0.223114788532257 0.218287751078606 0.210323646664619 0.252312272787094 0.256247222423553 0.274664670228958 0.264352768659592 0.257902443408966 0.239617824554443 0.229272559285164 0.224423125386238 0.225555554032326 0.221622750163078 0.217256471514702 0.213717356324196 0.208282709121704
-9999 -9999 -9999 -9999 -9999 -9999 -9999 -9999 -9999 -9999 -9999 -9999 -9999 -9999 -9999 -9999 -9999 -9999 -9999 -9999 -9999 -9999 -9999 -9999 -9999 -9999 -9999 -9999 0.210715860128403 0.206099361181259 0.255464792251587 0.349030286073685 0.41185662150383 0.410833925008774 0.382649540901184 0.365025281906128 0.343168556690216 0.304066389799118 0.280566692352295 0.261564701795578 0.235658973455429 0.232047364115715 0.229287445545197 0.230515897274017 0.224530160427094 0.218993589282036 0.215598836541176 0.249737411737442 0.255147010087967 0.266759395599365 0.264525204896927 0.255689978599548 0.237913489341736 0.229953318834305 0.229170307517052 0.226808130741119 0.223748132586479 0.222310915589333 0.213522642850876 0.206952348351479
-9999 -9999 -9999 -9999 -9999 -9999 -9999 -9999 -9999 -9999 -9999 -9999 -9999 -9999 -9999 -9999 -9999 -9999 -9999 -9999 -9999 -9999 -9999 -9999 -9999 -9999 -9999 0.208728045225143 0.187626257538795 0.242925330996513 0.299256950616837 0.369824349880219 0.411826223134995 0.402336418628693 0.392019808292389 0.348826766014099 0.323307275772095 0.310166239738464 0.269750326871872 0.256698489189148 0.243681520223618 0.230738744139671 0.228304743766785 0.234490111470222 0.223935961723328 0.215327247977257 0.210796356201172 0.25067600607872 0.248409822583199 0.26873379945755 0.261803865432739 0.254481375217438 0.24526384472847 0.235190495848656 0.230974301695824 0.236278846859932 0.228730529546738 0.222608342766762 0.219238892197609 0.209141954779625
-9999 -9999 -9999 -9999 -9999 -9999 -9999 -9999 -9999 -9999 -9999 -9999 -9999 -9999 -9999 -9999 -9999 -9999 -9999 -9999 -9999 -9999 -9999 -9999 -9999 -9999 -9999 0.231818631291389 0.218954712152481 0.317274928092957 0.340063035488129 0.434500694274902 0.405624449253082 0.388972282409668 0.342336177825928 0.303761273622513 0.29781699180603 0.28985258936882 0.266105145215988 0.258737564086914 0.241315230727196 0.228013560175896 0.227278202772141 0.23105426132679 0.222159579396248 0.217544794082642 0.201800361275673 0.235691383481026 0.238388493657112 0.258447021245956 0.261366337537766 0.256665587425232 0.250136435031891 0.241242647171021 0.237501472234726 0.241375371813774 0.229002609848976 0.224238991737366 0.217412829399109 0.21025088429451
-9999 -9999 -9999 -9999 -9999 -9999 -9999 -9999 -9999 -9999 -9999 -9999 -9999 -9999 -9999 -9999 -9999 -9999 -9999 -9999 -9999 -9999 -9999 -9999 -9999 -9999 0.209259584546089 0.217655047774315 0.265670627355576 0.322839051485062 0.372814804315567 0.410888850688934 0.405435502529144 0.378815174102783 0.315439790487289 0.299732804298401 0.283992528915405 0.276874035596848 0.267507404088974 0.257754296064377 0.231038242578506 0.228431835770607 0.223744004964828 0.22666822373867 0.22391003370285 0.220383778214455 0.207692012190819 0.23316065967083 0.239419341087341 0.253795653581619 0.260550260543823 0.253094911575317 0.247456610202789 0.242083206772804 0.23907633125782 0.234688952565193 0.228713884949684 0.221810132265091 0.212244614958763 0.209512457251549
-9999 -9999 -9999 -9999 -9999 -9999 -9999 -9999 -9999 -9999 -9999 -9999 -9999 -9999 -9999 -9999 -9999 -9999 -9999 -9999 -9999 -9999 -9999 -9999 -9999 0.210166722536087 0.201351046562195 0.22106659412384 0.253080099821091 0.383507788181305 0.402776807546616 0.431365311145782 0.384923875331879 0.351060301065445 0.32056650519371 0.282453626394272 0.273066878318787 0.283151566982269 0.264960885047913 0.255973935127258 0.238382756710052 0.22272039949894 0.22016416490078 0.229345828294754 0.226139485836029 0.221838772296906 0.212037920951843 0.237438231706619 0.237531736493111 0.253781795501709 0.25560861825943 0.245808407664299 0.251521944999695 0.243206590414047 0.232681125402451 0.238633096218109 0.224380046129227 0.212035894393921 0.211262300610542 0.208119332790375
-9999 -9999 -9999 -9999 -9999 -9999 -9999 -9999 -9999 -9999 -9999 -9999 -9999 -9999 -9999 -9999 -9999 -9999 -9999 -9999 -9999 -9999 -9999 -9999 -9999 0.208337873220444 0.219426572322845 0.244466111063957 0.333499252796173 0.425318658351898 0.417943924665451 0.400818407535553 0.336141914129257 0.322320371866226 0.285165548324585 0.26536351442337 0.265107333660126 0.273914664983749 0.263799965381622 0.25706273317337 0.234714478254318 0.218454018235207 0.219828084111214 0.229960948228836 0.232556581497192 0.22904010117054 0.217818856239319 0.231105208396912 0.234277233481407 0.251024782657623 0.247453704476357 0.241064012050629 0.241493761539459 0.231586486101151 0.225668460130692 0.222733840346336 0.208815068006516 0.204804539680481 0.203652709722519 0.20437940955162
-9999 -9999 -9999 -9999 -9999 -9999 -9999 -9999 -9999 -9999 -9999 -9999 -9999 -9999 -9999 -9999 -9999 -9999 -9999 -9999 -9999 -9999 -9999 -9999 0.222978368401527 0.228810727596283 0.226045563817024 0.285245031118393 0.35277932882309 0.422463417053223 0.397746503353119 0.351451486349106 0.330707132816315 0.297793567180634 0.259473562240601 0.262215912342072 0.255499303340912 0.262472242116928 0.26386633515358 0.254204303026199 0.224412798881531 0.21894995868206 0.222645342350006 0.22789753973484 0.232686057686806 0.231590777635574 0.211287379264832 0.226870372891426 0.227689489722252 0.242206811904907 0.245928257703781 0.237733453512192 0.229891955852509 0.228685766458511 0.214735507965088 0.207425802946091 0.205492869019508 0.196865051984787 0.201175034046173 0.204214498400688
-9999 -9999 -9999 -9999 -9999 -9999 -9999 -9999 -9999 -9999 -9999 -9999 -9999 -9999 -9999 -9999 -9999 -9999 -9999 -9999 -9999 -9999 -9999 0.216414466500282 0.248019710183144 0.207447111606598 0.286697268486023 0.328801035881042 0.394788265228271 0.396308243274689 0.365617722272873 0.340965509414673 0.296255677938461 0.271153092384338 0.255488723516464 0.252323180437088 0.248539358377457 0.267635196447372 0.259366720914841 0.249789908528328 0.238550499081612 0.224386096000671 0.22238352894783 0.229565754532814 0.236692741513252 0.234369590878487 0.22474230825901 0.220466211438179 0.218187749385834 0.241326510906219 0.240977689623833 0.232073843479156 0.232677519321442 0.218187570571899 0.209161758422852 0.207381397485733 0.199941217899323 0.194233819842339 0.202726677060127 0.205837830901146
-9999 -9999 -9999 -9999 -9999 -9999 -9999 -9999 -9999 -9999 -9999 -9999 -9999 -9999 -9999 -9999 -9999 -9999 -9999 -9999 -9999 -9999 -9999 0.271847367286682 0.276437669992447 0.285831302404404 0.343940645456314 0.347426742315292 0.387271970510483 0.351482331752777 0.33634826540947 0.302989661693573 0.263238251209259 0.251923054456711 0.24057725071907 0.241518586874008 0.242053151130676 0.258086413145065 0.257317572832108 0.254322826862335 0.247764974832535 0.225366473197937 0.227545544505119 0.236628636717796 0.24381859600544 0.242713302373886 0.239175364375114 0.216508537530899 0.21402645111084 0.227905303239822 0.228428408503532 0.225182518362999 0.221286624670029 0.210753485560417 0.207457661628723 0.200311854481697 0.195408672094345 0.192946687340736 0.199576199054718 0.201717063784599
-9999 -9999 -9999 -9999 -9999 -9999 -9999 -9999 -9999 -9999 -9999 -9999 -9999 -9999 0.25492861866951 -9999 -9999 -9999 -9999 -9999 -9999 -9999 0.295040935277939 0.28760427236557 0.311066180467606 0.312432408332825 0.348430156707764 0.361228287220001 0.352717667818069 0.34341287612915 0.306104868650436 0.27624985575676 0.261042028665543 0.241454601287842 0.228147685527802 0.239500313997269 0.240290433168411 0.249880030751228 0.257269352674484 0.25765997171402 0.24345637857914 0.226598829030991 0.228612437844276 0.237825721502304 0.243386685848236 0.244195118546486 0.235851109027863 0.217526987195015 0.219486832618713 0.220731154084206 0.224287629127502 0.220743224024773 0.212551102042198 0.209338799118996 0.202705428004265 0.194153308868408 0.194505825638771 0.197836667299271 0.199718952178955 0.200519919395447
-9999 -9999 -9999 -9999 -9999 -9999 -9999 -9999 -9999 -9999 -9999 -9999 -9999 -9999 0.252990514039993 0.259275138378143 0.2644904255867 -9999 -9999 -9999 -9999 0.29671323299408 0.291348814964294 0.311699658632278 0.338541805744171 0.356619149446487 0.372352927923203 0.353789925575256 0.351926237344742 0.300680875778198 0.283041477203369 0.2768335044384 0.243220940232277 0.232796564698219 0.236222133040428 0.238624960184097 0.240412265062332 0.25684666633606 0.262908846139908 0.259990334510803 0.256746351718903 0.233757078647614 0.226516768336296 0.237565904855728 0.244502753019333 0.240882962942123 0.246881097555161 0.2270388007164 0.222544461488724 0.220578998327255 0.220866858959198 0.213298410177231 0.217427000403404 0.205577909946442 0.199274331331253 0.200478926301003 0.203138306736946 0.200516104698181 0.207860887050629 0.20614792406559
-9999 -9999 -9999 -9999 -9999 -9999 -9999 -9999 -9999 -9999 -9999 -9999 -9999 0.246540576219559 0.249936282634735 0.258160382509232 0.264716863632202 0.264627486467361 -9999 -9999 0.311653554439545 0.305694758892059 0.300197720527649 0.370218127965927 0.366934180259705 0.380589067935944 0.340021580457687 0.328170478343964 0.300987750291824 0.269305497407913 0.262659579515457 0.252817660570145 0.228344619274139 0.226803675293922 0.231856003403664 0.237720355391502 0.241589933633804 0.262544453144073 0.270047843456268 0.268653005361557 0.263727605342865 0.235414728522301 0.230252802371979 0.227049544453621 0.236050799489021 0.236229956150055 0.242345675826073 0.231031984090805 0.228610381484032 0.220535323023796 0.213335245847702 0.210922598838806 0.21106444299221 0.203194335103035 0.201534628868103 0.204698815941811 0.209287747740746 0.208846881985664 0.212125509977341 0.209591224789619
-9999 -9999 -9999 -9999 -9999 -9999 -9999 -9999 -9999 -9999 -9999 -9999 0.203081533312798 0.209781959652901 0.237788796424866 0.256464779376984 0.265015721321106 -9999 -9999 0.322955995798111 0.325721830129623 0.325626283884048 0.325480490922928 0.371307492256165 0.359375983476639 0.349048465490341 0.336679935455322 0.308770954608917 0.269677758216858 0.266250818967819 0.248195022344589 0.23239828646183 0.224428981542587 0.218349128961563 0.225533276796341 0.234282329678535 0.242080256342888 0.260672092437744 0.26872518658638 0.270109921693802 0.256923526525497 0.239398181438446 0.236846789717674 0.223992824554443 0.232335045933723 0.232924729585648 0.233758538961411 0.229299515485764 0.23095814883709 0.216529130935669 0.212349846959114 0.207632452249527 0.204651206731796 0.202246278524399 0.203761130571365 0.205922827124596 0.206115171313286 0.208451271057129 0.206757798790932 0.207755520939827
-9999 -9999 -9999 -9999 -9999 -9999 -9999 -9999 -9999 -9999 -9999 -9999 -9999 0.200410485267639 0.204173654317856 0.24255795776844 0.268662631511688 0.292688846588135 0.318426251411438 0.340634822845459 0.31892603635788 0.344489246606827 0.359315276145935 0.363648504018784 0.336419552564621 0.338851720094681 0.311602681875229 0.284115761518478 0.26834625005722 0.25006827712059 0.240905106067657 0.231908544898033 0.215554520487785 0.21277579665184 0.235054895281792 0.237667366862297 0.237615078687668 0.267518758773804 0.272410154342651 0.271528393030167 0.273376554250717 0.245545789599419 0.23852513730526 0.222868710756302 0.23186993598938 0.22929459810257 0.237342640757561 0.233775079250336 0.228652536869049 0.22684933245182 0.208293855190277 0.203040450811386 0.209481924772263 0.203161597251892 0.200482875108719 0.21063369512558 0.210673257708549 0.207323670387268 0.2111936211586 0.207857400178909
-9999 -9999 -9999 -9999 -9999 -9999 -9999 -9999 -9999 -9999 -9999 -9999 -9999 -9999 0.196682900190353 0.237583994865417 0.249275654554367 0.299259454011917 0.318142920732498 0.348834455013275 0.379247933626175 0.367335170507431 0.350640416145325 0.319214731454849 0.303724259138107 0.283324927091599 0.265170305967331 0.258120745420456 0.246379435062408 0.24433958530426 0.237585201859474 0.222749516367912 0.21064767241478 0.212453052401543 0.237264692783356 0.241810321807861 0.242730781435966 0.263799101114273 0.272876381874084 0.273012667894363 0.276702880859375 0.250060766935349 0.243956387042999 0.223733469843864 0.22594840824604 0.226909190416336 0.232661247253418 0.230332896113396 0.22884227335453 0.223792523145676 0.206737965345383 0.207701414823532 0.213287517428398 0.207417875528336 0.205960869789124 0.211968779563904 0.213905811309814 0.212019667029381 0.210310980677605 0.206701055169106
-9999 -9999 -9999 -9999 -9999 -9999 -9999 -9999 -9999 -9999 -9999 -9999 0.159283503890038 0.168359443545341 0.183325439691544 0.208639398217201 0.286303222179413 0.316081285476685 0.336599081754684 0.353535294532776 0.377935439348221 0.345991224050522 0.306701213121414 0.312212318181992 0.275261402130127 0.265043646097183 0.261564642190933 0.245659694075584 0.234304815530777 0.243663534522057 0.229380860924721 0.209375724196434 0.210621729493141 0.226790308952332 0.241574645042419 0.242690041661263 0.247868493199348 0.261506766080856 0.270450711250305 0.272438377141953 0.265851706266403 0.25066950917244 0.246553301811218 0.220082327723503 0.223980456590652 0.222921788692474 0.225163400173187 0.228373721241951 0.224344819784164 0.215418219566345 0.206007614731789 0.212279349565506 0.213458314538002 0.20906175673008 0.211326852440834 0.206601396203041 0.21123793721199 0.205551713705063 0.203158840537071 0.205126956105232
-9999 -9999 -9999 -9999 -9999 -9999 -9999 -9999 -9999 -9999 -9999 0.148072272539139 0.147034466266632 0.158109664916992 0.170365169644356 0.207105994224548 0.272846311330795 0.342249035835266 0.349005222320557 0.385165244340897 0.345651507377625 0.307785332202911 0.293196797370911 0.26956307888031 0.256345152854919 0.265875071287155 0.247034221887589 0.238057419657707 0.235691979527473 0.23430509865284 0.220893785357475 0.215051144361496 0.229557439684868 0.238742873072624 0.255334317684174 0.254923284053802 0.254280269145966 0.26239538192749 0.272797346115112 0.268792927265167 0.27714216709137 0.253512769937515 0.240134760737419 0.227131441235542 0.222521930932999 0.215232074260712 0.223903313279152 0.222389832139015 0.212207302451134 0.217575281858444 0.211843997240067 0.21013331413269 0.220367819070816 0.215486437082291 0.209524542093277 0.209893763065338 0.203964054584503 0.201812595129013 0.205492466688156 0.20316256582737
-9999 -9999 -9999 -9999 -9999 -9999 -9999 -9999 -9999 -9999 -9999 0.149114981293678 0.148891463875771 0.148284241557121 0.204003468155861 0.226138100028038 0.317223280668259 0.345327764749527 0.336013466119766 0.323914706707001 0.284477710723877 0.272634536027908 0.250398188829422 0.240755155682564 0.240898296236992 0.250024378299713 0.235931500792503 0.231152728199959 0.230663150548935 0.224607601761818 0.221077457070351 0.225048929452896 0.247607171535492 0.250566512346268 0.262632787227631 0.266855925321579 0.264029204845428 0.259805202484131 0.265320062637329 0.262894034385681 0.26238802075386 0.239915132522583 0.233929932117462 0.217554345726967 0.207323372364044 0.204458102583885 0.201131924986839 0.20235238969326 0.201403245329857 0.202429190278053 0.206535547971725 0.20862390100956 0.219772309064865 0.215165764093399 0.212697714567184 0.210098475217819 0.208719298243523 0.20775742828846 0.209839180111885 0.200125098228455
-9999 -9999 -9999 -9999 -9999 -9999 -9999 -9999 -9999 -9999 0.153214499354362 0.153201192617416 0.159098997712135 0.18573522567749 0.209624528884888 0.257514089345932 0.315667927265167 0.341542541980743 0.315134882926941 0.285808116197586 0.278567671775818 0.245221257209778 0.219564348459244 0.238144636154175 0.237072855234146 0.237141340970993 0.234511718153954 0.226053670048714 0.227841347455978 0.225594580173492 0.230450138449669 0.236736103892326 0.248438075184822 0.255234390497208 0.262657284736633 0.267514258623123 0.265487104654312 0.252674549818039 0.26184806227684 0.25152063369751 0.240881636738777 0.23510180413723 0.217124372720718 0.20447301864624 0.203025907278061 0.197548896074295 0.194084256887436 0.1998590528965 0.195279359817505 0.197122007608414 0.203328475356102 0.204167991876602 0.213216692209244 0.213252678513527 0.207348108291626 0.206615641713142 0.207615897059441 0.206028759479523 0.204931750893593 0.200527191162109
-9999 -9999 -9999 -9999 -9999 -9999 -9999 -9999 -9999 -9999 -9999 -9999 0.186348393559456 0.203209280967712 0.266712814569473 0.29556593298912 0.336875081062317 0.3171127140522 0.294245511293411 0.276571094989777 0.243484452366829 0.223163574934006 0.214199647307396 0.23629167675972 0.234880551695824 0.240423604846001 0.230887934565544 0.227469518780708 0.239852145314217 0.237063258886337 0.231779500842094 0.245648935437202 0.257343232631683 0.252967327833176 0.268724143505096 0.270109593868256 0.259516596794128 0.251623034477234 0.248291015625 0.235814943909645 0.238107591867447 0.215035915374756 0.204941600561142 0.203238114714622 0.197686418890953 0.195658057928085 0.19793526828289 0.193728268146515 0.189446657896042 0.193895012140274 0.199446305632591 0.196133866906166 0.212452486157417 0.20674179494381 0.199686348438263 0.204415962100029 0.205462068319321 0.202330961823463 0.210380122065544 0.207331195473671
-9999 -9999 -9999 -9999 -9999 -9999 -9999 -9999 -9999 -9999 -9999 0.136369422078133 0.181618377566338 0.22290176153183 0.319793313741684 0.317186504602432 0.331513345241547 0.287027329206467 0.273064613342285 0.246095255017281 0.215700179338455 0.208113729953766 0.211511120200157 0.234398201107979 0.232851132750511 0.237849682569504 0.230582803487778 0.226917758584023 0.238963067531586 0.237998858094215 0.238364562392235 0.24954117834568 0.253424525260925 0.249785080552101 0.262240052223206 0.260073632001877 0.255603611469269 0.242859348654747 0.22727458178997 0.22346855700016 0.217625975608826 0.209367915987968 0.206657186150551 0.203648686408997 0.201796665787697 0.19961741566658 0.192872539162636 0.192855998873711 0.191698387265205 0.19179405272007 0.187676921486855 0.187556505203247 0.19510480761528 0.198937490582466 0.198241963982582 0.200779557228088 0.199405342340469 0.199800759553909 0.206517145037651 0.203793212771416
-9999 -9999 -9999 -9999 -9999 -9999 -9999 -9999 -9999 -9999 -9999 0.148204118013382 0.175884619355202 0.255790531635284 0.323477894067764 0.331400096416473 0.311320513486862 0.287089824676514 0.256789863109589 0.226611465215683 0.213823959231377 0.197635382413864 0.214445501565933 0.233561769127846 0.231802552938461 0.228496223688126 0.228613525629044 0.22640985250473 0.230751901865005 0.236958861351013 0.234581902623177 0.239786878228188 0.249696224927902 0.238479629158974 0.251214474439621 0.257955610752106 0.256241947412491 0.236390709877014 0.227082297205925 0.220957800745964 0.212093830108643 0.21006453037262 0.209726959466934 0.204334363341331 0.202604502439499 0.203213199973106 0.189544260501862 0.191864222288132 0.19210447371006 0.187760204076767 0.185087248682976 0.182156980037689 0.183742254972458 0.195098638534546 0.191662073135376 0.194469064474106 0.195496067404747 0.195782706141472 0.201417401432991 0.201517954468727
-9999 -9999 -9999 -9999 -9999 -9999 -9999 -9999 -9999 -9999 -9999 0.154831141233444 0.21163110435009 0.237258166074753 0.348153203725815 0.347546428442001 0.328788131475449 0.2650126516819 0.251860916614532 0.229930311441422 0.20124639570713 0.199966207146645 0.220014065504074 0.234545841813087 0.228595301508904 0.234165534377098 0.22697240114212 0.224932715296745 0.237153112888336 0.232346415519714 0.222379133105278 0.235689163208008 0.235838487744331 0.227647513151169 0.251492589712143 0.259275853633881 0.251490205526352 0.248471885919571 0.223765417933464 0.216717600822449 0.214983597397804 0.21393857896328 0.208078771829605 0.209081560373306 0.207180440425873 0.198843196034431 0.194121658802032 0.194037690758705 0.188464447855949 0.191910937428474 0.181001558899879 0.176367878913879 0.180655375123024 0.19317165017128 0.191023737192154 0.199394285678864 0.200880602002144 0.199167862534523 0.207253143191338 0.208910092711449
-9999 -9999 -9999 -9999 -9999 -9999 -9999 -9999 -9999 -9999 -9999 0.195494130253792 0.245009571313858 0.329488813877106 0.389576494693756 0.37247371673584 0.328451931476593 0.262260526418686 0.254414975643158 0.22732712328434 0.204515799880028 0.208379834890366 0.225248232483864 0.23147277534008 0.228269994258881 0.226360529661179 0.219596743583679 0.21621610224247 0.21743169426918 0.206291928887367 0.20367494225502 0.213467359542847 0.222505539655685 0.222522512078285 0.240912109613419 0.248640820384026 0.24628184735775 0.244379922747612 0.223114043474197 0.220397114753723 0.215909153223038 0.211122915148735 0.207791343331337 0.200208857655525 0.195730596780777 0.191385269165039 0.186005428433418 0.185069680213928 0.183474704623222 0.186001673340797 0.176056429743767 0.174602657556534 0.176550760865211 0.188036531209946 0.188786402344704 0.197406738996506 0.204196840524673 0.2027408182621 0.205239221453667 0.210142806172371
