Results/Current.asc
NCOLS 581 
NROWS 855 
XLLCORNER -74.916666667 
YLLCORNER -55.833333333 
CELLSIZE 0.0833333333339071 
NODATA_value -9999 
[rows 520 to 545 of 855, columns 290 to 347 of 581]
-9999 -9999 -9999 -9999 -9999 -9999 -9999 -9999 -9999 -9999 -9999 -9999 -9999 -9999 -9999 -9999 -9999 -9999 -9999 -9999 -9999 -9999 -9999 -9999 -9999 0.726029574871063 0.498402088880539 0.158653125166893 0.143420487642288 0.139865234494209 0.160495981574059 0.179232731461525 0.208729133009911 0.251910656690598 0.260698914527893 0.268547475337982 0.278872549533844 0.294940739870071 0.325318157672882 0.327641248703003 0.293926686048508 0.194910287857056 0.146668672561646 0.105623096227646 0.0734649822115898 0.0650337040424347 0.0569105185568333 0.0443331450223923 0.0305900033563375 0.0197965577244759 0.0146949104964733 0.0104250414296985 0.00718184374272823 0.00551966531202197 0.00475171068683267 0.00442619156092405 0.00407740799710155 0.00373442401178181
-9999 -9999 -9999 -9999 -9999 -9999 -9999 -9999 -9999 -9999 -9999 -9999 -9999 -9999 -9999 -9999 -9999 -9999 -9999 -9999 -9999 -9999 -9999 -9999 -9999 0.648817241191864 0.343031197786331 0.14315564930439 0.13700196146965 0.131779298186302 0.159928202629089 0.183564066886902 0.204389706254005 0.242053747177124 0.249527752399445 0.25277391076088 0.273682773113251 0.298481583595276 0.32689905166626 0.326556354761124 0.289947479963303 0.198298320174217 0.154775500297546 0.105007745325565 0.0782946348190308 0.0695563107728958 0.0612472556531429 0.0508811734616756 0.0301932115107775 0.0196184497326612 0.0135758528485894 0.00909539312124252 0.00609620707109571 0.00490966066718102 0.0044863480143249 0.00425604498013854 0.00385865313000977 0.00341075100004673
-9999 -9999 -9999 -9999 -9999 -9999 -9999 -9999 -9999 -9999 -9999 -9999 -9999 -9999 -9999 -9999 -9999 -9999 -9999 -9999 -9999 -9999 -9999 -9999 -9999 0.550267934799194 0.223362475633621 0.130615666508675 0.139934211969376 0.140329405665398 0.170187845826149 0.184008315205574 0.208589032292366 0.227129086852074 0.24950747191906 0.256538510322571 0.254794746637344 0.299115002155304 0.328203976154327 0.315935611724854 0.320016175508499 0.204278960824013 0.170065596699715 0.112222909927368 0.0818412452936172 0.0710754990577698 0.0610752031207085 0.0405583493411541 0.0263384990394115 0.0197602733969688 0.0134380236268044 0.00796673912554979 0.0053215017542243 0.00462540704756975 0.00421657459810376 0.0040082186460495 0.00368406414054334 0.00318558723665774
-9999 -9999 -9999 -9999 -9999 -9999 -9999 -9999 -9999 -9999 -9999 -9999 -9999 -9999 -9999 -9999 -9999 -9999 -9999 -9999 -9999 -9999 -9999 -9999 -9999 0.510982155799866 0.152965158224106 0.130163013935089 0.129996836185455 0.147050812840462 0.168598115444183 0.182284533977509 0.204877033829689 0.226475268602371 0.236642211675644 0.255857169628143 0.265730917453766 0.294813275337219 0.32574862241745 0.325107336044312 0.310431480407715 0.196214199066162 0.147245958447456 0.097841665148735 0.0800656452775002 0.0681717842817307 0.058648657053709 0.0399056561291218 0.0270940996706486 0.0183243323117495 0.0115024391561747 0.00687756296247244 0.00525766285136342 0.00449166353791952 0.00414537824690342 0.00391551293432713 0.00350844813510776 0.00311537855304778
-9999 -9999 -9999 -9999 -9999 -9999 -9999 -9999 -9999 -9999 -9999 -9999 -9999 -9999 -9999 -9999 -9999 -9999 -9999 -9999 -9999 -9999 0.396072626113892 0.836902678012848 0.816453874111176 0.385641753673553 0.152396723628044 0.121588014066219 0.126987248659134 0.137171685695648 0.171023860573769 0.1858169734478 0.202120661735535 0.216005742549896 0.222712591290474 0.252317786216736 0.27562627196312 0.303044199943542 0.32436940073967 0.326761037111282 0.32203608751297 0.204894915223122 0.144228279590607 0.102624721825123 0.0797939971089363 0.0714141502976418 0.0595542602241039 0.0414908640086651 0.0263120476156473 0.0167608112096786 0.00884126126766205 0.00633782660588622 0.00544187938794494 0.00461489148437977 0.00421447958797216 0.00379870412871242 0.0034018806181848 0.00301735079847276
-9999 -9999 -9999 -9999 -9999 -9999 -9999 -9999 -9999 -9999 -9999 -9999 -9999 -9999 -9999 -9999 -9999 -9999 -9999 -9999 -9999 -9999 0.331058412790298 0.643580913543701 0.557549893856049 0.22446209192276 0.134628877043724 0.118377067148685 0.127729713916779 0.145980089902878 0.174757480621338 0.190481349825859 0.208821102976799 0.222833096981049 0.242476522922516 0.266796678304672 0.27924644947052 0.300468385219574 0.318998992443085 0.315657168626785 0.324453502893448 0.205396756529808 0.159194827079773 0.11508983373642 0.0776674076914787 0.073143444955349 0.0595365576446056 0.0377376489341259 0.0230187624692917 0.0147117134183645 0.00909106805920601 0.00677030580118299 0.00554226385429502 0.00480738561600447 0.00420199614018202 0.00372781604528427 0.00336177437566221 0.00287838582880795
-9999 -9999 -9999 -9999 -9999 -9999 -9999 -9999 -9999 -9999 -9999 -9999 -9999 -9999 -9999 -9999 -9999 -9999 -9999 -9999 -9999 -9999 0.779117584228516 0.668555200099945 0.439367473125458 0.136173710227013 0.124905049800873 0.119586959481239 0.128588527441025 0.154959827661514 0.180043041706085 0.192921966314316 0.206583008170128 0.230548590421677 0.251789897680283 0.265803813934326 0.278490781784058 0.301258742809296 0.308704674243927 0.307611525058746 0.311027348041534 0.192922666668892 0.12491349875927 0.0980476662516594 0.0794979184865952 0.0645984709262848 0.0477503947913647 0.0314709730446339 0.0183288473635912 0.0123348329216242 0.00894540455192327 0.00672323675826192 0.00547606777399778 0.00466295378282666 0.00413961848244071 0.00372516759671271 0.00332654127851129 0.00287198135629296
-9999 -9999 -9999 -9999 -9999 -9999 -9999 -9999 -9999 -9999 -9999 -9999 -9999 -9999 -9999 -9999 -9999 -9999 -9999 -9999 -9999 -9999 -9999 0.509686172008514 0.141422793269157 0.122850529849529 0.110406324267387 0.121021211147308 0.132939428091049 0.152381002902985 0.18506783246994 0.196786671876907 0.205202683806419 0.23626397550106 0.257607907056808 0.268172830343246 0.281071901321411 0.29534700512886 0.294824242591858 0.300748914480209 0.30844447016716 0.203106641769409 0.136544331908226 0.100793905556202 0.0824265107512474 0.0669527128338814 0.0468660369515419 0.0271320417523384 0.0153160691261292 0.010948128066957 0.0081621240824461 0.0057601504959166 0.00506224157288671 0.0045313467271626 0.00404937425628304 0.00361141702160239 0.00319854216650128 0.00284965569153428
-9999 -9999 -9999 -9999 -9999 -9999 -9999 -9999 -9999 -9999 -9999 -9999 -9999 -9999 -9999 -9999 -9999 -9999 -9999 -9999 -9999 0.608141779899597 0.39233860373497 0.124270379543304 0.102349475026131 0.108391560614109 0.109292477369308 0.127292796969414 0.136937603354454 0.164933294057846 0.182080328464508 0.198898389935493 0.221506983041763 0.236710637807846 0.263331472873688 0.284146249294281 0.278570860624313 0.279697388410568 0.27629142999649 0.267512053251266 0.269690632820129 0.184143900871277 0.153504192829132 0.10600558668375 0.073851689696312 0.0571287907660007 0.0375677198171616 0.0226545669138432 0.0137192448601127 0.0101521173492074 0.00770722422748804 0.00557657005265355 0.00521703669801354 0.00431306194514036 0.00422795629128814 0.00369342416524887 0.0031515215523541 0.00282757868990302
-9999 -9999 -9999 -9999 -9999 -9999 -9999 -9999 -9999 -9999 -9999 -9999 -9999 -9999 -9999 -9999 -9999 -9999 -9999 -9999 0.41119658946991 0.290962487459183 0.170815244317055 0.112787239253521 0.102582886815071 0.104445904493332 0.116290271282196 0.12570908665657 0.141259834170341 0.164852932095528 0.179591059684753 0.203859105706215 0.228921502828598 0.246574252843857 0.273482590913773 0.275414228439331 0.267016857862473 0.271421939134598 0.242356956005096 0.209959506988525 0.179126396775246 0.097751572728157 0.0697029754519463 0.0541804879903793 0.0478340908885002 0.0329360589385033 0.0243702083826065 0.0196267329156399 0.0141065353527665 0.0107550704851747 0.00916361156851053 0.00634773634374142 0.00507057039067149 0.0042821685783565 0.00413220282644033 0.00373457279056311 0.003302640048787 0.00293407030403614
-9999 -9999 -9999 -9999 -9999 -9999 -9999 -9999 -9999 -9999 -9999 -9999 -9999 -9999 -9999 -9999 -9999 -9999 0.471807211637497 0.382199615240097 0.265494883060455 0.164425581693649 0.115573354065418 0.104010559618473 0.0998449623584747 0.109553001821041 0.114056028425694 0.135361358523369 0.150558605790138 0.161600664258003 0.187640696763992 0.210166499018669 0.222907945513725 0.251152038574219 0.257292747497559 0.256268054246902 0.244042038917542 0.210328415036201 0.1546640843153 0.105979546904564 0.0982058569788933 0.0565438158810139 0.0438510477542877 0.0346048474311829 0.0303135402500629 0.0245803073048592 0.0186749156564474 0.017124542966485 0.0133702335879207 0.0103604467585683 0.00868923496454954 0.00582079589366913 0.00499183358624578 0.0045631960965693 0.00411324668675661 0.00385461607947946 0.00357177969999611 0.00302486959844828
-9999 -9999 -9999 -9999 -9999 -9999 -9999 -9999 -9999 -9999 -9999 -9999 -9999 -9999 -9999 -9999 -9999 0.442304819822311 0.326694071292877 0.261135667562485 0.188275009393692 0.108661957085133 0.107074223458767 0.105999261140823 0.103072829544544 0.112297408282757 0.124522037804127 0.143067806959152 0.1581891477108 0.179865941405296 0.19629342854023 0.217617392539978 0.235815346240997 0.245053082704544 0.240549191832542 0.236239939928055 0.180492401123047 0.13261353969574 0.086399719119072 0.0696123987436295 0.0728126019239426 0.0429688282310963 0.0355898775160313 0.0276130456477404 0.0225060246884823 0.021376708522439 0.0169944856315851 0.0147996116429567 0.0124850915744901 0.0116592040285468 0.0081614637747407 0.00552226696163416 0.00500142946839333 0.00445468677207828 0.00408899690955877 0.00386763806454837 0.00340894609689713 0.00308860559016466
-9999 -9999 -9999 -9999 -9999 -9999 -9999 -9999 -9999 -9999 -9999 -9999 -9999 -9999 -9999 -9999 0.453136533498764 0.319794267416 0.279313206672668 0.193520486354828 0.1245112195611 0.104241386055946 0.106644935905933 0.105994142591953 0.103912994265556 0.118463769555092 0.13351383805275 0.143396854400635 0.165647402405739 0.18910126388073 0.205976247787476 0.228207111358643 0.243093967437744 0.248445630073547 0.233502045273781 0.190205663442612 0.134186089038849 0.0873851701617241 0.0697843506932259 0.0682628974318504 0.0460854656994343 0.0323435477912426 0.0229482911527157 0.0196028985083103 0.0181729029864073 0.0160201266407967 0.0145240724086761 0.0129184555262327 0.0119751133024693 0.00951535440981388 0.00676862290129066 0.00537391332909465 0.00480398628860712 0.00455131335183978 0.00423200475051999 0.0038586063310504 0.00354596786201 0.00295283063314855
-9999 -9999 -9999 -9999 -9999 -9999 -9999 -9999 -9999 -9999 -9999 -9999 -9999 -9999 -9999 0.458314746618271 0.379311949014664 0.284248232841492 0.189260497689247 0.125894173979759 0.104892529547215 0.0990653187036514 0.105007514357567 0.103719875216484 0.112736985087395 0.125410437583923 0.133380591869354 0.160040140151978 0.176385521888733 0.193343594670296 0.220905914902687 0.239240154623985 0.239675894379616 0.233899563550949 0.194401547312737 0.141597032546997 0.0977727100253105 0.0709426999092102 0.0700568854808807 0.0627604573965073 0.0391914620995522 0.0249450746923685 0.0189272854477167 0.015687370672822 0.0155286723747849 0.0136149236932397 0.0119577720761299 0.0114583438262343 0.00962389539927244 0.00770448055118322 0.00618924386799335 0.00506367534399033 0.00480849109590054 0.00470798229798675 0.00424424884840846 0.00394564913585782 0.00363798509351909 0.00283620273694396
-9999 -9999 -9999 -9999 -9999 -9999 -9999 -9999 -9999 -9999 -9999 -9999 -9999 -9999 0.459734588861465 0.382397055625916 0.333348363637924 0.222946465015411 0.119062803685665 0.0993184894323349 0.0955474004149437 0.0972947180271149 0.107012420892715 0.113437332212925 0.120167151093483 0.135350376367569 0.151110127568245 0.169026881456375 0.188136115670204 0.214220091700554 0.22706763446331 0.2457405179739 0.244044616818428 0.201673895120621 0.157008931040764 0.131376013159752 0.0855463817715645 0.0740457847714424 0.0709400624036789 0.0511720739305019 0.0325924307107925 0.0215301532298326 0.0169160831719637 0.0137120569124818 0.0135057754814625 0.0121324341744184 0.0117896255105734 0.0109973717480898 0.00837802235037088 0.0068374602124095 0.0059005981311202 0.0052278246730566 0.00499429134652019 0.00484959501773119 0.00439178803935647 0.003963443916291 0.00355930789373815 0.00353315123356879
-9999 -9999 -9999 -9999 -9999 -9999 -9999 -9999 -9999 -9999 -9999 -9999 -9999 0.305500596761703 0.411040097475052 0.321295410394669 0.266775995492935 0.160381644964218 0.0970413908362389 0.0975018963217735 0.098373755812645 0.100735746324062 0.112999714910984 0.118602521717548 0.125249236822128 0.138832807540894 0.16139854490757 0.177295848727226 0.197047278285027 0.222720116376877 0.238337591290474 0.231141299009323 0.223506838083267 0.187017261981964 0.159339934587479 0.128328621387482 0.0888548940420151 0.076334185898304 0.056271705776453 0.035589661449194 0.0250898580998182 0.0184832103550434 0.0137490341439843 0.0127773229032755 0.01252606138587 0.0118014393374324 0.0109946802258492 0.0100042205303907 0.00821823813021183 0.00701928650960326 0.00668995315209031 0.00616877153515816 0.00530568370595574 0.00499656982719898 0.00461762584745884 0.00416531786322594 0.00371584924869239 0.00338905327953398
-9999 -9999 -9999 -9999 -9999 -9999 -9999 -9999 -9999 -9999 -9999 -9999 0.368988811969757 0.385891228914261 0.373345553874969 0.296455085277557 0.169402241706848 0.105205096304417 0.0787031501531601 0.0955049246549606 0.0917581543326378 0.107312299311161 0.1128024533391 0.11752899736166 0.134994924068451 0.148584321141243 0.165563136339188 0.186393991112709 0.203382462263107 0.227813243865967 0.223249927163124 0.21512958407402 0.211662143468857 0.170056656002998 0.15028378367424 0.124793812632561 0.0866042673587799 0.0758973807096481 0.045865036547184 0.0334595702588558 0.0225232820957899 0.0153894443064928 0.0118030589073896 0.0111871585249901 0.011498436331749 0.0108901467174292 0.0103193502873182 0.00927182845771313 0.00814048759639263 0.00691233668476343 0.00607034377753735 0.00563499191775918 0.00532339653000236 0.00499386619776487 0.00444926647469401 0.00416001724079251 0.00377658568322659 0.00358719727955759
-9999 -9999 -9999 -9999 -9999 -9999 -9999 -9999 -9999 -9999 -9999 0.329115271568298 0.393151044845581 0.357712000608444 0.305628806352615 0.19414047896862 0.130716308951378 0.0873888432979584 0.08085997402668 0.093025229871273 0.094059020280838 0.103180162608624 0.114530026912689 0.128514349460602 0.144296705722809 0.160151854157448 0.183340340852737 0.194471463561058 0.219863086938858 0.236088886857033 0.219963312149048 0.223518624901772 0.199827998876572 0.157060638070107 0.153206706047058 0.127785220742226 0.0881146565079689 0.0717045813798904 0.0424516946077347 0.0315909683704376 0.021943274885416 0.0153956850990653 0.0121760787442327 0.0113459844142199 0.0108654163777828 0.0103989522904158 0.00974487699568272 0.00899330992251635 0.00787247717380524 0.00667497795075178 0.00574761070311069 0.00530882691964507 0.00509832333773375 0.00481802271679044 0.00424170400947332 0.0037913026753813 0.00360543350689113 0.00375248654745519
-9999 -9999 -9999 -9999 -9999 -9999 -9999 -9999 -9999 -9999 0.443659156560898 0.208561822772026 0.327876061201096 0.285135805606842 0.223119899630547 0.143202185630798 0.103613764047623 0.0877503007650375 0.0874051824212074 0.0944714397192001 0.0975230038166046 0.105238102376461 0.117858536541462 0.136997550725937 0.150242909789085 0.172018021345139 0.192571863532066 0.205758184194565 0.223960116505623 0.23300638794899 0.231826141476631 0.221400126814842 0.18722853064537 0.176478207111359 0.158127158880234 0.117921322584152 0.0942871049046516 0.0585098005831242 0.0385030843317509 0.0269238017499447 0.0202274769544601 0.01597317494452 0.0134724676609039 0.0109929479658604 0.0104393446817994 0.0100341737270355 0.00904355198144913 0.00823828671127558 0.0072691086679697 0.00639837933704257 0.00557946972548962 0.00526724709197879 0.00495041534304619 0.00443171290680766 0.00431043794378638 0.00384363881312311 0.00344450562261045 0.00324037438258529
-9999 -9999 -9999 -9999 -9999 -9999 -9999 -9999 -9999 -9999 0.268088340759277 0.289730489253998 0.28376093506813 0.233077988028526 0.181902945041656 0.116714999079704 0.0926346778869629 0.0897583216428757 0.0877140015363693 0.0965681746602058 0.0947923436760902 0.112040437757969 0.129783093929291 0.142114266753197 0.166009724140167 0.183590859174728 0.200200736522675 0.209911793470383 0.223689332604408 0.229781180620193 0.229042947292328 0.206334933638573 0.185006260871887 0.177765294909477 0.16910745203495 0.133291587233543 0.10064872354269 0.057362649589777 0.0343462899327278 0.0254128631204367 0.0204246062785387 0.0163947064429522 0.0130307916551828 0.0104001704603434 0.00983353331685066 0.00906938035041094 0.00806982908397913 0.0073455567471683 0.00662668934091926 0.00590118439868093 0.00524934008717537 0.00488010561093688 0.00444952584803104 0.00417943950742483 0.00413440819829702 0.00387399620376527 0.00334946578368545 0.00289149140007794
-9999 -9999 -9999 -9999 -9999 -9999 -9999 -9999 -9999 0.316352844238281 0.328674405813217 0.277889758348465 0.241670802235603 0.172154754400253 0.100460067391396 0.0844178274273872 0.0894063115119934 0.0852573737502098 0.0839285552501678 0.0937806069850922 0.103187382221222 0.111227072775364 0.130416989326477 0.154697701334953 0.173199877142906 0.188539370894432 0.211311981081963 0.209959730505943 0.231524556875229 0.233058512210846 0.2126225233078 0.202014312148094 0.182126298546791 0.172854483127594 0.173722073435783 0.147452682256699 0.106009930372238 0.0610878020524979 0.0382821448147297 0.0282135792076588 0.0213251113891602 0.0156844891607761 0.0125923724845052 0.0104494551196694 0.00902591366320848 0.0081669595092535 0.00717321317642927 0.00668657245114446 0.00659844093024731 0.00536727486178279 0.0050472728908062 0.00452530337497592 0.00419753231108189 0.00394300604239106 0.00362542946822941 0.00322968070395291 0.00326290330849588 0.00272766943089664
-9999 -9999 -9999 -9999 -9999 -9999 -9999 -9999 -9999 0.244427144527435 0.244759798049927 0.260157972574234 0.209303572773933 0.103323347866535 0.0885003730654716 0.0901431068778038 0.0898745283484459 0.0841977894306183 0.0851433202624321 0.0947801023721695 0.112052015960217 0.113553814589977 0.134234234690666 0.16161060333252 0.185543775558472 0.19998899102211 0.204768851399422 0.232362270355225 0.236265867948532 0.225527703762054 0.221593841910362 0.199466988444328 0.186143308877945 0.186546206474304 0.1827113032341 0.152545794844627 0.0954827293753624 0.0546464435756207 0.0356909818947315 0.0263439733535051 0.0202649813145399 0.0159933418035507 0.0131085282191634 0.0109610809013247 0.00868695043027401 0.00745752360671759 0.006535729393363 0.00612318608909845 0.00554978381842375 0.00487766182050109 0.00529797095805407 0.00431905500590801 0.00403437716886401 0.00384016800671816 0.00366673595272005 0.00319826626218855 0.00296195200644433 0.00252018705941737
-9999 -9999 -9999 -9999 -9999 -9999 -9999 -9999 0.246724545955658 0.24261537194252 0.229391202330589 0.212288156151772 0.0919590294361115 0.0959948301315308 0.0989708304405212 0.0830770283937454 0.0858319848775864 0.0807914808392525 0.0849312096834183 0.101871311664581 0.115971855819225 0.130127459764481 0.147116109728813 0.160200536251068 0.184557572007179 0.200466811656952 0.232736453413963 0.260054588317871 0.239916399121284 0.224259227514267 0.211902141571045 0.193632647395134 0.194408431649208 0.185151278972626 0.182841137051582 0.156198278069496 0.0968727394938469 0.055975578725338 0.0354613028466702 0.0260783117264509 0.0210721138864756 0.0165508799254894 0.0131239127367735 0.0104556810110807 0.00866283476352692 0.00708914455026388 0.00621768552809954 0.00540657015517354 0.00488763535395265 0.00446450617164373 0.00479602674022317 0.00433367816731334 0.00390462810173631 0.00401119887828827 0.0045867906883359 0.00376960821449757 0.00294984132051468 0.00224135327152908
-9999 -9999 -9999 -9999 -9999 -9999 -9999 -9999 0.242971479892731 0.22512298822403 0.195532768964767 0.218833610415459 0.115473598241806 0.0982575416564941 0.0931570902466774 0.0792979076504707 0.0846701264381409 0.0824343711137772 0.0851504653692245 0.09743382781744 0.114501863718033 0.136102616786957 0.156211540102959 0.169245988130569 0.186450496315956 0.202060416340828 0.252303391695023 0.242726966738701 0.234846711158752 0.222773566842079 0.199556112289429 0.193778470158577 0.194597348570824 0.187053233385086 0.188693687319756 0.159683346748352 0.102863304316998 0.0564075373113155 0.0367601923644543 0.0257283467799425 0.0207051113247871 0.0172766447067261 0.0134095037356019 0.0106734819710255 0.00852390006184578 0.00722903106361628 0.00589628610759974 0.0051460238173604 0.00472480105236173 0.00430537527427077 0.00421501090750098 0.0043975911103189 0.00388201884925365 0.00385141372680664 0.00421346118673682 0.00338288047350943 0.00272058974951506 0.00198983238078654
-9999 -9999 -9999 -9999 -9999 -9999 -9999 0.416486531496048 0.254982531070709 0.191827356815338 0.161110639572144 0.105899341404438 0.114284262061119 0.0956948921084404 0.086964376270771 0.0840872824192047 0.0822283253073692 0.0846327915787697 0.0877086743712425 0.0965106785297394 0.123543664813042 0.145484581589699 0.154673129320145 0.179693654179573 0.194408997893333 0.217956453561783 0.235946595668793 0.234818205237389 0.23327374458313 0.224408015608788 0.212198838591576 0.204107359051704 0.198511034250259 0.201251477003098 0.196477085351944 0.154642507433891 0.0920886769890785 0.0507950223982334 0.0331504344940186 0.0238084383308887 0.019987478852272 0.0169199537485838 0.0133954677730799 0.0107134440913796 0.00851612444967031 0.00674314284697175 0.00558245135471225 0.00470310356467962 0.0041977628134191 0.0042743687517941 0.00413208641111851 0.00399171467870474 0.00378784257918596 0.0037129670381546 0.00362439476884902 0.00289699761196971 0.00244445074349642 0.00180349824950099
-9999 -9999 -9999 -9999 -9999 -9999 -9999 0.33797350525856 0.204754695296288 0.195165738463402 0.085644543170929 0.117327719926834 0.0956487581133842 0.0899492800235748 0.087619923055172 0.0787974148988724 0.0794894844293594 0.0804281309247017 0.0932256579399109 0.106916680932045 0.126068338751793 0.15221181511879 0.167343184351921 0.182440683245659 0.208705440163612 0.209462895989418 0.232037559151649 0.231068208813667 0.243370428681374 0.23981274664402 0.216726958751678 0.207866370677948 0.21599392592907 0.200227454304695 0.192556753754616 0.135938242077827 0.0863109678030014 0.0516559816896915 0.0294848158955574 0.0227658078074455 0.0203263312578201 0.0179404299706221 0.013872355222702 0.0104900766164064 0.00791700091212988 0.00617253733798862 0.00532641727477312 0.00461578229442239 0.00404413091018796 0.00397678604349494 0.00356086576357484 0.00367172807455063 0.00365293747745454 0.00355479260906577 0.00314640067517757 0.00269034691154957 0.00204687030054629 0.00150194147136062
