Results/Current.asc
NCOLS 581 
NROWS 855 
XLLCORNER -74.916666667 
YLLCORNER -55.833333333 
CELLSIZE 0.0833333333339071 
NODATA_value -9999 
[rows 494 to 519 of 855, columns 348 to 405 of 581]
0.13862270116806 0.129888847470284 0.137151822447777 0.144908130168915 0.142059460282326 0.126127406954765 0.147162079811096 0.121548101305962 0.0760952979326248 0.0415180958807468 0.0222648568451405 0.0156234726309776 0.0118065821006894 0.00896479096263647 0.00746040930971503 0.00631107063964009 0.0059070261195302 0.00582638196647167 0.0059163779951632 0.00591913796961308 0.00569645361974835 0.00553963938727975 0.00542807998135686 0.00537116127088666 0.00526155065745115 0.00529722729697824 0.00543810240924358 0.00550604425370693 0.00551634794101119 0.00546594755724072 0.00535026472061872 0.00542266387492418 0.00543741974979639 0.00522900931537151 0.0050696637481451 0.00497780926525593 0.00494436686858535 0.00455589732155204 0.00421811733394861 0.00419274251908064 0.00421986961737275 0.00435155164450407 0.00412266422063112 0.00420437194406986 0.00431231455877423 0.00392820686101913 0.00328223966062069 0.00332604278810322 0.00343854678794742 0.00336326542310417 0.0031916219741106 0.00290708802640438 0.00262841582298279 0.00235695857554674 0.00202512624673545 0.00163039856124669 0.00194562308024615 0.00199472717940807
0.126472130417824 0.118857212364674 0.12158677726984 0.126988306641579 0.0865970924496651 0.0625661909580231 0.0776735544204712 0.0558818094432354 0.0407409407198429 0.0264323092997074 0.0176351983100176 0.0129014728590846 0.00977669283747673 0.00842876359820366 0.00703945616260171 0.00595690170302987 0.00566896982491016 0.00558659760281444 0.00572188990190625 0.00561491539701819 0.00560854002833366 0.00555554265156388 0.00541488826274872 0.00542619172483683 0.0051024379208684 0.00497982930392027 0.00525306211784482 0.00553197041153908 0.00548427365720272 0.00521368812769651 0.00517689622938633 0.0053477524779737 0.0051096910610795 0.00492494413629174 0.0048430385068059 0.004729681648314 0.0047202599234879 0.00461524492129683 0.0043452475219965 0.00429076189175248 0.00400184048339725 0.00426586857065558 0.00407206360250711 0.00419422378763556 0.00399770215153694 0.00347163900732994 0.00297777657397091 0.00314964097924531 0.0031843485776335 0.00319613632746041 0.00293483352288604 0.00274636130779982 0.00246163760311902 0.00244545354507864 0.00211232155561447 0.00187527562957257 0.00200846861116588 0.00204060529358685
0.105195827782154 0.104962766170502 0.105797082185745 0.102703340351582 0.0756717994809151 0.0506812483072281 0.0336611196398735 0.0288354549556971 0.0241456758230925 0.0187146347016096 0.0135856075212359 0.010843625292182 0.00873718690127134 0.00678512593731284 0.00609373021870852 0.00569125637412071 0.00573461875319481 0.00569161446765065 0.00553190102800727 0.00543098710477352 0.00536910444498062 0.00537173449993134 0.00549395801499486 0.00532149150967598 0.00505535257980227 0.00492003373801708 0.00520922988653183 0.00531723722815514 0.00535658141598105 0.00533544784411788 0.00522507959976792 0.00516910757869482 0.00494184345006943 0.00465963082388043 0.00470471894368529 0.00481772143393755 0.00477410899475217 0.00465390738099813 0.00434036087244749 0.00392296677455306 0.00354319554753602 0.00365633703768253 0.00404660310596228 0.00386630580760539 0.00356114865280688 0.00323323858901858 0.0029356291051954 0.00286419969052076 0.00297900708392262 0.00277495686896145 0.00244040391407907 0.00240276614204049 0.00205032830126584 0.00263407616876066 0.00263656582683325 0.00224264268763363 0.00231509120203555 0.00228012888692319
0.0898761749267578 0.0905173271894455 0.0885071754455566 0.0857115089893341 0.0586647614836693 0.0374576076865196 0.0245823133736849 0.0164539907127619 0.0153679754585028 0.0140153132379055 0.0108956126496196 0.00863936170935631 0.00733532756567001 0.00581302726641297 0.0056133083999157 0.0056588351726532 0.00535145541653037 0.00507862446829677 0.00505472486838698 0.00534609099850059 0.00512315472587943 0.00504122255370021 0.00512112351134419 0.00513344258069992 0.00491649424657226 0.00490859663113952 0.00501079438254237 0.00510321976616979 0.0051739988848567 0.00520506873726845 0.00516972364857793 0.00503075355663896 0.00474662100896239 0.00462717562913895 0.00428018858656287 0.00447174813598394 0.00442123459652066 0.00427518272772431 0.00430931802839041 0.00394489709287882 0.00355744175612926 0.00353681622073054 0.003623221302405 0.00330167659558356 0.00315894279628992 0.00295845535583794 0.00287603447213769 0.00286840554326773 0.0026409609708935 0.00247855740599334 0.00249787024222314 0.00266953068785369 0.00257014576345682 0.00295035680755973 0.00276389811187983 0.00224630930460989 0.00217755022458732 0.00237522833049297
0.081023707985878 0.0807688906788826 0.0752609521150589 0.0707388818264008 0.0481690876185894 0.0316693931818008 0.0201775208115578 0.0127955628558993 0.0102078476920724 0.00982477236539125 0.00885341595858335 0.00753962434828281 0.00666422722861171 0.00573521293699741 0.00579016702249646 0.00569631392136216 0.00514608062803745 0.00467595364898443 0.00463784718886018 0.00465245265513659 0.00447628879919648 0.00469134980812669 0.00473072379827499 0.00470332708209753 0.00469351513311267 0.00472762435674667 0.0048628025688231 0.00496512884274125 0.00500487769022584 0.00504698883742094 0.00506917899474502 0.00477719493210316 0.0045033716596663 0.00430725468322635 0.00411191442981362 0.00434571038931608 0.00431534508243203 0.00394455995410681 0.00374072231352329 0.00362267135642469 0.00341806071810424 0.00343592138960958 0.00333845498971641 0.00315435440279543 0.00296395970508456 0.0027618776075542 0.00281552551314235 0.00280166906304657 0.0028275738004595 0.0029401364736259 0.00293486472219229 0.00287587777711451 0.00281301257200539 0.00292967329733074 0.00280155194923282 0.00218273350037634 0.00213688868097961 0.00201985496096313
0.0744417011737823 0.0694343447685242 0.0614004656672478 0.0556082054972649 0.0396983586251736 0.0242771338671446 0.0150877423584461 0.0105109484866261 0.0092525752261281 0.0073383767157793 0.0066472920589149 0.00609323661774397 0.00546345254406333 0.00521517498418689 0.00511585175991058 0.00487718172371387 0.00470607215538621 0.00441801641136408 0.00451171630993485 0.00433819787576795 0.00433859508484602 0.00430486397817731 0.00440646149218082 0.00443529663607478 0.0045382110401988 0.0045948438346386 0.00469177309423685 0.00491860508918762 0.00499237002804875 0.00501744588837028 0.00491790985688567 0.00471543055027723 0.0044967895373702 0.00428494764491916 0.00401994166895747 0.00413210596889257 0.00376079301349819 0.0037346335593611 0.00342189893126488 0.00309535325504839 0.00320352311246097 0.00316557753831148 0.00320272636599839 0.00300336978398263 0.00271632638759911 0.00272757676430047 0.00287921796552837 0.00302059832029045 0.00308913202024996 0.00308825401589274 0.00306969904340804 0.00317992432974279 0.002860241336748 0.00237316801212728 0.00227298215031624 0.00244073406793177 0.00224688230082393 -9999
0.0693711340427399 0.0623449459671974 0.052181314677 0.0427423156797886 0.0261445306241512 0.0176166482269764 0.0100305350497365 0.00817985646426678 0.00835894979536533 0.00720933731645346 0.00570548279210925 0.00517877889797091 0.00456154346466064 0.00432310858741403 0.00426418846473098 0.00418021064251661 0.00426107225939631 0.00426978059113026 0.00438194768503308 0.00423360522836447 0.00401368364691734 0.00390770938247442 0.00396641017869115 0.00420155748724937 0.00428866688162088 0.00435328902676702 0.00447859289124608 0.00464837299659848 0.00474957097321749 0.00474944058805704 0.00471833907067776 0.00453057233244181 0.00417424691841006 0.00408309884369373 0.00371124711818993 0.00370384054258466 0.00358841987326741 0.00352111249230802 0.00319096515886486 0.00320473476313055 0.00325146736577153 0.00340621126815677 0.00316515611484647 0.00304168276488781 0.00302745308727026 0.00300967763178051 0.00320811592973769 0.00330798304639757 0.00321043073199689 0.00322560034692287 0.00334514421410859 0.00347780785523355 0.00301403389312327 -9999 -9999 -9999 -9999 -9999
0.0611370503902435 0.0559115149080753 0.0430162623524666 0.0294236093759537 0.0187769755721092 0.0116184605285525 0.00717065064236522 0.00665422203019261 0.00692209927365184 0.00651570921763778 0.00551712047308683 0.00511771207675338 0.00473753502592444 0.00390571006573737 0.00388356694020331 0.00400142977014184 0.00402876455336809 0.00402438407763839 0.00408418802544475 0.0039111846126616 0.00385389337316155 0.00369761884212494 0.00362794403918087 0.00378924119286239 0.00394663028419018 0.00407009478658438 0.00420888373628259 0.00436629494652152 0.00445824023336172 0.00447325967252254 0.00448744790628552 0.00434461981058121 0.00397948501631618 0.00331458891741931 0.00356373260729015 0.00363589148037136 -9999 -9999 -9999 -9999 -9999 -9999 -9999 -9999 -9999 -9999 -9999 -9999 -9999 -9999 -9999 -9999 -9999 -9999 -9999 -9999 -9999 -9999
0.0571623221039772 0.0434803292155266 0.0287027209997177 0.0195179041475058 0.0115985441952944 0.0072798146866262 0.00602137576788664 0.00611498253419995 0.00583911407738924 0.00536009669303894 0.00518401665613055 0.00433179596439004 0.00402231886982918 0.00371565297245979 0.00385962636210024 0.00372018106281757 0.00376405101269484 0.00372075522318482 0.00373335834592581 0.00367919681593776 0.00354958279058337 0.0034565303940326 0.00334894866682589 0.00336966314353049 0.00359208812005818 0.00384799530729651 0.00402702437713742 0.004036252386868 0.00407061213627458 0.00412855250760913 0.00413465034216642 0.00392979988828301 0.00363014196045697 0.00352893117815256 0.00363780627958477 -9999 -9999 -9999 -9999 -9999 -9999 -9999 -9999 -9999 -9999 -9999 -9999 -9999 -9999 -9999 -9999 -9999 -9999 -9999 -9999 -9999 -9999 -9999
0.0502038039267063 0.0332548916339874 0.0213933754712343 0.0140411825850606 0.0080592967569828 0.00591955194249749 0.00565895438194275 0.00554227596148849 0.00542615400627255 0.00495794508606195 0.00434139557182789 0.00374360149726272 0.00367748434655368 0.00367819867096841 0.00454139430075884 0.00378020945936441 0.00345838931389153 0.00342470640316606 0.0035072616301477 0.00354988453909755 0.00351736391894519 0.0032751492690295 0.00321895722299814 0.00313852378167212 0.00325047434307635 0.00354325026273727 0.00385816371999681 0.00396809680387378 0.00389506621286273 0.00409054756164551 0.00410467851907015 0.00368941063061357 0.00382195902056992 0.00388198322616518 -9999 -9999 -9999 -9999 -9999 -9999 -9999 -9999 -9999 -9999 -9999 -9999 -9999 -9999 -9999 -9999 -9999 -9999 -9999 -9999 -9999 -9999 -9999 -9999
0.036042109131813 0.0251719821244478 0.0166240222752094 0.0104651162400842 0.00620012125000358 0.00545125501230359 0.00544502213597298 0.00505916774272919 0.00514856865629554 0.00452418578788638 0.00390806654468179 0.0035672471858561 0.00329981232061982 0.00320833805017173 0.00337111693806946 0.00321817444637418 0.00317481625825167 0.00327933090738952 0.00325187062844634 0.00323379435576499 0.00318653369322419 0.00307984580285847 0.00306503195315599 0.00305087701417506 0.00320712407119572 0.00342285213992 0.00369977322407067 0.00397592457011342 0.00400628475472331 0.00393223203718662 0.00381135265342891 0.00331621803343296 0.00388299208134413 -9999 -9999 -9999 -9999 -9999 -9999 -9999 -9999 -9999 -9999 -9999 -9999 -9999 -9999 -9999 -9999 -9999 -9999 -9999 -9999 -9999 -9999 -9999 -9999 -9999
0.0294248573482037 0.0196348652243614 0.0133766820654273 0.00757353100925684 0.00565790105611086 0.00511603895574808 0.00491714011877775 0.00470389286056161 0.0044949515722692 0.00413478864356875 0.00356529094278812 0.00368789536878467 0.00315418327227235 0.00293686473742127 0.00288424664177001 0.00300259655341506 0.00315845897421241 0.00319463619962335 0.00310141150839627 0.00309256347827613 0.00297076813876629 0.00301888561807573 0.00304313888773322 0.00303089176304638 0.00303058139979839 0.00330224144272506 0.00361105729825795 0.00373633857816458 0.00392970256507397 0.00377793121151626 0.00372993689961731 -9999 -9999 -9999 -9999 -9999 -9999 -9999 -9999 -9999 -9999 -9999 -9999 -9999 -9999 -9999 -9999 -9999 -9999 -9999 -9999 -9999 -9999 -9999 -9999 -9999 -9999 -9999
0.024285638704896 0.0159560963511467 0.00932664610445499 0.00648995349183679 0.00550725916400552 0.00504410266876221 0.00472959782928228 0.00457068532705307 0.00421325024217367 0.00365360546857119 0.0035089401062578 0.00417434889823198 0.00392246898263693 0.00317393708974123 0.00279823155142367 0.00271690776571631 0.0028810603544116 0.00285347481258214 0.00292850052937865 0.00294021982699633 0.00291569600813091 0.00308926939032972 0.00299616437405348 0.0030115176923573 0.00301222316920757 0.00304632540792227 0.00343770929612219 0.00366127188317478 0.00362664787098765 0.00370085146278143 -9999 -9999 -9999 -9999 -9999 -9999 -9999 -9999 -9999 -9999 -9999 -9999 -9999 -9999 -9999 -9999 -9999 -9999 -9999 -9999 -9999 -9999 -9999 -9999 -9999 -9999 -9999 -9999
0.0183702986687422 0.0136902583763003 0.00792391318827868 0.00631080009043217 0.00544142443686724 0.00501825707033277 0.00470654759556055 0.0043233297765255 0.00367475114762783 0.00334461219608784 0.00326105579733849 0.00308289658278227 0.00313377752900124 0.00278572482056916 0.00258640921674669 0.00252078450284898 0.00263179047033191 0.00268303579650819 0.00273799244314432 0.00275174831040204 0.00295930705033243 0.00299750128760934 0.00287358020432293 0.00284751947037876 0.00296223838813603 0.00297748949378729 0.00311522069387138 0.00335905561223626 -9999 -9999 -9999 -9999 -9999 -9999 -9999 -9999 -9999 -9999 -9999 -9999 -9999 -9999 -9999 -9999 -9999 -9999 -9999 -9999 -9999 -9999 -9999 -9999 -9999 -9999 -9999 -9999 -9999 -9999
0.0158685501664877 0.010437672957778 0.00715828547254205 0.00609916495159268 0.00504262931644917 0.00468564406037331 0.00447644339874387 0.00400868430733681 0.00342000648379326 0.00290709151886404 0.00272657163441181 0.00287038553506136 0.00262373872101307 0.00261668465100229 0.00260655838064849 0.0024088544305414 0.00230593676678836 0.00225100526586175 0.00248869531787932 0.00244268728420138 0.00270598102360964 0.00286504765972495 0.00282271509058774 0.00268785608932376 0.00276714633218944 0.00277284858748317 0.00279711629264057 -9999 -9999 -9999 -9999 -9999 -9999 -9999 -9999 -9999 -9999 -9999 -9999 -9999 -9999 -9999 -9999 -9999 -9999 -9999 -9999 -9999 -9999 -9999 -9999 -9999 -9999 -9999 -9999 -9999 -9999 -9999
0.0114041483029723 0.00750878779217601 0.00643963785842061 0.00560587458312511 0.00480584148317575 0.00460859434679151 0.00422440376132727 0.00362072768621147 0.0031554123852402 0.00259329867549241 0.00251098140142858 0.00295421318151057 0.00283491751179099 0.00315438630059361 0.00264846021309495 0.00241937208920717 0.00229741679504514 0.00225043506361544 0.00222908146679401 0.00205474393442273 0.00226068496704102 0.00251907063648105 0.00267636310309172 0.00265073636546731 -9999 -9999 -9999 -9999 -9999 -9999 -9999 -9999 -9999 -9999 -9999 -9999 -9999 -9999 -9999 -9999 -9999 -9999 -9999 -9999 -9999 -9999 -9999 -9999 -9999 -9999 -9999 -9999 -9999 -9999 -9999 -9999 -9999 -9999
0.00823339261114597 0.00697370199486613 0.00626096082851291 0.00549321342259645 0.00491682626307011 0.00453133508563042 0.00370433926582336 0.00291343592107296 0.0025353457313031 0.0025042446795851 0.0024906003382057 0.0026769433170557 0.00266317115165293 0.00218939944170415 0.00220655603334308 0.00232560397125781 0.00253569311462343 0.00227730278857052 0.00226138415746391 0.0019715866073966 0.00187441846355796 -9999 -9999 -9999 -9999 -9999 -9999 -9999 -9999 -9999 -9999 -9999 -9999 -9999 -9999 -9999 -9999 -9999 -9999 -9999 -9999 -9999 -9999 -9999 -9999 -9999 -9999 -9999 -9999 -9999 -9999 -9999 -9999 -9999 -9999 -9999 -9999 -9999
0.00801660120487213 0.00706004863604903 0.00621708715334535 0.0053052632138133 0.00473660742864013 0.00397810759022832 0.00318490900099277 0.0025933082215488 0.00252249394543469 0.00253364280797541 0.00248337280936539 0.00269774720072746 0.00292150396853685 0.00279800733551383 0.00245521357282996 0.00221535330638289 0.00242615630850196 0.00229139789007604 -9999 -9999 -9999 -9999 -9999 -9999 -9999 -9999 -9999 -9999 -9999 -9999 -9999 -9999 -9999 -9999 -9999 -9999 -9999 -9999 -9999 -9999 -9999 -9999 -9999 -9999 -9999 -9999 -9999 -9999 -9999 -9999 -9999 -9999 -9999 -9999 -9999 -9999 -9999 -9999
0.00729549769312143 0.00653658108785748 0.00593064120039344 0.00507095502689481 0.00445431051775813 0.0036665708757937 0.00301515520550311 0.00282297097146511 0.00284688384272158 0.00267752865329385 0.00257833814248443 0.00270681199617684 0.0029231880325824 0.00296793365851045 0.00292996596544981 -9999 -9999 -9999 -9999 -9999 -9999 -9999 -9999 -9999 -9999 -9999 -9999 -9999 -9999 -9999 -9999 -9999 -9999 -9999 -9999 -9999 -9999 -9999 -9999 -9999 -9999 -9999 -9999 -9999 -9999 -9999 -9999 -9999 -9999 -9999 -9999 -9999 -9999 -9999 -9999 -9999 -9999 -9999
0.00637729512527585 0.00592263042926788 0.00533421756699681 0.0047150063328445 0.00406949361786246 0.00335398479364812 0.00294142286293209 0.00289153540506959 0.00288375490345061 0.00278776185587049 -9999 -9999 -9999 -9999 -9999 -9999 -9999 -9999 -9999 -9999 -9999 -9999 -9999 -9999 -9999 -9999 -9999 -9999 -9999 -9999 -9999 -9999 -9999 -9999 -9999 -9999 -9999 -9999 -9999 -9999 -9999 -9999 -9999 -9999 -9999 -9999 -9999 -9999 -9999 -9999 -9999 -9999 -9999 -9999 -9999 -9999 -9999 -9999
0.00587407825514674 0.00522708194330335 0.00478852773085237 0.00422325637191534 0.00374231557361782 0.00336276879534125 0.00295621412806213 0.00281128333881497 0.0027992706745863 0.00273877941071987 -9999 -9999 -9999 -9999 -9999 -9999 -9999 -9999 -9999 -9999 -9999 -9999 -9999 -9999 -9999 -9999 -9999 -9999 -9999 -9999 -9999 -9999 -9999 -9999 -9999 -9999 -9999 -9999 -9999 -9999 -9999 -9999 -9999 -9999 -9999 -9999 -9999 -9999 -9999 -9999 -9999 -9999 -9999 -9999 -9999 -9999 -9999 -9999
0.00555511843413115 0.00473560206592083 0.0042731873691082 0.00371898710727692 0.00338227022439241 0.00318234181031585 0.0029040074441582 0.00262637669220567 0.00265562301501632 0.00262391869910061 -9999 -9999 -9999 -9999 -9999 -9999 -9999 -9999 -9999 -9999 -9999 -9999 -9999 -9999 -9999 -9999 -9999 -9999 -9999 -9999 -9999 -9999 -9999 -9999 -9999 -9999 -9999 -9999 -9999 -9999 -9999 -9999 -9999 -9999 -9999 -9999 -9999 -9999 -9999 -9999 -9999 -9999 -9999 -9999 -9999 -9999 -9999 -9999
0.00528669077903032 0.00436990521848202 0.00395919196307659 0.00371090206317604 0.00325839221477509 0.00303464592434466 0.00286337942816317 0.00262606958858669 0.00254185451194644 0.0024503767490387 -9999 -9999 -9999 -9999 -9999 -9999 -9999 -9999 -9999 -9999 -9999 -9999 -9999 -9999 -9999 -9999 -9999 -9999 -9999 -9999 -9999 -9999 -9999 -9999 -9999 -9999 -9999 -9999 -9999 -9999 -9999 -9999 -9999 -9999 -9999 -9999 -9999 -9999 -9999 -9999 -9999 -9999 -9999 -9999 -9999 -9999 -9999 -9999
0.00465774908661842 0.0041629453189671 0.00384067022241652 0.00366959720849991 0.00316764391027391 0.00287846196442842 0.00264701643027365 0.00247833947651088 0.00224328879266977 0.00204633781686425 -9999 -9999 -9999 -9999 -9999 -9999 -9999 -9999 -9999 -9999 -9999 -9999 -9999 -9999 -9999 -9999 -9999 -9999 -9999 -9999 -9999 -9999 -9999 -9999 -9999 -9999 -9999 -9999 -9999 -9999 -9999 -9999 -9999 -9999 -9999 -9999 -9999 -9999 -9999 -9999 -9999 -9999 -9999 -9999 -9999 -9999 -9999 -9999
0.00417596055194736 0.00388809433206916 0.00340108503587544 0.00301444553770125 0.00275419582612813 0.00246626045554876 0.00221981527283788 0.00200178241357207 0.00170974747743458 0.00159246241673827 -9999 -9999 -9999 -9999 -9999 -9999 -9999 -9999 -9999 -9999 -9999 -9999 -9999 -9999 -9999 -9999 -9999 -9999 -9999 -9999 -9999 -9999 -9999 -9999 -9999 -9999 -9999 -9999 -9999 -9999 -9999 -9999 -9999 -9999 -9999 -9999 -9999 -9999 -9999 -9999 -9999 -9999 -9999 -9999 -9999 -9999 -9999 -9999
0.00363879348151386 0.00339380162768066 0.00288600311614573 0.00246024550870061 0.00214196019805968 0.00180708488915116 0.00181493978016078 0.00156230921857059 0.00148392864502966 0.00142268533818424 -9999 -9999 -9999 -9999 -9999 -9999 -9999 -9999 -9999 -9999 -9999 -9999 -9999 -9999 -9999 -9999 -9999 -9999 -9999 -9999 -9999 -9999 -9999 -9999 -9999 -9999 -9999 -9999 -9999 -9999 -9999 -9999 -9999 -9999 -9999 -9999 -9999 -9999 -9999 -9999 -9999 -9999 -9999 -9999 -9999 -9999 -9999 -9999
