Results/Current.asc
NCOLS 581 
NROWS 855 
XLLCORNER -74.916666667 
YLLCORNER -55.833333333 
CELLSIZE 0.0833333333339071 
NODATA_value -9999 
[rows 156 to 181 of 855, columns 348 to 405 of 581]
0.000106382532976568 0.000101338962849695 -9999 -9999 -9999 -9999 -9999 -9999 -9999 -9999 -9999 -9999 -9999 -9999 -9999 -9999 -9999 -9999 -9999 -9999 -9999 -9999 -9999 -9999 -9999 -9999 -9999 -9999 -9999 -9999 -9999 -9999 -9999 -9999 -9999 -9999 -9999 -9999 -9999 -9999 -9999 -9999 -9999 -9999 -9999 -9999 -9999 -9999 -9999 -9999 -9999 -9999 -9999 -9999 -9999 -9999 -9999 -9999
0.000102947022242006 0.000101266523415688 9.63715647230856e-05 9.63671482168138e-05 8.84658074937761e-05 -9999 -9999 -9999 -9999 -9999 -9999 -9999 -9999 -9999 -9999 -9999 -9999 -9999 -9999 -9999 -9999 -9999 -9999 -9999 -9999 -9999 -9999 -9999 -9999 -9999 -9999 -9999 -9999 -9999 -9999 -9999 -9999 -9999 -9999 -9999 -9999 -9999 -9999 -9999 -9999 -9999 -9999 -9999 -9999 -9999 -9999 -9999 -9999 -9999 -9999 -9999 -9999 -9999
0.000106933475763071 0.000101519930467475 9.63987404247746e-05 9.00175582501106e-05 9.14381598704495e-05 8.52785960887559e-05 7.75890439399518e-05 7.42164920666255e-05 7.17981529305689e-05 -9999 -9999 -9999 -9999 -9999 -9999 -9999 -9999 -9999 -9999 -9999 -9999 -9999 -9999 -9999 -9999 -9999 -9999 -9999 -9999 -9999 -9999 -9999 -9999 -9999 -9999 -9999 -9999 -9999 -9999 -9999 -9999 -9999 -9999 -9999 -9999 -9999 -9999 -9999 -9999 -9999 -9999 -9999 -9999 -9999 -9999 -9999 -9999 -9999
0.000105691055068746 0.000100027791631874 9.61929763434455e-05 9.08822694327682e-05 8.86944399098866e-05 8.47350747790188e-05 7.82324932515621e-05 7.64264332246967e-05 7.07307990523987e-05 7.43860509828664e-05 6.04937522439286e-05 5.69085605093278e-05 -9999 -9999 -9999 -9999 -9999 -9999 -9999 -9999 -9999 -9999 -9999 -9999 -9999 -9999 -9999 -9999 -9999 -9999 -9999 -9999 -9999 -9999 -9999 -9999 -9999 -9999 -9999 -9999 -9999 -9999 -9999 -9999 -9999 -9999 -9999 -9999 -9999 -9999 -9999 -9999 -9999 -9999 -9999 -9999 -9999 -9999
0.000139671392389573 0.000138089046231471 0.000109235530544538 9.19199956115335e-05 8.06910975370556e-05 7.79015608713962e-05 7.5523137638811e-05 7.98104083514772e-05 7.11982866050676e-05 6.49204521323554e-05 5.89676383242477e-05 5.74517580389511e-05 5.63680659979582e-05 5.35270373802632e-05 -9999 -9999 -9999 -9999 -9999 -9999 -9999 -9999 -9999 -9999 -9999 -9999 -9999 -9999 -9999 -9999 -9999 -9999 -9999 -9999 -9999 -9999 -9999 -9999 -9999 -9999 -9999 -9999 -9999 -9999 -9999 -9999 -9999 -9999 -9999 -9999 -9999 -9999 -9999 -9999 -9999 -9999 -9999 -9999
0.000195657121366821 0.000178321410203353 0.000148846142110415 0.000110748514998704 8.1890779256355e-05 7.73037027101964e-05 7.51202096580528e-05 7.02375618857332e-05 7.03548867022619e-05 6.03989501541946e-05 5.93046206631698e-05 5.60571352252737e-05 5.4248834203463e-05 5.4871659813216e-05 4.52530512120575e-05 4.43243225163314e-05 4.89922676933929e-05 3.9739996282151e-05 -9999 -9999 -9999 -9999 -9999 -9999 -9999 -9999 -9999 -9999 -9999 -9999 -9999 -9999 -9999 -9999 -9999 -9999 -9999 -9999 -9999 -9999 -9999 -9999 -9999 -9999 -9999 -9999 -9999 -9999 -9999 -9999 -9999 -9999 -9999 -9999 -9999 -9999 -9999 -9999
0.000217434499063529 0.000187508194358088 0.000156720518134534 0.000120456796139479 9.94209622149356e-05 8.51349177537486e-05 8.72187447384931e-05 7.63086209190078e-05 6.61256271996535e-05 5.89694755035453e-05 5.75232443225104e-05 5.44604408787563e-05 5.22985828865785e-05 4.51501327916048e-05 3.91820212826133e-05 3.70239140465856e-05 3.28249589074403e-05 3.9131202356657e-05 4.78510301036295e-05 5.03543560625985e-05 4.55237168353051e-05 4.46782469225582e-05 4.01001489080954e-05 -9999 -9999 -9999 -9999 -9999 -9999 -9999 -9999 -9999 -9999 -9999 -9999 -9999 -9999 -9999 -9999 -9999 -9999 -9999 -9999 -9999 -9999 -9999 -9999 -9999 -9999 -9999 -9999 -9999 -9999 -9999 -9999 -9999 -9999 -9999
0.000218732471694238 0.000188927646377124 0.000162834403454326 0.000148949984577484 0.00014223824837245 0.00012360408436507 0.000175310706254095 0.000204507465241477 0.000160330630023964 9.93474386632442e-05 8.33067533676513e-05 6.34337411611341e-05 7.27521837688982e-05 5.64219990337733e-05 8.36822800920345e-05 8.0354031524621e-05 5.43829592061229e-05 4.59667135146447e-05 4.973252362106e-05 5.2190571295796e-05 4.48389473604038e-05 4.48739738203585e-05 3.88417283829767e-05 4.04220008931588e-05 3.78792974515818e-05 3.50360387528781e-05 3.54791736754123e-05 -9999 -9999 -9999 -9999 -9999 -9999 -9999 -9999 -9999 -9999 -9999 -9999 -9999 -9999 -9999 -9999 -9999 -9999 -9999 -9999 -9999 -9999 -9999 -9999 -9999 -9999 -9999 -9999 -9999 -9999 -9999
0.000209580000955611 0.000182009345735423 0.000186962410225533 0.000169458697200753 0.000153346700244583 0.000137350274599157 0.000220869551412761 0.000215055188164115 0.000142832592246123 0.000111155117338058 0.000105478575278539 9.72498819464818e-05 0.000166027894010767 0.000182070900336839 0.000329517701175064 0.000182943418622017 9.19829471968114e-05 6.26682522124611e-05 4.85694072267506e-05 5.12494261784013e-05 4.77259527542628e-05 4.55348999821581e-05 3.74390729120933e-05 4.15593749494292e-05 3.83391343348194e-05 3.50739865098149e-05 3.40809128829278e-05 3.42651328537613e-05 3.33875614160206e-05 -9999 -9999 -9999 -9999 -9999 -9999 -9999 -9999 -9999 -9999 -9999 -9999 -9999 -9999 -9999 -9999 -9999 -9999 -9999 -9999 -9999 -9999 -9999 -9999 -9999 -9999 -9999 -9999 -9999
0.000200704307644628 0.000195832966710441 0.000177474590600468 0.000174376866198145 0.000135834416141734 0.000157215326908045 0.000304876128211617 0.000156224210513756 8.80174629855901e-05 7.27843216736801e-05 6.53859824524261e-05 7.45124561944976e-05 0.000121972552733496 0.000124709098599851 0.000131541775772348 7.17963193892501e-05 6.08194022788666e-05 5.56294035050087e-05 4.68682446808089e-05 5.08721568621695e-05 4.65976845589466e-05 3.60832709702663e-05 3.15476900141221e-05 4.17842966271564e-05 3.57345306838397e-05 3.43391220667399e-05 3.2697764254408e-05 3.2591175113339e-05 3.38161953550298e-05 3.08876988128759e-05 2.80357598967385e-05 -9999 -9999 -9999 -9999 -9999 -9999 -9999 -9999 -9999 -9999 -9999 -9999 -9999 -9999 -9999 -9999 -9999 -9999 -9999 -9999 -9999 -9999 -9999 -9999 -9999 -9999 -9999
0.000123972786241211 0.000202182316570543 0.000167847683769651 0.000145588084706105 0.000124144193250686 0.00013408501399681 0.000186934266821481 0.000115626542537939 8.7092790636234e-05 7.43142882129177e-05 5.90788549743593e-05 6.90743254381232e-05 7.24555939086713e-05 6.29422211204655e-05 5.98814694967587e-05 5.85076850256883e-05 5.50359400222078e-05 5.17936459800694e-05 4.86016215290874e-05 4.50607331003994e-05 4.2007515730802e-05 3.259968070779e-05 3.35473378072493e-05 3.95831448258832e-05 3.13576892949641e-05 3.22810992656741e-05 4.01780744141433e-05 4.07567531510722e-05 3.81061145162676e-05 3.32797790179029e-05 3.01501131616533e-05 2.93070643238025e-05 -9999 -9999 -9999 -9999 -9999 -9999 -9999 -9999 -9999 -9999 -9999 -9999 -9999 -9999 -9999 -9999 -9999 -9999 -9999 -9999 -9999 -9999 -9999 -9999 -9999 -9999
9.21140672289766e-05 0.000118321688205469 0.000140082061989233 0.000128852581838146 0.000122127545182593 0.000112884648842737 9.83605496003293e-05 9.14020783966407e-05 8.09019329608418e-05 7.14020206942223e-05 6.93224210408516e-05 7.65510412747972e-05 6.43456151010469e-05 6.23328814981505e-05 5.97025391471107e-05 5.90600793657359e-05 6.05101449764334e-05 5.19558816449717e-05 4.90297315991484e-05 4.87672296003439e-05 4.82373689010274e-05 4.05437094741501e-05 3.86119972972665e-05 3.86581559723709e-05 3.68695364159066e-05 3.75089693989139e-05 4.42266937170643e-05 5.12062106281519e-05 4.70763880002778e-05 3.86212377634365e-05 3.41698105330579e-05 3.02609041682445e-05 2.80684580502566e-05 2.64547797996784e-05 -9999 -9999 -9999 -9999 -9999 -9999 -9999 -9999 -9999 -9999 -9999 -9999 -9999 -9999 -9999 -9999 -9999 -9999 -9999 -9999 -9999 -9999 -9999 -9999
6.22400184511207e-05 4.41753763880115e-05 4.63588767161127e-05 9.96402959572151e-05 8.53412566357292e-05 7.91784696048126e-05 8.52381999720819e-05 7.67407545936294e-05 7.10337772034109e-05 6.85136183165014e-05 6.19890706730075e-05 5.9127742133569e-05 5.87235153943766e-05 5.98599035583902e-05 5.49680116819218e-05 5.25319956068415e-05 5.52883175259922e-05 4.96239081257954e-05 4.88052173750475e-05 4.5259152102517e-05 4.47606071247719e-05 4.17595692852046e-05 3.76566240447573e-05 3.89015367545653e-05 4.3860352889169e-05 4.68645812361501e-05 4.73214568046387e-05 5.2630730351666e-05 4.8788951971801e-05 4.2489013139857e-05 4.2246359953424e-05 3.39617290592287e-05 2.92403856292367e-05 2.82048877124907e-05 2.54494316322962e-05 2.53898797382135e-05 -9999 -9999 -9999 -9999 -9999 -9999 -9999 -9999 -9999 -9999 -9999 -9999 -9999 -9999 -9999 -9999 -9999 -9999 -9999 -9999 -9999 -9999
1.09638858702965e-05 1.43691404446145e-05 1.69401137100067e-05 2.15826348721748e-05 4.48031023552176e-05 3.71828355127946e-05 3.36771554430015e-05 4.98081790283322e-05 4.28755120083224e-05 4.59958791907411e-05 5.55855222046375e-05 5.25311334058642e-05 5.45137008884922e-05 5.89700066484511e-05 4.92430372105446e-05 4.30451073043514e-05 4.51496525784023e-05 4.68529215140734e-05 5.23179587617051e-05 4.9373247748008e-05 4.18178969994187e-05 3.87564396078233e-05 3.66223939636257e-05 3.47538916685153e-05 4.21313925471622e-05 4.75685847050045e-05 4.90776219521649e-05 5.29531025676988e-05 4.98614681418985e-05 4.50184379587881e-05 4.34236899309326e-05 3.44930704159196e-05 3.11137337121181e-05 2.89468407572713e-05 2.58882191701559e-05 2.532151665946e-05 2.42719688685611e-05 -9999 -9999 -9999 -9999 -9999 -9999 -9999 -9999 -9999 -9999 -9999 -9999 -9999 -9999 -9999 -9999 -9999 -9999 -9999 -9999 -9999
1.21122366181226e-05 7.8322846093215e-06 8.31732631922932e-06 1.20041495392798e-05 1.70764724316541e-05 1.5687322957092e-05 1.96371129277395e-05 2.40738081629388e-05 2.68373514700215e-05 3.5573095374275e-05 3.80463861802127e-05 4.51924825028982e-05 4.80496128147934e-05 4.88551013404503e-05 4.15705471823458e-05 3.83529186365195e-05 3.8220427086344e-05 4.11803594033699e-05 4.97876426379662e-05 5.40270593774039e-05 4.03328231186606e-05 3.53705399902537e-05 3.4624281397555e-05 3.74757910321932e-05 4.57108217233326e-05 4.41654046881013e-05 4.65127159259282e-05 4.3905369238928e-05 4.36972295574378e-05 4.31008375016972e-05 3.83125734515488e-05 3.20518811349757e-05 2.88818882836495e-05 2.69548108917661e-05 2.4535207558074e-05 2.48753403866431e-05 2.59934913628967e-05 2.60970446106512e-05 -9999 -9999 -9999 -9999 -9999 -9999 -9999 -9999 -9999 -9999 -9999 -9999 -9999 -9999 -9999 -9999 -9999 -9999 -9999 -9999
1.67177604453173e-05 4.4922044253326e-06 2.59958574133634e-06 7.11073789716465e-06 4.82663790535298e-06 3.95773940908839e-06 1.31018941829097e-05 1.02673975561629e-05 1.01528748928104e-05 2.2703519789502e-05 1.64851135195931e-05 1.76413814187981e-05 2.90162952296669e-05 2.30506084335502e-05 1.97744866454741e-05 2.89007293758914e-05 3.35783588525373e-05 3.29671092913486e-05 3.69586996384896e-05 3.8684196624672e-05 3.09277129417751e-05 2.88597275357461e-05 3.22439336741809e-05 3.25019573210739e-05 3.69356603187043e-05 3.47119785146788e-05 3.35726690536831e-05 3.42440762324259e-05 2.95580393867567e-05 3.10982941300608e-05 2.96133348456351e-05 2.64737464021891e-05 2.39701257669367e-05 2.38683624047553e-05 2.11052738450235e-05 2.25222793233115e-05 2.53446924034506e-05 2.65857961494476e-05 2.79017895081779e-05 -9999 -9999 -9999 -9999 -9999 -9999 -9999 -9999 -9999 -9999 -9999 -9999 -9999 -9999 -9999 -9999 -9999 -9999 -9999
6.76892705087084e-06 3.86068268198869e-06 2.14394754038949e-06 1.4533057992594e-06 2.26514998757921e-06 1.45429498843441e-06 1.53018800119753e-06 2.87637681140041e-06 3.40928340847313e-06 4.27052782470128e-06 6.98783242114587e-06 6.72586884320481e-06 7.15261694494984e-06 1.02393642009702e-05 8.56701171869645e-06 7.9322107922053e-06 1.63924505613977e-05 1.78973277797922e-05 2.42127134697512e-05 2.94090914394474e-05 2.96224425255787e-05 2.94593537546461e-05 3.09301576635335e-05 2.92254680971382e-05 2.98807481158292e-05 2.85297683149111e-05 2.60468241322087e-05 2.74805261142319e-05 2.64092941506533e-05 2.57798637903761e-05 2.44067668973003e-05 2.10413600143511e-05 1.88909471035004e-05 1.96591627172893e-05 1.87911828106735e-05 1.99450132640777e-05 2.1479796487256e-05 2.5623980036471e-05 2.90792595478706e-05 2.96296148007968e-05 2.88162136712344e-05 -9999 -9999 -9999 -9999 -9999 -9999 -9999 -9999 -9999 -9999 -9999 -9999 -9999 -9999 -9999 -9999 -9999
3.39304206136148e-05 1.05973349491251e-05 3.98058818973368e-06 3.44464820045687e-06 1.55352120145835e-06 1.03926095107454e-06 9.26780501231406e-07 1.08939832443866e-06 1.83098723027797e-06 2.74835156233166e-06 3.3145056477224e-06 4.24716336056008e-06 5.74487830817816e-06 9.35413845581934e-06 9.31170325202402e-06 9.74087743088603e-06 9.80054119281704e-06 1.25856568047311e-05 2.05914111575112e-05 2.23369224841008e-05 3.02368425764143e-05 3.05865651171189e-05 2.95228946924908e-05 2.8717109671561e-05 2.75128786597634e-05 2.7827569283545e-05 2.7849435355165e-05 2.74448011623463e-05 2.53965899901232e-05 2.39226610574406e-05 2.16834523598664e-05 1.92537027032813e-05 1.98408451979049e-05 1.95036955119576e-05 1.95129759958945e-05 2.1110752641107e-05 2.32004022109322e-05 2.7348654839443e-05 3.0531646189047e-05 3.19606806442607e-05 3.16169862344395e-05 2.83483022940345e-05 -9999 -9999 -9999 -9999 -9999 -9999 -9999 -9999 -9999 -9999 -9999 -9999 -9999 -9999 -9999 -9999
0.00021652239956893 3.35966069542337e-05 1.03221791505348e-05 7.39538745619939e-06 1.21514312922955e-06 6.55873805044394e-07 9.94489937511389e-07 5.93798233694542e-07 5.81011192934966e-07 2.28615408559563e-06 1.63897459515283e-06 1.6166989098565e-06 5.06129981658887e-06 6.18402691543452e-06 1.15157481559436e-05 1.46739448609878e-05 4.41209340351634e-06 3.96862924390007e-06 1.2895732652396e-05 1.4330578778754e-05 1.72942891367711e-05 3.36788616550621e-05 3.17512640322093e-05 3.05667890643235e-05 3.07712616631761e-05 2.93252378469333e-05 2.81789089058293e-05 3.01355958072236e-05 2.77559738606215e-05 2.68700568994973e-05 2.22796334128361e-05 2.09311638172949e-05 2.58956006291555e-05 2.47558473347453e-05 2.44117727561388e-05 2.80381864286028e-05 3.18175698339473e-05 3.25070031976793e-05 3.41293052770197e-05 3.87853106076363e-05 3.76238676835783e-05 3.49648762494326e-05 -9999 -9999 -9999 -9999 -9999 -9999 -9999 -9999 -9999 -9999 -9999 -9999 -9999 -9999 -9999 -9999
0.00479141529649496 0.000754755747038871 6.56024203635752e-05 1.03546135505894e-05 2.97488304568105e-06 8.5979570485506e-07 3.71500647133871e-07 3.63143101367314e-07 4.92425670017838e-07 6.33613012723799e-07 7.93645767771523e-07 8.65890854129248e-07 1.02715171124146e-06 1.8216218222733e-06 2.23759707296267e-06 1.65930453022156e-06 1.97238432519953e-06 3.48351341017406e-06 1.1715838809323e-05 1.74476990650874e-05 1.07062460301677e-05 1.74750930455048e-05 3.12780903186649e-05 3.0522198358085e-05 3.13686068693642e-05 3.19076898449566e-05 3.12119154841639e-05 3.16732403007336e-05 2.90516254608519e-05 3.09814968204591e-05 2.88850224023918e-05 2.7321771995048e-05 3.26908339047804e-05 3.20414947054815e-05 3.16481964546256e-05 3.64193692803383e-05 3.92880247090943e-05 3.66131025657523e-05 3.84260529244784e-05 4.85309719806537e-05 4.79273003293201e-05 4.70425911771599e-05 3.90574132325128e-05 -9999 -9999 -9999 -9999 -9999 -9999 -9999 -9999 -9999 -9999 -9999 -9999 -9999 -9999 -9999
0.0400377921760082 0.0199679266661406 0.00556858908385038 0.000249066884862259 3.23120220855344e-05 4.07845891459147e-06 1.51658684899303e-06 9.95800519376644e-07 1.24277667055139e-05 3.97101530325017e-06 5.65083780657005e-07 8.47784917823446e-07 1.35031802983576e-06 9.07109210857016e-07 1.09193069874891e-06 1.4874107137075e-06 1.80283609552134e-06 4.96082475365256e-06 6.09099552093539e-05 7.80609188950621e-05 1.28642841445981e-05 1.75680979737081e-05 2.31669655477162e-05 3.60485973942559e-05 3.70278903574217e-05 3.28142741636839e-05 3.40375117957592e-05 3.10967479890678e-05 3.26030676660594e-05 3.32074996549636e-05 3.38872087013442e-05 3.40681654051878e-05 3.75363379134797e-05 3.99930795538239e-05 4.03049707529135e-05 4.04920247092377e-05 4.02045843657106e-05 4.00361350330058e-05 4.09699023293797e-05 5.47571180504747e-05 5.73618053749669e-05 5.61610468139406e-05 4.91626306029502e-05 4.3358621041989e-05 3.73557159036864e-05 3.50216396327596e-05 -9999 -9999 -9999 -9999 -9999 -9999 -9999 -9999 -9999 -9999 -9999 -9999
0.107754252851009 0.0290290974080563 0.0238806698471308 0.0149569567292929 0.0018166855443269 7.92089122114703e-05 1.13663336378522e-05 8.34620732348412e-06 1.68056121765403e-05 3.38023005497234e-06 4.91026639792835e-07 6.48387015189655e-07 1.80739687039022e-06 5.75522165036091e-07 5.01776639794116e-07 1.46399906952865e-06 1.54850465605705e-06 1.74010904174793e-06 1.70233488461236e-05 2.81900393019896e-05 6.02793807047419e-06 1.75635668711038e-05 5.54506914340891e-05 0.000120430755487178 0.000111985042167362 4.51678824902046e-05 4.37976159446407e-05 3.69534391211346e-05 3.51971175405197e-05 3.62839273293503e-05 3.76373827748466e-05 3.79342636733782e-05 4.03573831135873e-05 4.19577445427421e-05 4.16983602917753e-05 4.36765985796228e-05 5.12534898007289e-05 4.57065834780224e-05 4.35000329161994e-05 6.06735338806175e-05 6.98321164236404e-05 6.34457537671551e-05 5.48182870261371e-05 5.25642244610935e-05 4.47179736511316e-05 4.068484849995e-05 3.80798046535347e-05 3.77184151147958e-05 3.65166779374704e-05 -9999 -9999 -9999 -9999 -9999 -9999 -9999 -9999 -9999
0.0250824335962534 0.0332701802253723 0.0342041961848736 0.0607956536114216 0.0221371594816446 0.00353225343860686 0.000445940648205578 0.000122372759506106 1.24964708447806e-05 5.22504569744342e-06 6.11606174061308e-06 8.97119662113255e-07 6.83582300098351e-07 4.02009760591682e-07 4.2208182549075e-07 3.60882580707766e-07 8.04365811291063e-07 1.13557177883195e-06 1.96414384845411e-06 4.33204422733979e-06 4.27222266807803e-06 1.86287288670428e-05 0.000234550665481947 0.00027042772853747 6.51536611258052e-05 3.99850832764059e-05 4.41779338871129e-05 8.17402251414023e-05 9.49939494603314e-05 4.66728524770588e-05 4.3279338569846e-05 4.27672057412565e-05 4.38805254816543e-05 4.44511133537162e-05 4.49118488177191e-05 4.85351301904302e-05 5.52168239664752e-05 4.68615216959734e-05 5.07337099406868e-05 6.23038285993971e-05 6.74837428960018e-05 7.69490798120387e-05 6.90784290782176e-05 6.33152667433023e-05 5.55648584850132e-05 4.3225176341366e-05 3.94965754821897e-05 4.01480647269636e-05 3.97801304643508e-05 4.46187550551258e-05 4.88939549541101e-05 4.31038570241071e-05 3.93424415960908e-05 -9999 -9999 -9999 -9999 -9999
0.0151230907067657 0.0158760957419872 0.0210170187056065 0.027206726372242 0.0319977700710297 0.0252333078533411 0.0134809343144298 0.00362448673695326 0.00027278417837806 0.000201880146050826 0.00147740030661225 1.05192621049355e-05 1.60172930918634e-06 6.05997797720192e-07 5.25140251284029e-07 3.8081267916823e-07 5.68067491713009e-07 1.08860774616915e-06 1.8687594547373e-06 2.48088122134504e-06 4.38893721366185e-06 1.19941169032245e-05 5.41460467502475e-05 4.35297442891169e-05 2.29475772357546e-05 2.93169814540306e-05 7.83366413088515e-05 0.0007355633424595 0.000454448425443843 7.94770239735954e-05 5.07283984916285e-05 4.76353670819663e-05 4.77019129903056e-05 4.93988154630642e-05 5.11970101797488e-05 5.14849925821181e-05 5.39468201168347e-05 4.95653803227469e-05 5.25651557836682e-05 6.33437739452347e-05 6.87054707668722e-05 6.679687066935e-05 6.57331256661564e-05 8.32423465908505e-05 0.000121412915177643 5.80105115659535e-05 4.04201164201368e-05 4.09752356063109e-05 4.26015831180848e-05 4.14249770983588e-05 4.38587849203032e-05 4.34864268754609e-05 4.10881621064618e-05 4.31994449172635e-05 4.75915949209593e-05 4.56800989923067e-05 4.81948700326029e-05 5.80316955165472e-05
0.0132274432107806 0.0133285718038678 0.0126985190436244 0.0164761766791344 0.0196922086179256 0.0282384678721428 0.109267614781857 0.0950121581554413 0.019979590550065 0.0190728399902582 0.0190352406352758 0.00229236390441656 0.000806315802037716 6.71046364004724e-05 7.94499828771222e-06 1.24249277178023e-06 7.05116065091715e-07 8.3637507941603e-07 2.30604177886562e-06 2.56317548519291e-06 4.39403402197058e-06 8.35493847262114e-06 8.32556543173268e-06 6.06552703175112e-06 1.61831703735515e-05 2.49691274802899e-05 5.81659005547408e-05 0.000329166708979756 0.00016854249406606 7.72990752011538e-05 5.11681428179145e-05 4.96495558763854e-05 5.51612065464724e-05 5.40766195626929e-05 5.48673560842872e-05 5.1761027862085e-05 5.38296735612676e-05 5.57737657800317e-05 5.20971807418391e-05 6.71263842377812e-05 7.50085746403784e-05 6.85159611748531e-05 6.69465443934314e-05 0.000122729441500269 0.000233651968301274 0.000103416830825154 4.80275120935403e-05 4.2990519432351e-05 4.4399483158486e-05 4.95154527015984e-05 4.85950840811711e-05 4.93804218422156e-05 4.7572950279573e-05 4.60564842796884e-05 4.92934668727685e-05 3.80972305720206e-05 0.000105176717625 0.000201044109417126
0.00610146718099713 0.0133022498339415 0.0149938547983766 0.011841494590044 0.0150612462311983 0.0112223830074072 0.0392759628593922 0.0252459552139044 0.0245704334229231 0.0203492380678654 0.0259589962661266 0.0265657398849726 0.0130238234996796 0.00684422953054309 0.00591390626505017 5.32951453351416e-05 1.14655231300276e-05 1.9575459191401e-06 2.1178534552746e-06 2.44121679315867e-06 4.03132753490354e-06 4.41370502812788e-06 4.45528985437704e-06 5.91487014389713e-06 1.21703906188486e-05 2.09155605261913e-05 3.42058519890998e-05 6.47854758426547e-05 7.22075783414766e-05 8.078775863396e-05 5.57480707357172e-05 5.09562487422954e-05 5.64438560104463e-05 6.01350511715282e-05 5.73775105294771e-05 5.59500258532353e-05 6.36771728750318e-05 6.54368122923188e-05 5.85050584049895e-05 6.49170324322768e-05 7.38425660529174e-05 7.77739041950554e-05 6.68701395625249e-05 6.84426995576359e-05 7.41440526326187e-05 5.70441807212774e-05 4.82763498439454e-05 4.50233092124108e-05 6.35652831988409e-05 8.31971046864055e-05 4.82083632959984e-05 5.00972055306192e-05 5.0966780690942e-05 4.69164224341512e-05 5.14110834046733e-05 0.000188669553608634 0.00302709708921611 0.00153619237244129
