Results/Current.asc
NCOLS 581 
NROWS 855 
XLLCORNER -74.916666667 
YLLCORNER -55.833333333 
CELLSIZE 0.0833333333339071 
NODATA_value -9999 
[rows 26 to 51 of 855, columns 0 to 57 of 581]
-9999 -9999 -9999 -9999 -9999 -9999 -9999 -9999 -9999 3.38214681505633e-06 3.05907929032401e-06 3.45849389304931e-06 3.89853767046588e-06 4.49616754849558e-06 5.04475792695303e-06 5.86141732128453e-06 7.48940374251106e-06 9.12052109924844e-06 1.49337747643585e-05 4.3172844016226e-05 7.22764816600829e-05 0.000133613822981715 0.000218676723306999 0.000247296411544085 0.000206421682378277 0.000215136707993224 0.000224089526454918 0.000206550772418268 0.00030923678423278 0.000442818593000993 0.00052313698688522 0.000452938606031239 0.000646990083623677 0.00097806949634105 0.000948213622905314 0.00125390547327697 0.00104652170557529 0.00110838341061026 0.000944152532611042 0.000964894250500947 0.0012460578000173 0.000812684535048902 0.00031368964118883 0.000138754723593593 0.000136137110530399 0.000183156327693723 0.000336259632604197 0.000775906140916049 0.000608487636782229 0.000462295691249892 0.000583396933507174 0.000320622406434268 0.000130899512441829 7.47259909985587e-05 7.24354831618257e-05 7.76151719037443e-05 0.000120767646876629 8.48246054374613e-05
-9999 -9999 -9999 -9999 -9999 -9999 -9999 -9999 -9999 2.81017923953186e-06 3.06949323203298e-06 3.35806475959544e-06 4.31743910667137e-06 5.5277491810557e-06 5.44789691048209e-06 7.50503522795043e-06 1.45030480780406e-05 2.15689033211675e-05 4.72715473733842e-05 0.000114704031147994 0.000170844636159018 0.000319133803714067 0.000360778911272064 0.000316882942570373 0.000303372624330223 0.000225218667765148 0.000197691857465543 0.000214515312109143 0.000419863034039736 0.000693135138135403 0.00080431520473212 0.000817153311800212 0.00116005528252572 0.00132594641763717 0.00105720153078437 0.00141329877078533 0.00135537714231759 0.00114301184657961 0.00148333748802543 0.00180532864760607 0.00200619059614837 0.00162320281378925 0.00105995708145201 0.000403104262659326 0.000125047386973165 0.000332932017045096 0.00109892699401826 0.00299123674631119 0.00306367292068899 0.00244806474074721 0.00311894970946014 0.00184351857751608 0.00051611615344882 0.00028375958208926 0.000351564318407327 0.000374686671420932 0.000556682178284973 0.000688111002091318
-9999 -9999 -9999 -9999 -9999 -9999 -9999 -9999 -9999 -9999 3.27349539475108e-06 3.59569935426407e-06 4.55202598459437e-06 5.3146823120187e-06 9.57756947173038e-06 1.2947037248523e-05 2.34535818890436e-05 5.08900702698156e-05 0.000133155408548191 0.000273316341917962 0.000392478686990216 0.000444539793534204 0.000436236849054694 0.000291533477138728 0.000274490506853908 0.000300437241094187 0.000212885643122718 0.000179927999852225 0.000270443269982934 0.000393978581996635 0.00041454381425865 0.000546456954907626 0.000609621405601501 0.000927175802644342 0.00156492262613028 0.00175303465221077 0.00166603550314903 0.0017763344803825 0.00223498651757836 0.00247490662150085 0.0028141331858933 0.00170930486638099 0.000551501172594726 0.00033415513462387 0.000154413311975077 0.000199901609448716 0.00118708878289908 0.0050798743031919 0.0112198740243912 0.0103573752567172 0.0110233966261148 0.0072058942168951 0.00234856503084302 0.0017357727047056 0.00239579472690821 0.00230323942378163 0.00199832231737673 0.00207800115458667
-9999 -9999 -9999 -9999 -9999 -9999 -9999 -9999 -9999 -9999 3.65866731044662e-06 4.42211103290902e-06 6.34634625384933e-06 7.90024660091149e-06 1.16875717139919e-05 1.68347687576897e-05 3.59665937139653e-05 9.68513122643344e-05 0.000293987744953483 0.000557370891328901 0.000619000114966184 0.000543149712029845 0.000406533043133095 0.000227234442718327 0.000254799524554983 0.000299617124255747 0.000191714410902932 0.000224432267714292 0.000302339904010296 0.00033521227305755 0.000440617906861007 0.000431131367804483 0.000510659941937774 0.00100169936195016 0.00179239304270595 0.00269327685236931 0.00303105707280338 0.00340107502415776 0.00411294214427471 0.00543323718011379 0.00676422100514174 0.0025951883289963 0.000765685108490288 0.000552794081158936 0.000339914142386988 0.000723691133316606 0.00173703290056437 0.00950396619737148 0.0301318485289812 0.0366200432181358 0.0324421897530556 0.0220039933919907 0.0138858072459698 0.00960897747427225 0.0122548341751099 0.0117015745490789 0.00940605811774731 0.00675110425800085
-9999 -9999 -9999 -9999 -9999 -9999 -9999 -9999 -9999 -9999 -9999 5.50683353139902e-06 7.7896002039779e-06 8.61460739542963e-06 1.65488363563782e-05 3.43324281857349e-05 5.65342925256118e-05 0.000197539760847576 0.000497284112498164 0.000538573833182454 0.000529732438735664 0.000317783065838739 0.000204506126465276 0.000139005132950842 0.000169051039847545 0.00028373533859849 0.000346238608472049 0.000235541781876236 0.000288072478724644 0.000403953599743545 0.000498801120556891 0.000550581433344632 0.000817818799987435 0.00128533493261784 0.00203926605172455 0.00318081467412412 0.0052406876347959 0.00654279533773661 0.00836501084268093 0.0128887463361025 0.0113794123753905 0.00431760074570775 0.001905043493025 0.000949260895140469 0.000597194069996476 0.00129974412266165 0.00444136839359999 0.00892778672277927 0.0407894030213356 0.0674303695559502 0.0614839121699333 0.0420924611389637 0.0379297398030758 0.0361784882843494 0.0284712482243776 0.0262793470174074 0.0219783522188663 0.0123428786173463
-9999 -9999 -9999 -9999 -9999 -9999 -9999 -9999 -9999 -9999 -9999 6.29498163107201e-06 6.3920133470674e-06 8.45890281198081e-06 3.24181310134009e-05 5.90442105021793e-05 0.000226389398449101 0.000414357549743727 0.000424371071858332 0.000296536949463189 0.000214519284782 8.65283655002713e-05 7.61206902097911e-05 8.00743073341437e-05 9.14447955437936e-05 0.000339126330800354 0.000546359049621969 0.000294285680865869 0.000358055374817923 0.000399289361666888 0.000334835698595271 0.000668499327730387 0.00130359968170524 0.00242877099663019 0.00483613042160869 0.0056197470985353 0.0080639561638236 0.0132964886724949 0.0180679820477962 0.0257896166294813 0.0199793502688408 0.00797611195594072 0.00497209513559937 0.00303541566245258 0.00212982180528343 0.00492837186902761 0.025800934061408 0.0336803272366524 0.0974921137094498 0.164355158805847 0.133130118250847 0.0902456641197205 0.0728466883301735 0.0606613084673882 0.0558485202491283 0.0530750527977943 0.0368538536131382 0.024591363966465
-9999 -9999 -9999 -9999 -9999 -9999 -9999 -9999 -9999 -9999 -9999 -9999 5.88444572713342e-06 1.55272191477707e-05 4.61487252323423e-05 0.000190070146345533 0.000381668593036011 0.000428954430390149 0.000227015159907751 0.000125054299132898 0.00010042026406154 6.26672481303103e-05 5.46165574633051e-05 6.08044283580966e-05 6.74028633511625e-05 0.000208267738344148 0.000514621089678258 0.000535981205757707 0.000621136801782995 0.000764287367928773 0.000703458208590746 0.00188713136594743 0.00459252204746008 0.0088961124420166 0.0141567839309573 0.0185005497187376 0.0232878718525171 0.0290442202240229 0.0357844643294811 0.0382684022188187 0.0246776901185513 0.0142234396189451 0.0150356525555253 0.0158801432698965 0.00743713835254312 0.0149047477170825 0.0840390175580978 0.18493926525116 0.221719309687614 0.205301806330681 0.225475609302521 0.194681465625763 0.15368016064167 0.107725568115711 0.0892848297953606 0.0878549739718437 0.0780103430151939 0.0642201229929924
-9999 -9999 -9999 -9999 -9999 -9999 -9999 -9999 -9999 -9999 -9999 -9999 6.06352932663867e-06 1.95419561350718e-05 5.60248663532548e-05 0.000236295294598676 0.000212048602406867 0.00015170723781921 0.000100185330666136 7.17629955033772e-05 6.27632180112414e-05 5.77682767470833e-05 4.04436941607855e-05 5.64433576073498e-05 9.92112400126643e-05 0.000242089328821748 0.000642460072413087 0.00124724977649748 0.00191577745135874 0.00267506530508399 0.00317049864679575 0.00713138747960329 0.0133561743423343 0.0213868860155344 0.028774680569768 0.0367472507059574 0.0498512350022793 0.0628669112920761 0.0598862320184708 0.0514208823442459 0.0456747524440289 0.0404782444238663 0.047197449952364 0.0707938745617867 0.0742646679282188 0.0954629927873611 0.185690701007843 0.213127836585045 0.228944420814514 0.234126880764961 0.235845938324928 0.23297792673111 0.204375356435776 0.14860312640667 0.118284344673157 0.106858633458614 0.107042543590069 0.154637023806572
-9999 -9999 -9999 -9999 -9999 -9999 -9999 -9999 -9999 -9999 -9999 -9999 -9999 2.05436972464668e-05 9.78091193246655e-05 0.000232835998758674 0.000142519827932119 8.02400900283828e-05 6.78154174238443e-05 5.68203795410227e-05 4.69554361188784e-05 3.69175941159483e-05 4.32307679147925e-05 0.000219293768168427 0.000612668634857982 0.00142760283779353 0.00238873693160713 0.00436209701001644 0.00897769536823034 0.0128683475777507 0.0142195550724864 0.0364471152424812 0.0406006649136543 0.0485562048852444 0.0611370168626308 0.0781107619404793 0.0924482569098473 0.0894284844398499 0.0907097384333611 0.129242300987244 0.157682657241821 0.164140269160271 0.187119036912918 0.205899253487587 0.303769737482071 0.204159706830978 0.206070303916931 0.221897676587105 0.230442374944687 0.244152098894119 0.250042468309402 0.252114415168762 0.249329566955566 0.230158016085625 0.211836114525795 0.201534688472748 0.186835423111916 0.159966483712196
-9999 -9999 -9999 -9999 -9999 -9999 -9999 -9999 -9999 -9999 -9999 -9999 -9999 4.23444071202539e-05 9.63633210631087e-05 0.000120856799185276 8.00327979959548e-05 6.56808624626137e-05 5.90057316003367e-05 4.47352613264229e-05 4.0324630390387e-05 0.000130017870105803 0.000346916436683387 0.0021063017193228 0.00564807606860995 0.00906766019761562 0.0112697007134557 0.0171324610710144 0.0282805878669024 0.0363677553832531 0.0459312535822392 0.076935775578022 0.0748496577143669 0.0883901566267014 0.10752534866333 0.127129152417183 0.161479622125626 0.185836017131805 0.311326414346695 0.508783996105194 0.599580526351929 0.334464877843857 0.209680065512657 0.203314930200577 0.18977589905262 0.193498685956001 0.195281073451042 0.18956258893013 0.183109596371651 0.228099331259727 0.269345253705978 0.270540118217468 0.255087822675705 0.239314675331116 0.231682881712914 0.219713121652603 0.207559496164322 0.169079333543777
-9999 -9999 -9999 -9999 -9999 -9999 -9999 -9999 -9999 -9999 -9999 -9999 -9999 -9999 4.54468245152384e-05 3.50506707036402e-05 3.96690011257306e-05 4.31628795922734e-05 4.02475816372316e-05 3.17928133881651e-05 4.3902520701522e-05 0.000467318401206285 0.00380961899645627 0.0118421986699104 0.0193247497081757 0.0233992077410221 0.0293571632355452 0.045147642493248 0.0623938962817192 0.0859684869647026 0.0962381362915039 0.109203934669495 0.113006748259068 0.13392074406147 0.190389946103096 0.214378952980042 0.395784735679626 0.797247707843781 0.901958405971527 -9999 -9999 0.814335227012634 0.70141863822937 0.585531115531921 0.489650845527649 0.330443292856216 0.203586727380753 0.198083877563477 0.198771670460701 0.225920125842094 0.252326637506485 0.259701520204544 0.25840151309967 0.247793346643448 0.232980892062187 0.22620578110218 0.195692703127861 0.167851522564888
-9999 -9999 -9999 -9999 -9999 -9999 -9999 -9999 -9999 -9999 -9999 -9999 -9999 -9999 4.67431309516542e-05 2.53836769843474e-05 2.21324698941316e-05 2.84658144664718e-05 2.91558571916539e-05 3.12511147058103e-05 4.7376594011439e-05 0.000425315840402618 0.004269496537745 0.0164456479251385 0.0358079895377159 0.0532365515828133 0.0641505420207977 0.0701797604560852 0.0874278992414474 0.159388586878777 0.189529836177826 0.202526748180389 0.200610220432281 0.207795441150665 0.340497225522995 0.50745677947998 -9999 0.887492537498474 -9999 -9999 -9999 -9999 -9999 0.912004232406616 0.750436067581177 0.460233718156815 0.445279657840729 0.386171460151672 0.226630702614784 0.260878056287766 0.251536309719086 0.265650480985641 0.279700875282288 0.268970102071762 0.250371932983398 0.246303632855415 0.218981981277466 0.341170758008957
-9999 -9999 -9999 -9999 -9999 -9999 -9999 -9999 -9999 -9999 -9999 -9999 -9999 -9999 -9999 3.04176828649361e-05 2.39754608628573e-05 2.41021916735917e-05 2.78976349363802e-05 3.21918050758541e-05 6.80544908391312e-05 0.00069701427128166 0.00553318811580539 0.0218696985393763 0.0527211651206017 0.0793170556426048 0.0965074747800827 0.0983138754963875 0.119073733687401 0.157182559370995 0.200999990105629 0.209141060709953 0.321293950080872 0.582976877689362 -9999 0.207029521465302 0.602139592170715 -9999 -9999 -9999 -9999 -9999 -9999 -9999 0.846728146076202 0.677045583724976 0.388489633798599 0.268927752971649 0.284385979175568 0.2958023250103 0.297334104776382 0.299379229545593 0.297589868307114 0.303227245807648 0.289028257131577 0.294366240501404 0.319060951471329 0.466446071863174
-9999 -9999 -9999 -9999 -9999 -9999 -9999 -9999 -9999 -9999 -9999 -9999 -9999 -9999 -9999 2.84025609289529e-05 2.32952024816768e-05 2.59857861237833e-05 2.90297975880094e-05 2.50956818490522e-05 8.72356104082428e-05 0.00103695003781468 0.00757415499538183 0.0394340269267559 0.0846903994679451 0.122884824872017 0.124909214675426 0.137475296854973 0.169563218951225 0.194378033280373 0.203545734286308 0.324877381324768 0.668669879436493 -9999 -9999 0.324310719966888 -9999 -9999 -9999 -9999 -9999 -9999 -9999 -9999 -9999 0.853176355361938 0.492614418268204 0.285077005624771 0.293531060218811 0.286678403615952 0.368053525686264 0.616949498653412 0.307448893785477 0.318475753068924 0.312639564275742 0.29400223493576 0.497761875391006 0.714201807975769
-9999 -9999 -9999 -9999 -9999 -9999 -9999 -9999 -9999 -9999 -9999 -9999 -9999 -9999 -9999 -9999 3.61312668246683e-05 5.11206199007574e-05 4.74496555398218e-05 8.27629992272705e-05 6.84910191921517e-05 0.000278424558928236 0.00489044422283769 0.0614649802446365 0.149129346013069 0.201563253998756 0.204323336482048 0.190459802746773 0.213157549500465 0.405225604772568 0.500107884407043 0.520459294319153 0.83630234003067 -9999 -9999 -9999 -9999 -9999 -9999 -9999 -9999 -9999 -9999 -9999 -9999 0.894735932350159 0.846729874610901 0.463800579309464 0.298531532287598 0.329419523477554 0.340608209371567 0.403910994529724 0.389449238777161 0.352793246507645 0.421776592731476 0.695444226264954 -9999 -9999
-9999 -9999 -9999 -9999 -9999 -9999 -9999 -9999 -9999 -9999 -9999 -9999 -9999 -9999 -9999 -9999 5.93752338318154e-05 7.11672910256311e-05 0.000119758078653831 0.000698695366736501 0.000420579279307276 0.000302823958918452 0.002745330799371 0.0457525625824928 0.211534932255745 0.210804864764214 0.194199115037918 0.221728354692459 0.226286932826042 0.450650095939636 0.686911046504974 0.814496755599976 0.906258523464203 -9999 -9999 -9999 -9999 -9999 -9999 -9999 -9999 -9999 -9999 0.909162282943726 0.941926062107086 0.86658126115799 0.864411115646362 0.658419847488403 0.34179812669754 0.354922741651535 0.364153355360031 0.37224343419075 0.372795879840851 0.37966200709343 0.48225337266922 0.887588620185852 -9999 -9999
-9999 -9999 -9999 -9999 -9999 -9999 -9999 -9999 -9999 -9999 -9999 -9999 -9999 -9999 -9999 -9999 -9999 9.90613989415579e-05 0.000241277448367327 0.00155134696979076 0.00818955339491367 0.0236330684274435 0.0172354355454445 0.0687206462025642 0.231811672449112 0.200475126504898 0.194280356168747 0.378018528223038 0.212803319096565 0.22758375108242 0.795683860778809 0.91851407289505 -9999 -9999 -9999 -9999 -9999 -9999 -9999 -9999 -9999 -9999 -9999 0.70296847820282 0.707119107246399 0.616980910301208 0.849995136260986 0.711080491542816 0.424847185611725 0.351382493972778 0.358683794736862 0.372594445943832 0.363347977399826 0.420455724000931 0.531043469905853 0.885501086711884 -9999 -9999
-9999 -9999 -9999 -9999 -9999 -9999 -9999 -9999 -9999 -9999 -9999 -9999 -9999 -9999 -9999 -9999 -9999 0.000230276069487445 0.000310127448756248 0.00158514908980578 0.00913495849817991 0.173600062727928 0.209321245551109 0.217465117573738 0.506218671798706 0.647323369979858 0.840387403964996 0.795707643032074 0.239404827356339 0.225037783384323 0.534350991249084 -9999 -9999 -9999 -9999 -9999 -9999 -9999 -9999 -9999 -9999 -9999 0.515394747257233 0.545358777046204 0.53462678194046 0.734490931034088 0.802112102508545 0.717258989810944 0.569419026374817 0.398924559354782 0.362219512462616 0.375463247299194 0.383413374423981 0.422319680452347 0.529125034809113 0.652125597000122 -9999 -9999
-9999 -9999 -9999 -9999 -9999 -9999 -9999 -9999 -9999 -9999 -9999 -9999 -9999 -9999 -9999 -9999 -9999 -9999 0.000801816582679749 0.00180353876203299 0.0222243554890156 0.218780279159546 0.584868788719177 0.661312341690063 0.819434702396393 0.869921028614044 0.843532264232635 0.875349760055542 -9999 -9999 -9999 -9999 -9999 -9999 -9999 -9999 -9999 -9999 -9999 0.0517264939844608 0.0645936131477356 0.354448586702347 0.315973699092865 0.316570788621902 0.428591966629028 0.550204217433929 0.63983017206192 0.723555445671082 0.630341589450836 0.55033665895462 0.465047806501389 0.487063139677048 0.403203934431076 0.40436977148056 0.522360742092133 0.537791311740875 -9999 -9999
-9999 -9999 -9999 -9999 -9999 -9999 -9999 -9999 -9999 -9999 -9999 -9999 -9999 -9999 -9999 -9999 -9999 -9999 0.00253434479236603 0.0057086730375886 0.0525892078876495 0.541739046573639 0.829419910907745 0.849143207073212 0.892888486385345 0.907902836799622 -9999 -9999 -9999 -9999 -9999 -9999 -9999 -9999 -9999 0.0885037183761597 0.0326516702771187 0.0372163914144039 0.0435432605445385 0.0385269448161125 0.0705116391181946 0.255733132362366 0.205697953701019 0.279252618551254 0.345849454402924 0.36658501625061 0.679563939571381 0.65301102399826 0.656661689281464 0.606142342090607 0.556339025497437 0.479714959859848 0.470235377550125 0.486951410770416 0.541615843772888 0.646511971950531 0.954584538936615 0.98356020450592
-9999 -9999 -9999 -9999 -9999 -9999 -9999 -9999 -9999 -9999 -9999 -9999 -9999 -9999 -9999 -9999 -9999 -9999 -9999 0.132560640573502 0.224941238760948 0.832228422164917 0.863019108772278 0.878313958644867 -9999 -9999 -9999 -9999 -9999 -9999 -9999 -9999 -9999 -9999 -9999 0.05833825096488 0.0354759655892849 0.0305649377405643 0.0311885066330433 0.0561907812952995 0.115040697157383 0.209175899624825 0.209195628762245 0.23982398211956 0.337969094514847 0.448062717914581 0.520760118961334 0.727477073669434 0.671841681003571 0.669936001300812 0.694774687290192 0.5238356590271 0.524185240268707 0.510685205459595 0.487533539533615 0.658340096473694 0.939223527908325 0.97946310043335
-9999 -9999 -9999 -9999 -9999 -9999 -9999 -9999 -9999 -9999 -9999 -9999 -9999 -9999 -9999 -9999 -9999 -9999 -9999 0.21717856824398 0.737805783748627 0.865785717964172 0.901390552520752 -9999 -9999 -9999 -9999 -9999 -9999 -9999 -9999 -9999 -9999 -9999 -9999 0.374535858631134 0.223217219114304 0.146386429667473 0.137226387858391 0.140972942113876 0.139936298131943 0.153658851981163 0.198706284165382 0.23225425183773 0.311576187610626 0.379321038722992 0.429056167602539 0.704745173454285 0.750375032424927 0.66201651096344 0.66105592250824 0.584584951400757 0.549701750278473 0.661360740661621 0.677832305431366 0.846732556819916 0.927251279354095 0.943412899971008
-9999 -9999 -9999 -9999 -9999 -9999 -9999 -9999 -9999 -9999 -9999 -9999 -9999 -9999 -9999 -9999 -9999 -9999 -9999 -9999 0.858355164527893 0.908730685710907 -9999 -9999 -9999 -9999 -9999 -9999 -9999 -9999 -9999 -9999 -9999 -9999 -9999 0.410169929265976 0.21754652261734 0.152884900569916 0.13140444457531 0.14633646607399 0.171840205788612 0.168186753988266 0.179328173398972 0.224919468164444 0.26489982008934 0.272933036088943 0.498455792665482 0.628130078315735 0.730231404304504 0.782219231128693 0.751785635948181 0.750866651535034 0.827100396156311 0.875641465187073 0.908338010311127 0.929376840591431 0.912341415882111 -9999
-9999 -9999 -9999 -9999 -9999 -9999 -9999 -9999 -9999 -9999 -9999 -9999 -9999 -9999 -9999 -9999 -9999 -9999 -9999 -9999 -9999 -9999 -9999 -9999 -9999 -9999 -9999 -9999 -9999 -9999 -9999 -9999 -9999 -9999 -9999 0.326686859130859 0.197478398680687 0.166456431150436 0.147264778614044 0.167200446128845 0.189873829483986 0.19060505926609 0.196164011955261 0.218479737639427 0.302777767181396 0.306753128767014 0.388657599687576 0.659166216850281 0.743131935596466 0.782715976238251 0.833930373191833 0.856099247932434 0.862424373626709 0.866289436817169 0.916110932826996 -9999 -9999 -9999
-9999 -9999 -9999 -9999 -9999 -9999 -9999 -9999 -9999 -9999 -9999 -9999 -9999 -9999 -9999 -9999 -9999 -9999 -9999 -9999 -9999 -9999 -9999 -9999 -9999 -9999 -9999 -9999 -9999 -9999 -9999 -9999 -9999 -9999 -9999 -9999 0.215669721364975 0.15378549695015 0.131918653845787 0.152569472789764 0.161718934774399 0.160565227270126 0.173032075166702 0.181738033890724 0.255738973617554 0.251055777072906 0.36146605014801 0.535982012748718 0.754857778549194 0.831844627857208 0.839714884757996 0.882631361484528 -9999 -9999 -9999 -9999 -9999 -9999
-9999 -9999 -9999 -9999 -9999 -9999 -9999 -9999 -9999 -9999 -9999 -9999 -9999 -9999 -9999 -9999 -9999 -9999 -9999 -9999 -9999 -9999 -9999 -9999 -9999 -9999 -9999 -9999 -9999 -9999 -9999 -9999 -9999 -9999 -9999 -9999 -9999 0.17564868927002 0.149633929133415 0.152934521436691 0.183825373649597 0.174005091190338 0.159321799874306 0.208193570375443 0.220337241888046 0.22822542488575 0.417449772357941 0.618224263191223 -9999 -9999 -9999 -9999 -9999 -9999 -9999 -9999 -9999 -9999
