Results/Mess_RCP2.6.asc
NCOLS 581 
NROWS 855 
XLLCORNER -74.916666667 
YLLCORNER -55.833333333 
CELLSIZE 0.0833333333339071 
NODATA_value -9999 
[rows 104 to 129 of 855, columns 236 to 294 of 581]
6.86291000841044 6.86291000841044 7.01429772918418 7.18250630782169 7.51892346509673 7.60302775441548 7.65349032800673 7.73759461732548 7.48528174936922 6.93019343986543 6.79562657695543 6.15643397813288 5.63498738435659 5.50042052144659 5.50042052144659 4.64255677039529 4.40706476030277 4.30613961312027 4.35660218671152 3.49873843566022 3.71740958788898 2.67451640033642 2.13624894869637 2.13624894869637 1.66526492851136 1.34566862910008 1.34566862910008 0.90832632464255 0.470984020185039 0.470984020185039 0.0168208578637419 -0.0757177091881739 -0.10083799277846 -0.304030626608969 -0.43897408812797 -0.47422660178131 -0.623852238184131 -0.703571859623624 -0.740697879967868 -0.813509742043618 -0.847972069201474 -0.877132499873506 -0.876966815608324 -0.863826778885044 -0.878164840295025 -0.823285113689357 -0.783406185554397 -0.787331628144863 -0.699888570959193 -0.651266611600014 -0.645161783675231 -0.568717612708952 -0.521178973545193 -0.540016000002039 -0.452203339455579 -0.407162709213026 -0.38830019286923 -0.29091607977264 -0.24866659215123
6.69470142977291 6.76198486122792 6.93019343986543 7.19932716568545 7.46846089150546 7.838519764508 8.35996635828426 8.47771236333053 8.44407064760302 7.838519764508 7.58620689655172 6.86291000841044 5.6686291000841 5.50042052144659 4.74348191757779 4.60891505466778 4.49116904962152 4.32296047098402 4.15475189234651 4.18839360807401 4.121110176619 2.87636669470144 2.62405382674515 2.4390243902439 1.74936921783011 1.5475189234651 1.4465937762826 1.00925147182507 0.773759461732548 0.555088309503793 0.0168208578637419 -0.00632149196386707 -0.077922584409442 -0.29197391008111 -0.427962456965105 -0.469918810886578 -0.622909112366941 -0.72857743872263 -0.736300874468807 -0.820557695785591 -0.916578099930298 -0.898760668951495 -0.903565512641773 -0.955628606739348 -0.906713513680231 -0.859009190251291 -0.864871864250038 -0.822839040667713 -0.741704730502435 -0.71566681098191 -0.66407527979293 -0.578735138280725 -0.573777355268741 -0.536549375376693 -0.445614203678726 -0.423833095279031 -0.377454245971546 -0.300066949188077 -0.262915438956882
6.66105971404543 6.74516400336418 6.93019343986543 7.03111858704795 7.45164003364172 7.87216148023548 8.49453322119429 8.44407064760302 8.57863751051304 8.57863751051304 7.58620689655172 6.91337258200169 6.10597140454163 5.50042052144659 4.6761984861228 4.64255677039529 4.49116904962152 4.28931875525651 4.02018502943651 4.18839360807401 3.91925988225399 3.48191757779648 3.58284272497897 2.82590412111017 2.10260723296889 2.11942809083263 1.7157275021026 1.21110176619008 1.22792262405382 0.941968040370056 0.218671152228755 0.201850294365014 0.0168208578637419 -0.2384706373708 -0.271900624107137 -0.393806008450662 -0.610419067760913 -0.621366974206401 -0.689463207196203 -0.834768307760817 -0.85886899587306 -0.888144131036372 -0.937275888134572 -0.954914889904718 -0.924135851411292 -0.903501787924396 -0.914156560669946 -0.859595457651166 -0.78253952939806 -0.784170882162929 -0.717234439029401 -0.626018878574973 -0.632850168277861 -0.583068419062408 -0.471970746786139 -0.461991456044793 -0.405480376674255 -0.311473673598684 -0.289514135990331
6.77880571909166 7.23296888141296 6.82926829268293 6.91337258200169 7.51892346509673 7.40117746005047 8.54499579478554 8.86459209419681 9.55424726661061 9.40285954583684 9.45332211942809 8.05719091673676 6.35828427249789 5.55088309503784 4.39024390243903 4.52481076534903 4.50798990748529 4.45752733389402 3.91925988225399 3.68376787216147 3.73423044575274 3.22960470984019 2.91000841042892 2.37174095878889 2.5399495374264 2.52312867956266 2.52312867956266 1.74936921783011 1.46341463414634 1.4465937762826 0.941968040370056 0.470984020185039 0.437342304457533 -0.0131018018928535 -0.203855370891237 -0.237769665479645 -0.467956089591345 -0.593468292938447 -0.626847299900883 -0.784476760806342 -0.860717012677013 -0.89911752736881 -0.959171701025547 -0.979907724060248 -0.997444766282589 -0.981284177955607 -0.957986421282322 -0.964715751437407 -0.886130429967237 -0.830447771922609 -0.834283999908746 -0.724932384888626 -0.672767331243248 -0.65993317316338 -0.544374770670673 -0.485174508226797 -0.452815096742405 -0.354347663450395 -0.300959095231365
8.39360807401177 8.78048780487806 8.81412952060554 9.06644238856182 9.40285954583684 8.81412952060554 8.17493692178302 8.57863751051304 9.30193439865432 10.7148864592094 10.9671993271657 11.488645920942 8.57863751051304 7.72077375946174 5.26492851135407 5.19764507989908 4.87804878048781 4.32296047098402 3.59966358284272 3.48191757779648 3.28006728343146 2.96047098402019 3.06139613120269 3.01093355761144 3.51555929352396 3.02775441547518 2.62405382674515 1.88393608074011 1.69890664423886 1.53069806560135 1.07653490328006 0.773759461732548 0.487804878048781 0.0168208578637419 -0.130023913337443 -0.205945541621226 -0.457785624697865 -0.591760470512725 -0.629205114443857 -0.793627630221779 -0.907044882210595 -0.923524094124466 -0.990817395675309 -1.07724085738294 -1.0373491843045 -1.01032990413636 -1.0567852231047 -1.00334567511176 -0.922963316611543 -0.917215347104075 -0.871218846100857 -0.75828590196411 -0.750065413422388 -0.700296409150411 -0.577588093367926 -0.530890620473554 -0.477094214063306 -0.349313410777558 -0.298410106536257
9.45332211942809 8.76366694701429 10.3616484440706 14.4827586206897 9.40285954583684 10.9503784693019 9.82338099243061 8.57863751051304 9.3860386879731 9.43650126156435 10.9503784693019 9.80656013456687 8.05719091673676 7.72077375946174 5.65180824222036 5.6686291000841 4.87804878048781 4.25567703952903 3.70058873002523 3.48191757779648 3.43145500420521 3.44827586206897 3.06139613120269 3.44827586206897 3.63330529857022 3.58284272497897 3.33052985702271 2.16989066442388 2.22035323801515 1.78301093355762 1.22792262405382 1.22792262405382 0.874684608915044 0.0168208578637419 0.0168208578637419 -0.099627223148284 -0.401707873405496 -0.420137061671125 -0.553551129973061 -0.794940359399759 -0.809648024170531 -0.876227608886743 -1.00388096273774 -1.02182584315129 -1.02748459805443 -1.05757540960018 -1.07258895301436 -1.02715322952407 -0.968755898519152 -0.977881278047638 -0.922058425624779 -0.804817690593301 -0.797846206512182 -0.749236992096478 -0.609055358809031 -0.58594877628788 -0.522504447666649 -0.376026812302286 -0.335892985297816
11.0681244743482 18.2338099243061 13.7426408746846 29.7224558452481 30.0756938603869 12.1446593776283 8.6963835155593 12.2624053826745 8.76366694701429 8.09083263246426 8.47771236333053 7.18250630782169 6.32464255677039 6.93019343986543 6.40874684608914 6.40874684608914 5.82001682085787 4.60891505466778 3.80151387720773 4.18839360807401 3.91925988225399 3.93608074011775 4.13793103448277 3.93608074011775 3.76787216148025 3.46509671993271 3.24642556770396 2.45584524810765 2.33809924306139 2.48948696383515 1.74936921783011 1.4465937762826 1.41295206055509 0.773759461732548 0.100925147182496 0.0672834314550119 -0.155603014892849 -0.348931062473291 -0.415548882019931 -0.655765576646879 -0.779837601381246 -0.807315699514507 -0.953015893326862 -1.02261602964678 -1.04930394128456 -1.09928960959562 -1.10707677005917 -1.1189423124349 -1.06434297458569 -1.02556011158963 -1.01512200288316 -0.899423406012223 -0.839611386281521 -0.83093207977468 -0.688825960022426 -0.617390551842033 -0.578314555146032 -0.427095800808769 -0.361357382361941
17.5105130361648 12.1446593776283 8.6963835155593 21.5979814970563 29.8570227081581 29.8402018502944 17.4936921783011 15.1219512195122 13.5576114381833 12.1446593776283 12.2624053826745 11.0344827586207 10.4289318755256 10.1429772918419 8.59545836837679 7.41799831791421 6.93019343986543 5.6686291000841 4.45752733389402 4.79394449116906 5.3994953742641 5.09671993271656 4.87804878048781 4.37342304457526 3.9529015979815 3.76787216148025 3.24642556770396 2.08578637510513 2.08578637510513 1.90075693860388 1.88393608074011 1.6820857863751 1.48023549201008 0.90832632464255 0.521446593776287 0.302775441547509 -0.105770285903493 -0.257282173940694 -0.382067915509691 -0.63979616247203 -0.768418132027164 -0.802064782802585 -0.956546242669586 -1.08459468976832 -1.06453414873782 -1.12573536730736 -1.21130491780212 -1.15174779694093 -1.09417888726193 -1.11220023733634 -1.03742565396535 -0.917610440351817 -0.902507682333304 -0.838770220012136 -0.688532826322489 -0.636393262564061 -0.574745970972881 -0.446773993535 -0.378766975149527
8.6963835155593 5.01261564339781 5.01261564339781 8.6963835155593 21.5979814970563 24.4911690496215 18.7216148023549 15.1892346509672 15.1555929352397 17.5609756097561 12.2624053826745 15.3069806560135 18.7047939444912 10.1429772918419 10.7485281749369 10.2943650126156 6.93019343986543 6.50967199327166 5.55088309503784 4.79394449116906 5.78637510513036 5.92094196804036 4.87804878048781 4.64255677039529 4.25567703952903 3.75105130361648 3.06139613120269 2.08578637510513 2.08578637510513 1.69890664423886 1.90075693860388 2.16989066442388 1.74936921783011 1.12699747687133 1.12699747687133 0.740117746005042 -0.000178429208657538 -0.0413573415781222 -0.235182441954111 -0.568845062143707 -0.578709648393774 -0.711193335821996 -0.941927792503144 -0.965327508724232 -1.01888176120845 -1.14443219938597 -1.16441627075562 -1.1491605734154 -1.12945689080222 -1.12856474475893 -1.07195170584059 -0.959770713368898 -0.955182533717704 -0.87946482452953 -0.719082455833354 -0.693108261030207 -0.611578857617188 -0.466069837956965 -0.43234671752069
1.37931034482759 1.37931034482759 -9999 -9999 -9999 1.37931034482759 5.01261564339781 8.6963835155593 12.1446593776283 26.3078216989066 17.5105130361648 8.6963835155593 8.6963835155593 8.6963835155593 12.1446593776283 12.1446593776283 23.9360807401177 9.50378469301933 6.93019343986543 7.65349032800673 7.01429772918418 6.91337258200169 7.45164003364172 6.35828427249789 4.50798990748529 4.28931875525651 3.53238015138773 1.95121951219512 1.49705634987385 1.29520605550884 1.48023549201008 2.05214465937762 2.42220353238014 1.7157275021026 1.36248948696382 1.29520605550884 0.521446593776287 0.0168208578637419 0.0168208578637419 -0.315373626302199 -0.5083065806349 -0.553066822120991 -0.808641173635963 -0.943074837415942 -0.981488097051215 -1.114201193462 -1.18283271407777 -1.20094327875651 -1.19221299247577 -1.1752622176533 -1.16942503354151 -1.06534982512026 -0.999815325769039 -0.976084241017587 -0.815090115034585 -0.735510687973323 -0.689820065613518 -0.520949564562634 -0.444237749783368
1.37931034482759 1.37931034482759 0 -9999 -9999 -9999 -9999 -9999 -9999 -9999 -9999 1.37931034482759 1.37931034482759 5.01261564339781 1.37931034482759 5.01261564339781 21.5979814970563 8.6963835155593 17.5105130361648 17.7628259041211 10.4625735912532 10.3952901597981 10.5130361648444 9.82338099243061 8.25904121110177 7.41799831791421 4.54163162321279 2.89318755256518 2.38856181665266 0.891505466778808 0.857863751051302 1.53069806560135 2.65769554247266 1.53069806560135 1.53069806560135 0.941968040370056 0.740117746005042 0.353238015138779 0.0168208578637419 -0.265935990560585 -0.429963413090765 -0.515928056833272 -0.78382676868909 -0.949867892288404 -0.969775493997195 -1.11843251469588 -1.25222893130208 -1.20932945156342 -1.22166655684774 -1.28692066744249 -1.20722653588995 -1.09420437714888 -1.07696046862647 -1.00236431446415 -0.837291806568973 -0.790173750539908 -0.709498258339749 -0.537033683228763 -0.473066811925036
-9999 -9999 -9999 -9999 -9999 -9999 -9999 -9999 -9999 -9999 -9999 -9999 -9999 -9999 -9999 5.01261564339781 8.6963835155593 21.5979814970563 8.6963835155593 12.1446593776283 12.9184188393608 14.0117746005046 10.5298570227082 10.7653490328007 9.33557611438183 7.41799831791421 4.44070647603028 3.49873843566022 2.38856181665266 0.975609756097562 0.756938603868806 1.53069806560135 2.23717409587889 2.08578637510513 1.53069806560135 0.857863751051302 0.992430613961304 0.84104289318756 0.420521446593769 -0.165289171934258 -0.195826056501648 -0.392200145572744 -0.737792032855445 -0.768634796066248 -0.888998042249233 -1.11330904741871 -1.14184497586044 -1.17643475245305 -1.24774271119869 -1.26079353331764 -1.22109303439134 -1.13036178178898 -1.10566208133339 -1.03100220245368 -0.868058100118923 -0.834551643721733 -0.759675100802944 -0.563020622975386 -0.52216033419281
-9999 -9999 -9999 -9999 -9999 -9999 -9999 -9999 -9999 -9999 -9999 -9999 -9999 -9999 1.37931034482759 1.37931034482759 1.37931034482759 8.6963835155593 8.6963835155593 8.6963835155593 28.0740117746005 21.5979814970563 23.1959629941127 14.4827586206897 9.03280067283432 9.43650126156435 6.69470142977291 4.05382674516401 3.54920100925147 1.64844407064759 0.756938603868806 0.992430613961304 1.64844407064759 2.48948696383515 1.53069806560135 0.857863751051302 1.12699747687133 0.975609756097562 0.622371740958783 0.0841042893187538 -0.0790186495483383 -0.140678686082993 -0.508739908713068 -0.710785497630779 -0.76691422869705 -1.00585642897644 -1.13423624460554 -1.16516822242068 -1.25150246952397 -1.27770607330968 -1.27782077780096 -1.19821586085275 -1.13794502315693 -1.11032673064543 -0.945254222750259 -0.865764010293326 -0.828714459609936 -0.653790110408171 -0.557196183807065
-9999 -9999 -9999 -9999 -9999 -9999 -9999 -9999 -9999 -9999 -9999 -9999 -9999 -9999 1.37931034482759 -9999 -9999 -9999 -9999 5.01261564339781 8.6963835155593 12.1446593776283 26.7115222876367 24.0033641715728 13.6417157275021 19.0243902439024 21.5979814970563 10.0588730025231 7.9394449116905 4.13793103448277 2.4053826745164 2.15306980656014 1.00925147182507 0.975609756097562 0.857863751051302 0.672834314550053 1.02607232968881 1.29520605550884 1.22792262405382 0.353238015138779 0.0168208578637419 -0.0811343101652777 -0.464196331266061 -0.655842046307733 -0.735166574499484 -0.996425170804546 -1.1835974106863 -1.16911915489809 -1.26731894437712 -1.37367549768048 -1.29500096160599 -1.21398135593199 -1.22652238031192 -1.13288528059714 -0.966053970502338 -0.930240679336075 -0.848622061318727 -0.668816398765831 -0.600490756793469
-9999 -9999 -9999 -9999 -9999 -9999 -9999 -9999 -9999 -9999 -9999 -9999 -9999 -9999 -9999 -9999 -9999 -9999 -9999 -9999 -9999 1.37931034482759 5.01261564339781 5.01261564339781 5.01261564339781 12.1446593776283 8.6963835155593 12.1446593776283 7.9394449116905 4.76030277544155 3.9529015979815 2.16989066442388 1.53069806560135 0.975609756097562 0.857863751051302 0.941968040370056 1.64844407064759 1.32884777123634 1.46341463414634 0.588730025231277 0.521446593776287 0.0168208578637419 -0.370648446155609 -0.418148850488941 -0.615733709190213 -0.959732478538471 -1.00908089967576 -1.10675814647228 -1.28017859234393 -1.29580389304494 -1.2686316735551 -1.23339190484523 -1.21498820646655 -1.1580183091309 -1.00474761889407 -0.967060821036906 -0.876520742586681 -0.691897491400031 -0.6373108984943
-9999 -9999 -9999 -9999 -9999 -9999 -9999 -9999 -9999 -9999 -9999 -9999 -9999 -9999 -9999 -9999 -9999 -9999 -9999 -9999 -9999 -9999 -9999 -9999 0 0 5.01261564339781 17.5105130361648 20.9756097560976 11.3372582001682 6.82926829268293 5.70227081581161 3.46509671993271 1.36248948696382 1.83347350714886 1.11017661900756 2.3044575273339 2.10260723296889 2.01850294365014 1.29520605550884 0.84104289318756 0.740117746005042 -0.0640305960211051 -0.317629481297369 -0.390645262468729 -0.775236676786577 -0.97344603771815 -1.03246787095337 -1.23498502277967 -1.28838633594218 -1.27588354639268 -1.26762482302053 -1.24779369097259 -1.21799601312678 -1.069389972202 -0.998770240404045 -0.946707146306471 -0.74928797187038 -0.660188072032891
-9999 -9999 -9999 -9999 -9999 -9999 -9999 -9999 -9999 -9999 -9999 -9999 -9999 -9999 -9999 -9999 -9999 -9999 -9999 -9999 -9999 -9999 -9999 -9999 -9999 -9999 0 0 8.6963835155593 19.5626576955425 12.1446593776283 13.6248948696384 7.1152228763667 3.71740958788898 3.81833473507149 3.44827586206897 2.65769554247266 2.62405382674515 2.11942809083263 1.4465937762826 1.22792262405382 0.874684608915044 -0.002816632508094 -0.177893921031566 -0.337027285267138 -0.730871528548227 -0.964511832341798 -1.00640446154589 -1.20646183928142 -1.34581505124296 -1.28332659338239 -1.28147857657844 -1.32037614406578 -1.23395268235816 -1.08390646282064 -1.05491171641379 -0.964053014376679 -0.762644672632745 -0.687487740957494
-9999 -9999 -9999 -9999 -9999 -9999 -9999 -9999 -9999 -9999 -9999 -9999 -9999 -9999 -9999 -9999 -9999 -9999 -9999 -9999 -9999 -9999 -9999 -9999 -9999 -9999 -9999 -9999 0 1.37931034482759 14.6509671993272 13.6417157275021 8.02354920100925 5.5677039529016 3.83515559293524 3.71740958788898 3.02775441547518 2.87636669470144 2.45584524810765 1.59798149705634 1.53069806560135 1.12699747687133 0.0168208578637419 0.0168208578637419 -0.200223062000709 -0.660952768641423 -0.746165460718873 -0.892260747778971 -1.16841818300694 -1.19978348890024 -1.23422032617114 -1.29549801440153 -1.2805099608743 -1.22571944887296 -1.10640128805497 -1.0656939385941 -0.981755740864202 -0.785177732697496 -0.731432306061151
-9999 -9999 -9999 -9999 -9999 -9999 -9999 -9999 -9999 -9999 -9999 -9999 -9999 -9999 -9999 -9999 -9999 -9999 -9999 -9999 -9999 -9999 -9999 -9999 -9999 -9999 -9999 -9999 -9999 -9999 12.1446593776283 5.01261564339781 8.6963835155593 8.57863751051304 7.16568544995795 4.79394449116906 3.76787216148025 3.22960470984019 3.09503784693019 2.10260723296889 1.69890664423886 1.56433978132884 0.773759461732548 0.0672834314550119 0.0168208578637419 -0.411304815842576 -0.664024300019028 -0.732796015013034 -1.02589148011999 -1.15911437426979 -1.18794343641146 -1.27009734205478 -1.28407854504745 -1.26101019735672 -1.1463439409073 -1.09192303226676 -1.05842932081304 -0.851349479222492 -0.762453498480612
-9999 -9999 -9999 -9999 -9999 -9999 -9999 -9999 -9999 -9999 -9999 -9999 -9999 -9999 -9999 -9999 -9999 -9999 -9999 -9999 -9999 -9999 -9999 -9999 -9999 -9999 -9999 -9999 -9999 -9999 -9999 1.37931034482759 5.01261564339781 8.6963835155593 10.3448275862069 7.53574432296047 4.20521446593776 4.22203532380152 3.33052985702271 2.2708158116064 2.10260723296889 1.6820857863751 0.90832632464255 0.571909167367535 0.0168208578637419 -0.367423975456298 -0.594067305281798 -0.68855831620944 -1.00412311666377 -1.20354324722552 -1.18675815666824 -1.26909049152022 -1.34710229053399 -1.26803266121175 -1.15987907087833 -1.15952221246101 -1.07817123825665 -0.882370671641953 -0.816606763308174
-9999 -9999 -9999 -9999 -9999 -9999 -9999 -9999 -9999 -9999 -9999 -9999 -9999 -9999 -9999 -9999 -9999 -9999 -9999 -9999 -9999 -9999 -9999 -9999 -9999 -9999 -9999 -9999 -9999 -9999 -9999 -9999 -9999 1.37931034482759 5.01261564339781 8.14129520605551 4.6761984861228 4.28931875525651 3.53238015138773 2.52312867956266 2.25399495374263 1.78301093355762 1.09335576114382 0.874684608915044 0.370058873002521 -0.295937587502003 -0.419397854949543 -0.592716341273391 -0.973318588283395 -1.05153430639277 -1.12011484723465 -1.26067882882636 -1.27803744184004 -1.24885152128106 -1.18665619712043 -1.15675655972682 -1.09569553553552 -0.910282097853382 -0.85355435444376
-9999 -9999 -9999 -9999 -9999 -9999 -9999 -9999 -9999 -9999 -9999 -9999 -9999 -9999 -9999 -9999 -9999 -9999 -9999 -9999 -9999 -9999 -9999 -9999 -9999 -9999 -9999 -9999 -9999 -9999 -9999 -9999 -9999 0 1.37931034482759 1.37931034482759 4.96215306980656 4.6761984861228 4.15475189234651 2.79226240538268 2.47266610597141 2.11942809083263 1.39613120269133 1.05971404541632 0.773759461732548 -0.113506466593145 -0.336542977415068 -0.456523875293787 -0.848736765810007 -1.01169361308824 -1.06016263312571 -1.22157734224341 -1.27742568455322 -1.26629934889907 -1.21458036827534 -1.19708156088342 -1.14503121172932 -0.961453045907669 -0.880586379555377
-9999 -9999 -9999 -9999 -9999 -9999 -9999 -9999 -9999 -9999 -9999 -9999 -9999 -9999 -9999 -9999 -9999 -9999 -9999 -9999 -9999 -9999 -9999 -9999 -9999 -9999 -9999 -9999 -9999 -9999 -9999 -9999 -9999 -9999 0 0 1.37931034482759 7.16568544995795 4.30613961312027 2.87636669470144 2.87636669470144 2.25399495374263 1.4465937762826 1.39613120269133 0.824222035323796 -0.0840911370516026 -0.235845179014839 -0.426649727787125 -0.843179970454672 -1.015466116357 -1.0591302927042 -1.23000174988074 -1.35740020486222 -1.28743046518152 -1.24185454731299 -1.27516982955805 -1.15506148224457 -0.968602959197446 -0.93105635571851
-9999 -9999 -9999 -9999 -9999 -9999 -9999 -9999 -9999 -9999 -9999 -9999 -9999 -9999 -9999 -9999 -9999 -9999 -9999 -9999 -9999 -9999 -9999 -9999 -9999 -9999 -9999 -9999 -9999 -9999 -9999 -9999 -9999 -9999 -9999 -9999 0 4.79394449116906 3.851976450799 2.91000841042892 2.62405382674515 2.28763666947014 1.46341463414634 1.19428090832632 0.90832632464255 -0.0460219908901693 -0.221711036700467 -0.404231372213653 -0.849552442192441 -0.935032778082878 -1.01341418045744 -1.22190871077377 -1.268682653329 -1.26283272427373 -1.25058483359373 -1.2248655376601 -1.1580692889048 -0.983234154307364 -0.920745696446799
-9999 -9999 -9999 -9999 -9999 -9999 -9999 -9999 -9999 -9999 -9999 -9999 -9999 -9999 -9999 -9999 -9999 -9999 -9999 -9999 -9999 -9999 -9999 -9999 -9999 -9999 -9999 -9999 -9999 -9999 -9999 -9999 -9999 -9999 -9999 -9999 0 0 3.75105130361648 2.77544154751892 2.62405382674515 2.16989066442388 1.46341463414634 1.12699747687133 0.891505466778808 -0.0387573731091124 -0.210546466215895 -0.351084957920657 -0.78182581256343 -0.895727372404317 -0.955348217982886 -1.19211103292796 -1.2522671661325 -1.26069157376984 -1.25504556381017 -1.23142918355 -1.17303185254508 -0.998553576364961 -0.928099528832185
-9999 -9999 -9999 -9999 -9999 -9999 -9999 -9999 -9999 -9999 -9999 -9999 -9999 -9999 -9999 -9999 -9999 -9999 -9999 -9999 -9999 -9999 -9999 -9999 -9999 -9999 -9999 -9999 -9999 -9999 -9999 -9999 -9999 -9999 -9999 -9999 0 -9999 0 2.62405382674515 0 2.16989066442388 1.4465937762826 1.22792262405382 0.874684608915044 -0.0343858574970027 -0.161860782139338 -0.332783219089784 -0.753404588612979 -0.879783448116418 -0.961656965003277 -1.18626110387269 -1.32072025753962 -1.25369459980177 -1.25407694810603 -1.31634874192751 -1.19309239357558 -1.01472690963542 -0.970603915323105
