Results/Mess_Current.asc
NCOLS 581 
NROWS 855 
XLLCORNER -74.916666667 
YLLCORNER -55.833333333 
CELLSIZE 0.0833333333339071 
NODATA_value -9999 
[rows 108 to 134 of 855, columns 244 to 304 of 581]
8.96551724137931 10.3616484440706 10.4962153069807 11.0344827586207 8.14129520605551 7.46846089150546 4.87804878048781 4.8107653490328 4.65937762825903 4.25567703952903 3.46509671993271 3.38099243061396 3.1286795626577 2.89318755256518 2.92682926829269 2.89318755256518 3.49873843566022 3.48191757779648 3.48191757779648 3.24642556770396 3.1286795626577 3.22960470984019 3.34735071488645 3.58284272497897 4.05382674516401 4.25567703952903 4.33978132884778 4.39024390243903 5.14718250630781 5.33221194280908 4.87804878048781 3.63330529857022 3.34735071488645 2.42220353238014 2.08578637510513 2.08578637510513 2.13624894869637 2.79226240538268 2.85954583683767 2.89318755256518 3.04457527333895 3.22960470984019 3.56602186711523 3.93608074011775 4.13793103448277 4.25567703952903 4.62573591253155 4.76030277544155 5.48359966358285 5.6686291000841 6.02186711522288 6.34146341463415 6.91337258200169 6.98065601345668 7.14886459209421 7.31707317073171 7.41799831791421 7.2497897392767 7.18250630782169 7.28343145500421 7.58620689655172
9.04962153069806 9.04962153069806 10.4962153069807 9.3860386879731 7.82169890664424 7.46846089150546 5.48359966358285 5.5340622371741 4.65937762825903 4.18839360807401 3.56602186711523 3.38099243061396 3.28006728343146 3.29688814129521 2.92682926829269 3.34735071488645 3.53238015138773 3.48191757779648 3.28006728343146 2.89318755256518 3.1286795626577 3.06139613120269 3.34735071488645 3.58284272497897 4.13793103448277 4.28931875525651 4.33978132884778 4.54163162321279 4.7098402018503 5.33221194280908 4.87804878048781 4.13793103448277 3.34735071488645 2.4390243902439 1.90075693860388 2.08578637510513 2.08578637510513 2.55677039529016 2.85954583683767 2.89318755256518 2.89318755256518 3.22960470984019 3.56602186711523 3.80151387720773 4.13793103448277 4.25567703952903 4.35660218671152 4.76030277544155 5.36585365853659 5.46677880571909 6.02186711522288 6.42556770395291 6.87973086627418 6.98065601345668 7.18250630782169 7.26661059714044 7.41799831791421 7.26661059714044 7.18250630782169 7.28343145500421 7.73759461732548
8.49453322119429 7.9394449116905 8.107653490328 6.96383515559293 6.03868797308662 6.74516400336418 6.15643397813288 6.15643397813288 5.5677039529016 4.37342304457526 3.63330529857022 4.05382674516401 3.80151387720773 3.81833473507149 3.9529015979815 3.81833473507149 3.63330529857022 3.43145500420521 3.07821698906645 2.33809924306139 2.15306980656014 2.37174095878889 3.28006728343146 3.34735071488645 3.91925988225399 4.25567703952903 4.30613961312027 4.33978132884778 4.45752733389402 4.87804878048781 6.03868797308662 4.25567703952903 3.71740958788898 2.89318755256518 1.64844407064759 1.53069806560135 1.61480235492011 2.37174095878889 2.47266610597141 2.62405382674515 2.62405382674515 2.72497897392767 3.07821698906645 3.63330529857022 3.76787216148025 4.05382674516401 4.25567703952903 4.32296047098402 4.64255677039529 4.99579478553407 5.33221194280908 5.87047939444911 6.82926829268293 6.91337258200169 6.94701429772919 7.18250630782169 7.18250630782169 7.19932716568545 7.18250630782169 7.45164003364172 7.72077375946174
12.7838519764508 11.555929352397 11.6568544995795 10.5298570227082 9.82338099243061 9.55424726661061 8.25904121110177 7.08158116063919 6.77880571909166 5.51724137931036 4.32296047098402 4.64255677039529 5.13036164844407 4.79394449116906 4.69301934398654 4.32296047098402 3.88561816652648 3.65012615643399 3.1286795626577 2.01850294365014 1.98486122792263 1.7157275021026 2.2708158116064 2.47266610597141 2.89318755256518 3.91925988225399 3.9529015979815 4.28931875525651 3.58284272497897 3.93608074011775 4.40706476030277 4.57527333894028 4.20521446593776 3.04457527333895 1.46341463414634 1.46341463414634 1.24474348191759 2.08578637510513 2.3044575273339 2.48948696383515 2.16989066442388 2.3044575273339 2.57359125315391 3.17914213624895 3.28006728343146 3.63330529857022 4.05382674516401 4.13793103448277 4.25567703952903 4.32296047098402 4.39024390243903 4.8107653490328 6.05550883095038 6.35828427249789 6.86291000841044 6.93019343986543 6.93019343986543 7.01429772918418 7.35071488645922 7.46846089150546 7.78805719091673
14.1799831791421 15.8620689655173 11.6568544995795 14.0117746005046 16.349873843566 9.55424726661061 10.2943650126156 9.7897392767031 6.77880571909166 6.2573591253154 5.29857022708158 4.64255677039529 5.63498738435659 5.6686291000841 4.69301934398654 4.49116904962152 4.20521446593776 3.65012615643399 2.9941126997477 2.01850294365014 1.98486122792263 1.63162321278385 1.7157275021026 2.47266610597141 2.96047098402019 3.28006728343146 3.9529015979815 3.80151387720773 3.1286795626577 3.93608074011775 3.9529015979815 4.32296047098402 4.20521446593776 2.22035323801515 0.992430613961304 1.46341463414634 1.61480235492011 2.08578637510513 2.3044575273339 2.42220353238014 2.08578637510513 2.3044575273339 2.62405382674515 2.89318755256518 3.28006728343146 3.63330529857022 3.80151387720773 4.13793103448277 4.22203532380152 4.20521446593776 4.39024390243903 4.76030277544155 5.5340622371741 6.35828427249789 6.84608915054667 6.84608915054667 6.93019343986543 7.06476030277545 7.31707317073171 7.46846089150546 7.92262405382675
12.1446593776283 24.457527333894 17.5105130361648 8.6963835155593 8.6963835155593 8.6963835155593 12.1446593776283 12.1446593776283 21.1774600504626 9.15054667788058 6.79562657695543 7.48528174936922 6.91337258200169 6.79562657695543 7.23296888141296 6.15643397813288 4.37342304457526 4.25567703952903 3.46509671993271 1.83347350714886 1.4465937762826 1.16063919259883 1.37931034482759 1.93439865433138 2.3044575273339 2.60723296888141 2.4053826745164 3.24642556770396 2.5399495374264 1.64844407064759 1.49705634987385 3.78469301934399 2.57359125315391 1.24474348191759 0.538267451640029 1.12699747687133 1.61480235492011 2.16989066442388 2.18671152228764 2.4053826745164 1.98486122792263 1.81665264928512 1.95121951219512 2.72497897392767 2.89318755256518 3.28006728343146 3.63330529857022 3.71740958788898 3.9529015979815 3.9529015979815 4.13793103448277 4.25567703952903 4.9453322119428 5.33221194280908 5.78637510513036 6.35828427249789 6.20689655172413 6.84608915054667 7.18250630782169 7.31707317073171 7.70395290159798
-9999 -9999 -9999 1.37931034482759 1.37931034482759 5.01261564339781 1.37931034482759 5.01261564339781 21.5979814970563 8.6963835155593 17.5105130361648 16.3330529857023 10.1597981497056 10.1429772918419 10.2943650126156 9.57106812447435 8.0740117746005 7.19932716568545 4.47434819175778 2.82590412111017 2.23717409587889 0.84104289318756 0.84104289318756 1.4465937762826 2.72497897392767 1.48023549201008 1.46341463414634 0.90832632464255 0.891505466778808 0.756938603868806 0.487804878048781 1.4465937762826 0.891505466778808 0.487804878048781 1.22792262405382 1.64844407064759 2.08578637510513 2.55677039529016 2.42220353238014 2.08578637510513 1.79983179142136 1.7157275021026 1.69890664423886 2.08578637510513 2.37174095878889 2.89318755256518 3.28006728343146 3.44827586206897 3.63330529857022 3.76787216148025 3.81833473507149 3.9529015979815 4.33978132884778 4.50798990748529 4.76030277544155 5.28174936921784 5.36585365853659 5.92094196804036 6.93019343986543 7.08158116063919 7.65349032800673
-9999 -9999 -9999 -9999 -9999 -9999 -9999 5.01261564339781 8.6963835155593 21.5979814970563 8.6963835155593 12.1446593776283 12.3465096719933 13.3052985702271 10.2943650126156 10.5130361648444 9.04962153069806 7.19932716568545 4.35660218671152 3.44827586206897 2.23717409587889 0.941968040370056 0.7232968881413 1.4465937762826 2.10260723296889 1.98486122792263 1.46341463414634 0.84104289318756 0.975609756097562 0.756938603868806 0.555088309503793 0.773759461732548 0.891505466778808 1.12699747687133 1.98486122792263 1.64844407064759 2.25399495374263 2.18671152228764 2.42220353238014 2.06896551724138 1.79983179142136 1.7157275021026 1.7157275021026 1.81665264928512 2.37174095878889 2.89318755256518 3.07821698906645 3.44827586206897 3.61648444070648 3.63330529857022 3.81833473507149 4.00336417157274 4.23885618166526 4.50798990748529 4.64255677039529 4.7098402018503 5.36585365853659 5.90412111017662 6.66105971404543 7.08158116063919 7.838519764508
-9999 -9999 -9999 -9999 -9999 -9999 1.37931034482759 1.37931034482759 1.37931034482759 8.6963835155593 8.6963835155593 8.6963835155593 28.5618166526493 21.5979814970563 21.5979814970563 13.6417157275021 8.88141295206055 9.15054667788058 6.42556770395291 3.93608074011775 3.48191757779648 1.5475189234651 0.7232968881413 0.975609756097562 1.5811606391926 2.4053826745164 1.49705634987385 0.84104289318756 1.00925147182507 0.975609756097562 0.555088309503793 0.470984020185039 1.41295206055509 2.08578637510513 2.92682926829269 2.57359125315391 2.2708158116064 1.79983179142136 1.98486122792263 2.06896551724138 1.73254835996637 1.69890664423886 1.64844407064759 1.64844407064759 1.79983179142136 2.08578637510513 2.89318755256518 2.89318755256518 3.24642556770396 3.46509671993271 3.48191757779648 3.68376787216147 4.13793103448277 4.20521446593776 4.25567703952903 4.37342304457526 4.37342304457526 4.9453322119428 6.19007569386039 6.3919259882254 7.51892346509673
-9999 -9999 -9999 -9999 -9999 -9999 1.37931034482759 -9999 -9999 -9999 -9999 5.01261564339781 8.6963835155593 12.1446593776283 27.3002523128679 22.0689655172414 12.9688814129521 17.6787216148023 21.5979814970563 9.75609756097562 7.838519764508 4.07064760302775 2.32127838519764 2.08578637510513 0.975609756097562 0.975609756097562 0.824222035323796 0.639192598822547 0.975609756097562 1.21110176619008 1.32884777123634 1.46341463414634 2.01850294365014 2.89318755256518 2.62405382674515 2.37174095878889 1.73254835996637 1.73254835996637 1.90075693860388 1.93439865433138 1.76619007569385 1.7157275021026 1.53069806560135 1.53069806560135 1.64844407064759 1.73254835996637 2.28763666947014 2.52312867956266 2.65769554247266 3.07821698906645 3.24642556770396 3.28006728343146 3.71740958788898 3.88561816652648 4.07064760302775 4.22203532380152 4.23885618166526 4.47434819175778 5.55088309503784 5.71909167367535 6.96383515559293
-9999 -9999 -9999 -9999 -9999 -9999 -9999 -9999 -9999 -9999 -9999 -9999 -9999 1.37931034482759 5.01261564339781 5.01261564339781 5.01261564339781 12.1446593776283 8.6963835155593 12.1446593776283 7.838519764508 4.69301934398654 3.93608074011775 2.08578637510513 1.53069806560135 0.975609756097562 0.824222035323796 0.90832632464255 1.53069806560135 1.21110176619008 1.64844407064759 1.90075693860388 2.01850294365014 2.77544154751892 2.52312867956266 2.37174095878889 1.90075693860388 1.73254835996637 1.90075693860388 1.86711522287637 1.6820857863751 1.7157275021026 1.59798149705634 1.59798149705634 1.64844407064759 1.79983179142136 1.93439865433138 2.52312867956266 2.60723296888141 2.89318755256518 3.24642556770396 3.28006728343146 3.44827586206897 3.88561816652648 4.02018502943651 4.07064760302775 4.23885618166526 4.49116904962152 5.13036164844407 5.71909167367535 7.06476030277545
-9999 -9999 -9999 -9999 -9999 -9999 -9999 -9999 -9999 -9999 -9999 -9999 -9999 -9999 -9999 -9999 0 0 5.01261564339781 17.5105130361648 23.3473507148864 11.1185870479394 6.76198486122792 5.6686291000841 3.44827586206897 1.32884777123634 1.73254835996637 0.975609756097562 2.13624894869637 2.5399495374264 2.4053826745164 2.57359125315391 2.72497897392767 2.74179983179141 2.18671152228764 2.08578637510513 2.08578637510513 1.90075693860388 1.7157275021026 1.83347350714886 1.53069806560135 1.53069806560135 1.53069806560135 1.64844407064759 1.6820857863751 1.63162321278385 1.64844407064759 1.79983179142136 1.98486122792263 2.57359125315391 2.69133725820017 2.89318755256518 3.24642556770396 3.38099243061396 3.68376787216147 3.90243902439025 3.88561816652648 4.22203532380152 4.7098402018503 4.79394449116906 6.3919259882254
-9999 -9999 -9999 -9999 -9999 -9999 -9999 -9999 -9999 -9999 -9999 -9999 -9999 -9999 -9999 -9999 -9999 -9999 0 0 8.6963835155593 21.5979814970563 12.1446593776283 13.4735071488646 7.06476030277545 3.68376787216147 3.80151387720773 3.43145500420521 3.06139613120269 3.07821698906645 2.89318755256518 3.14550042052144 3.04457527333895 2.89318755256518 2.3044575273339 2.08578637510513 1.81665264928512 1.39613120269133 1.34566862910008 1.27838519764507 1.16063919259883 1.32884777123634 1.53069806560135 1.64844407064759 1.66526492851136 1.6820857863751 0.975609756097562 1.34566862910008 1.7157275021026 2.16989066442388 2.3044575273339 2.48948696383515 2.85954583683767 2.92682926829269 3.28006728343146 3.53238015138773 3.58284272497897 3.81833473507149 4.25567703952903 4.32296047098402 5.09671993271656
-9999 -9999 -9999 -9999 -9999 -9999 -9999 -9999 -9999 -9999 -9999 -9999 -9999 -9999 -9999 -9999 -9999 -9999 -9999 -9999 0 1.37931034482759 21.5979814970563 13.4735071488646 7.9394449116905 5.5340622371741 3.80151387720773 3.63330529857022 3.38099243061396 3.07821698906645 3.22960470984019 3.29688814129521 3.04457527333895 2.82590412111017 2.33809924306139 2.08578637510513 1.53069806560135 1.17746005046258 1.34566862910008 1.02607232968881 0.90832632464255 1.32884777123634 1.49705634987385 1.69890664423886 1.66526492851136 1.53069806560135 1.31202691337258 1.34566862910008 1.81665264928512 2.08578637510513 2.3044575273339 2.45584524810765 2.60723296888141 2.92682926829269 3.24642556770396 3.34735071488645 3.58284272497897 3.81833473507149 4.07064760302775 4.32296047098402 4.87804878048781
-9999 -9999 -9999 -9999 -9999 -9999 -9999 -9999 -9999 -9999 -9999 -9999 -9999 -9999 -9999 -9999 -9999 -9999 -9999 -9999 -9999 -9999 12.1446593776283 5.01261564339781 8.6963835155593 8.49453322119429 7.838519764508 4.6761984861228 3.68376787216147 3.91925988225399 3.53238015138773 3.54920100925147 3.38099243061396 3.01093355761144 2.25399495374263 1.93439865433138 1.4465937762826 0.975609756097562 0.90832632464255 0.807401177460054 0.622371740958783 0.756938603868806 0.941968040370056 1.81665264928512 1.81665264928512 1.7157275021026 1.69890664423886 1.6820857863751 1.64844407064759 1.93439865433138 1.98486122792263 2.01850294365014 2.33809924306139 2.52312867956266 2.77544154751892 3.22960470984019 3.19596299411269 3.46509671993271 3.81833473507149 3.81833473507149 4.25567703952903
-9999 -9999 -9999 -9999 -9999 -9999 -9999 -9999 -9999 -9999 -9999 -9999 -9999 -9999 -9999 -9999 -9999 -9999 -9999 -9999 -9999 -9999 -9999 1.37931034482759 5.01261564339781 8.6963835155593 20.5046257359125 10.5298570227082 6.35828427249789 6.15643397813288 4.59209419680404 4.13793103448277 3.81833473507149 3.28006728343146 2.67451640033642 2.5399495374264 1.90075693860388 1.12699747687133 1.00925147182507 0.84104289318756 0.756938603868806 0.857863751051302 0.975609756097562 1.95121951219512 1.96804037005887 1.7157275021026 2.05214465937762 1.83347350714886 1.61480235492011 1.79983179142136 1.93439865433138 1.95121951219512 1.95121951219512 2.08578637510513 2.25399495374263 2.67451640033642 2.82590412111017 3.07821698906645 3.44827586206897 3.48191757779648 3.76787216148025
-9999 -9999 -9999 -9999 -9999 -9999 -9999 -9999 -9999 -9999 -9999 -9999 -9999 -9999 -9999 -9999 -9999 -9999 -9999 -9999 -9999 -9999 -9999 -9999 -9999 1.37931034482759 5.01261564339781 11.1690496215307 8.57863751051304 6.15643397813288 5.50042052144659 4.59209419680404 3.81833473507149 3.44827586206897 3.28006728343146 2.5399495374264 2.15306980656014 1.7157275021026 1.00925147182507 1.11017661900756 1.00925147182507 0.857863751051302 1.22792262405382 1.53069806560135 1.96804037005887 1.69890664423886 2.08578637510513 1.83347350714886 1.79983179142136 1.95121951219512 1.93439865433138 1.98486122792263 1.90075693860388 2.08578637510513 2.28763666947014 2.4053826745164 2.82590412111017 3.04457527333895 3.28006728343146 3.48191757779648 3.76787216148025
-9999 -9999 -9999 -9999 -9999 -9999 -9999 -9999 -9999 -9999 -9999 -9999 -9999 -9999 -9999 -9999 -9999 -9999 -9999 -9999 -9999 -9999 -9999 -9999 -9999 0 1.37931034482759 1.37931034482759 12.1446593776283 12.7670311185871 8.29268292682928 5.6686291000841 5.73591253153911 4.25567703952903 3.81833473507149 3.96972245584524 3.28006728343146 2.52312867956266 2.5399495374264 1.90075693860388 1.53069806560135 1.34566862910008 1.00925147182507 1.21110176619008 1.31202691337258 1.12699747687133 2.08578637510513 2.23717409587889 2.16989066442388 2.13624894869637 2.08578637510513 1.81665264928512 1.90075693860388 1.93439865433138 1.93439865433138 2.13624894869637 2.37174095878889 2.57359125315391 2.92682926829269 2.89318755256518 3.28006728343146
-9999 -9999 -9999 -9999 -9999 -9999 -9999 -9999 -9999 -9999 -9999 -9999 -9999 -9999 -9999 -9999 -9999 -9999 -9999 -9999 -9999 -9999 -9999 -9999 -9999 -9999 0 0 1.37931034482759 12.1446593776283 19.9831791421363 11.219512195122 10.4289318755256 7.70395290159798 6.24053826745163 6.17325483599664 5.36585365853659 4.23885618166526 3.93608074011775 3.02775441547518 2.08578637510513 1.83347350714886 1.09335576114382 0.622371740958783 0.857863751051302 1.16063919259883 1.95121951219512 2.11942809083263 2.48948696383515 2.64087468460892 2.48948696383515 1.98486122792263 2.08578637510513 2.08578637510513 1.96804037005887 2.08578637510513 2.08578637510513 2.08578637510513 2.33809924306139 2.38856181665266 2.67451640033642
-9999 -9999 -9999 -9999 -9999 -9999 -9999 -9999 -9999 -9999 -9999 -9999 -9999 -9999 -9999 -9999 -9999 -9999 -9999 -9999 -9999 -9999 -9999 -9999 -9999 -9999 -9999 -9999 0 19.9831791421363 20.0168208578638 20.0168208578638 10.4289318755256 8.94869638351556 8.04037005887299 6.17325483599664 6.35828427249789 6.13961312026914 3.93608074011775 3.28006728343146 2.48948696383515 1.83347350714886 0.941968040370056 0.740117746005042 0.857863751051302 1.22792262405382 1.66526492851136 2.11942809083263 2.5399495374264 2.77544154751892 2.48948696383515 2.16989066442388 2.33809924306139 2.08578637510513 2.08578637510513 2.08578637510513 2.08578637510513 2.08578637510513 2.08578637510513 2.38856181665266 2.62405382674515
-9999 -9999 -9999 -9999 -9999 -9999 -9999 -9999 -9999 -9999 -9999 -9999 -9999 -9999 -9999 -9999 -9999 -9999 -9999 -9999 -9999 -9999 -9999 -9999 -9999 -9999 -9999 -9999 0 0 8.6963835155593 20.0504625735912 5.01261564339781 8.6963835155593 11.0681244743482 11.6736753574432 9.15054667788058 8.14129520605551 7.9394449116905 4.69301934398654 2.75862068965518 2.32127838519764 1.05971404541632 0.90832632464255 0.891505466778808 0.84104289318756 1.46341463414634 1.79983179142136 2.16989066442388 2.82590412111017 2.74179983179141 2.48948696383515 2.57359125315391 2.72497897392767 2.47266610597141 2.08578637510513 2.23717409587889 1.86711522287637 1.79983179142136 1.93439865433138 1.93439865433138
-9999 -9999 -9999 -9999 -9999 -9999 -9999 -9999 -9999 -9999 -9999 -9999 -9999 -9999 -9999 -9999 -9999 -9999 -9999 -9999 -9999 -9999 -9999 -9999 -9999 -9999 -9999 -9999 0 -9999 0 20.0336417157275 0 8.6963835155593 5.01261564339781 17.5105130361648 19.0580319596299 18.8393608074012 16.1816652649285 12.1446593776283 4.69301934398654 4.15475189234651 2.15306980656014 1.27838519764507 1.02607232968881 0.706476030277536 1.26156433978133 1.5475189234651 2.10260723296889 2.59041211101767 2.60723296888141 2.62405382674515 3.07821698906645 3.07821698906645 3.01093355761144 2.57359125315391 2.5399495374264 2.13624894869637 1.79983179142136 1.79983179142136 1.53069806560135
-9999 -9999 -9999 -9999 -9999 -9999 -9999 -9999 -9999 -9999 -9999 -9999 -9999 -9999 -9999 -9999 -9999 -9999 -9999 -9999 -9999 -9999 -9999 -9999 -9999 -9999 -9999 -9999 -9999 -9999 -9999 1.37931034482759 0 0 5.01261564339781 8.6963835155593 5.01261564339781 18.1833473507149 16.1816652649285 10.6476030277544 7.40117746005047 4.15475189234651 2.4053826745164 1.41295206055509 1.02607232968881 0.807401177460054 1.07653490328006 1.5475189234651 2.20353238015139 2.4390243902439 2.60723296888141 2.82590412111017 3.2632464255677 3.07821698906645 3.02775441547518 2.82590412111017 2.5399495374264 2.23717409587889 1.93439865433138 1.79983179142136 1.53069806560135
-9999 -9999 -9999 -9999 -9999 -9999 -9999 -9999 -9999 -9999 -9999 -9999 -9999 -9999 -9999 -9999 -9999 -9999 -9999 -9999 -9999 -9999 -9999 -9999 -9999 -9999 -9999 -9999 -9999 -9999 -9999 0 -9999 -9999 5.01261564339781 8.6963835155593 8.6963835155593 14.4659377628259 12.0437342304458 17.1404541631623 10.4289318755256 7.3843566021867 3.70058873002523 1.42977291841884 1.14381833473507 0.7232968881413 0.992430613961304 1.5811606391926 1.86711522287637 2.18671152228764 2.52312867956266 2.37174095878889 3.34735071488645 3.29688814129521 3.22960470984019 3.06139613120269 3.07821698906645 2.67451640033642 2.08578637510513 2.28763666947014 1.49705634987385
-9999 -9999 -9999 -9999 -9999 -9999 -9999 -9999 -9999 -9999 -9999 -9999 -9999 -9999 -9999 -9999 -9999 -9999 -9999 -9999 -9999 -9999 -9999 -9999 -9999 -9999 -9999 -9999 -9999 -9999 -9999 0 -9999 -9999 5.01261564339781 5.01261564339781 -9999 5.01261564339781 11.2531539108494 8.107653490328 11.2026913372582 8.71320437342304 6.86291000841044 2.60723296888141 2.33809924306139 1.32884777123634 1.64844407064759 2.01850294365014 2.37174095878889 2.50630782169892 2.79226240538268 2.96047098402019 3.19596299411269 3.28006728343146 3.36417157275022 3.44827586206897 3.44827586206897 3.14550042052144 2.79226240538268 2.62405382674515 1.90075693860388
-9999 -9999 -9999 -9999 -9999 -9999 -9999 -9999 -9999 -9999 -9999 -9999 -9999 -9999 -9999 -9999 -9999 -9999 -9999 -9999 -9999 -9999 -9999 -9999 -9999 -9999 -9999 -9999 -9999 -9999 -9999 -9999 -9999 -9999 1.37931034482759 1.37931034482759 -9999 -9999 1.37931034482759 9.04962153069806 10.1597981497056 8.71320437342304 5.98822539949537 3.28006728343146 2.33809924306139 1.78301093355762 2.42220353238014 2.01850294365014 2.67451640033642 2.87636669470144 2.79226240538268 3.19596299411269 3.2632464255677 3.28006728343146 3.36417157275022 3.34735071488645 3.44827586206897 3.19596299411269 2.92682926829269 2.62405382674515 1.86711522287637
-9999 -9999 -9999 -9999 -9999 -9999 -9999 -9999 -9999 -9999 -9999 -9999 -9999 -9999 -9999 -9999 -9999 -9999 -9999 -9999 -9999 -9999 -9999 -9999 -9999 -9999 -9999 -9999 -9999 -9999 -9999 -9999 -9999 -9999 -9999 1.37931034482759 1.37931034482759 -9999 -9999 10.9840201850294 10.1766190075694 10.6644238856182 8.14129520605551 3.86879730866274 3.49873843566022 2.5399495374264 3.09503784693019 3.33052985702271 3.14550042052144 3.16232127838521 3.34735071488645 3.48191757779648 3.28006728343146 3.28006728343146 3.28006728343146 3.19596299411269 3.22960470984019 3.29688814129521 3.07821698906645 2.89318755256518 2.2708158116064
