Results/Mess_RCP2.6.asc
NCOLS 581 
NROWS 855 
XLLCORNER -74.916666667 
YLLCORNER -55.833333333 
CELLSIZE 0.0833333333339071 
NODATA_value -9999 
[rows 364 to 389 of 855, columns 413 to 471 of 581]
-9999 -9999 -9999 -9999 -9999 -9999 -9999 -9999 -9999 -9999 -9999 -9999 -9999 -9999 -9999 -9999 -9999 -9999 1.59798149705634 0.353238015138779 -0.0530488266814495 -0.167485498070175 -0.284517893207135 -0.37068774614067 -0.403604384696045 -0.440905139345879 -0.457971512021283 -0.469407003652287 -0.474271430834019 -0.478083261377687 -0.460495700075669 -0.455968512593511 -0.43769625250751 -0.424176006370049 -0.389828653937695 -0.368838037485432 -0.347132064094679 -0.333632256726889 -0.314736614165918 -0.303086515453367 -0.293786875252998 -0.274942329616205 -0.257957712019485 -0.250007030617411 -0.234105667813263 -0.225971037484148 -0.209415634050523 -0.194587306654109 -0.177020184121762 -0.170500216596668 -0.17098052768394 -0.164021126610916 -0.158114322175956 -0.145718208370408 -0.133209681331669 -0.127568580902434 -0.117226563448836 -0.112903763663389 -9999
-9999 -9999 -9999 -9999 -9999 -9999 -9999 -9999 -9999 -9999 -9999 -9999 -9999 -9999 -9999 -9999 -9999 -9999 1.53069806560135 0.370058873002521 -0.120558082905232 -0.152973971603664 -0.275126278543245 -0.352507460518189 -0.398320962736054 -0.435284477686315 -0.444195781262933 -0.468487259017085 -0.47062311044772 -0.475426221320438 -0.461251934553501 -0.449366789989732 -0.441865761520423 -0.427752791062499 -0.397493192564373 -0.389317684695916 -0.368327068243653 -0.345772885911548 -0.324404152220369 -0.313305900288938 -0.295156272820964 -0.285723780617732 -0.279530833407376 -0.26323091459464 -0.256986870460106 -0.24883180136132 -0.22762657782751 -0.212849347355275 -0.198327601503928 -0.183887610731266 -0.17797058691147 -0.172482777254769 -0.159545036052936 -0.156693827683811 -0.160372806224617 -0.145932815451955 -0.144072887411881 -0.1406596128768 -9999
-9999 -9999 -9999 -9999 -9999 -9999 -9999 -9999 -9999 -9999 -9999 -9999 -9999 -9999 -9999 -9999 -9999 -9999 0.824222035323796 -0.0473975068673787 -0.124656056224296 -0.157470500931315 -0.218970758871782 -0.337413429116051 -0.358077025253575 -0.410287862378508 -0.445677592064091 -0.458686868959773 -0.474128359446321 -0.491133415812711 -0.472810058802532 -0.473331247429146 -0.468139799932676 -0.462161459803867 -0.4403941701041 -0.421202165382898 -0.402929905296897 -0.390135235482762 -0.35753539785729 -0.349717568458078 -0.339549280546685 -0.316892904366224 -0.314746833550754 -0.308042917098619 -0.289515172391729 -0.286173433550497 -0.274921890846533 -0.257007309229777 -0.236537881404128 -0.232194642849011 -0.214045015381036 -0.212287281189318 -0.209711996210754 -0.194893888199176 -0.200892667097656 -0.196600525466717 -0.182691942705504 -0.180351703578159 -9999
-9999 -9999 -9999 -9999 -9999 -9999 -9999 -9999 -9999 -9999 -9999 -9999 -9999 -9999 -9999 -9999 -9999 -9999 0.269133725820025 -0.0906663822611867 -0.111329978398711 -0.130685493277283 -0.237416748499988 -0.315196486483519 -0.35815878033226 -0.401989721892024 -0.438023272822248 -0.457072206155753 -0.481363683909905 -0.495844552221909 -0.47904388355223 -0.487505534196083 -0.488292426828422 -0.482048382693888 -0.472615890490656 -0.446607556084128 -0.423409552507381 -0.401243706799028 -0.382613768243782 -0.370197215668563 -0.358015708944562 -0.339702571319219 -0.333969496426463 -0.32684658519607 -0.313704456297526 -0.307439973393321 -0.301247026182965 -0.286480015095564 -0.271171376611879 -0.254023248857791 -0.242577537841951 -0.238735049143776 -0.237948156511437 -0.227268899358265 -0.230038352648705 -0.225010415309604 -0.213012857512644 -0.208189307870254 -0.210274062376711
-9999 -9999 -9999 -9999 -9999 -9999 -9999 -9999 -9999 -9999 -9999 -9999 -9999 -9999 -9999 -9999 -9999 -9999 -0.0835741291853004 -0.0997922929193517 -0.120506985981054 -0.183519712877186 -0.230866122820386 -0.302013480045632 -0.350330731548212 -0.39770779964592 -0.427252041205556 -0.456622553222987 -0.465605392493454 -0.479350465097298 -0.490561130261919 -0.492921808158936 -0.495783235912896 -0.495231389131775 -0.478073041992851 -0.459943853294548 -0.441589838129862 -0.408519908801954 -0.396941345783252 -0.384330624896157 -0.365077303865942 -0.352384827900162 -0.343749447714105 -0.331312456369215 -0.328021814452161 -0.3231778260401 -0.312805150431995 -0.305784433049958 -0.292049579830951 -0.275381763164134 -0.261943272105358 -0.26036948684068 -0.252704948214002 -0.253634912234039 -0.249322331833428 -0.231877841919108 -0.235086728757477 -0.230958097283907 -0.222935880187983
-9999 -9999 -9999 -9999 -9999 -9999 -9999 -9999 -9999 -9999 -9999 -9999 -9999 -9999 -9999 -9999 -9999 -9999 -0.0710451633768902 -0.0964607734629555 -0.163837177683876 -0.173167476038752 -0.257467181547378 -0.291610146283021 -0.322840586340526 -0.3715870520062 -0.413639820604575 -0.424094251291365 -0.456990451077068 -0.489253049002966 -0.492186012450775 -0.502722198216249 -0.50631942167837 -0.501618504654007 -0.494413838344929 -0.475967848716723 -0.461088424396132 -0.436245099860859 -0.419505747500193 -0.416828268673274 -0.401754676040806 -0.371852756011925 -0.367100742063385 -0.369808879044811 -0.348215318887249 -0.350320512163377 -0.346406487771353 -0.328757610160322 -0.318671077327613 -0.311936502720972 -0.298222088271635 -0.289770657012618 -0.294655522964021 -0.300858689559213 -0.298048358729431 -0.286980764952507 -0.26895377010256 -0.26493755186218 -0.267420862377224
-9999 -9999 -9999 -9999 -9999 -9999 -9999 -9999 -9999 -9999 -9999 -9999 -9999 -9999 -9999 -9999 -9999 -9999 -0.0913204228906632 -0.155917154436308 -0.14128299535177 -0.153740425466331 -0.200841570173479 -0.278917670317242 -0.306131892134368 -0.356166000289324 -0.404442374252561 -0.426945459660489 -0.449336131835225 -0.481670265454972 -0.490448717028728 -0.501352800648282 -0.514729975398045 -0.510488930691283 -0.499360020605346 -0.494945246356379 -0.479094980476408 -0.450930355869574 -0.447660152722191 -0.434671314596181 -0.420517466598915 -0.400201329545799 -0.391576168744577 -0.389184832693054 -0.380150896498409 -0.369859975968989 -0.356480028611812 -0.353805322392307 -0.340377050718366 -0.335839643851373 -0.326172105796922 -0.323280019888456 -0.327531283980053 -0.323392433121647 -0.318129449931328 -0.312212426111532 -0.298528669816703 -0.293868630331682 -0.299315562449042
-9999 -9999 -9999 -9999 -9999 -9999 -9999 -9999 -9999 -9999 -9999 -9999 -9999 -9999 -9999 -9999 -9999 -9999 -0.119699654579044 -0.160730484693862 -0.142734147998421 -0.138012792204388 -0.184286166739853 -0.268544994709137 -0.314205206154469 -0.350524899860088 -0.396256646999269 -0.423634378973764 -0.444277536341617 -0.466964570676585 -0.484521473824096 -0.496825613166124 -0.500739637558148 -0.508639222036044 -0.500923586485188 -0.491317364739751 -0.472196895712398 -0.454875038416105 -0.445135964667805 -0.436367732478885 -0.429398112021026 -0.419597721963713 -0.412127351648911 -0.398811493208162 -0.378454478615704 -0.368705185482569 -0.362936562748213 -0.354030148858689 -0.360315070532565 -0.344750947427991 -0.344066248644007 -0.343146504008806 -0.333366552721164 -0.333233700718302 -0.329994155725426 -0.318057914237479 -0.3190696333362 -0.317199485911291 -0.310802151004223
-9999 -9999 -9999 -9999 -9999 -9999 -9999 -9999 -9999 -9999 -9999 -9999 -9999 -9999 -9999 -9999 -9999 -9999 -0.123399071889521 -0.121467608155598 -0.107088933691949 -0.117410512375876 -0.21071349592464 -0.244294394494327 -0.268299729473083 -0.30965757990264 -0.377882193064912 -0.389644705010654 -0.418749513022361 -0.457613833552038 -0.45156395772938 -0.471307809231703 -0.496059159303456 -0.496406618387866 -0.500177571392191 -0.481261490061549 -0.467148519603626 -0.468078483623663 -0.458124802793816 -0.451625274038393 -0.442213220604832 -0.426403832264204 -0.417717355153968 -0.411739015025159 -0.396675641777527 -0.394948565740316 -0.387437317886171 -0.374550673608516 -0.366354726970388 -0.381305686984828 -0.370227873823069 -0.369522736269415 -0.37202648555413 -0.359272693279337 -0.355634592277874 -0.358077025253575 -0.349063527828602 -0.3496664715339 -0.357688688629824
-9999 -9999 -9999 -9999 -9999 -9999 -9999 -9999 -9999 -9999 -9999 -9999 -9999 -9999 -9999 -9999 -9999 -9999 -0.11470237539445 -0.117338976682027 -0.0877640769678845 -0.0972374467104589 -0.139750087626435 -0.208690057727197 -0.258642410803469 -0.291661243207199 -0.346191880689806 -0.371086302149257 -0.397963284266809 -0.431809886842221 -0.432893141634791 -0.460127802221588 -0.486708422178909 -0.491562629975805 -0.512604343352246 -0.495967184839936 -0.480873153437798 -0.482416280547969 -0.473954629904116 -0.463990729689434 -0.456254655368907 -0.442765067385953 -0.43054268312261 -0.425831546713412 -0.415826768959388 -0.411054316241176 -0.404881807800491 -0.415908002534751 -0.397630646835593 -0.407773893708958 -0.403103634839102 -0.394355841419853 -0.395837652221011 -0.388285526827523 -0.380784498358214 -0.379772779259493 -0.37963992725663 -0.380498355582818 -0.384872252292443
-9999 -9999 -9999 -9999 -9999 -9999 -9999 -9999 -9999 -9999 -9999 -9999 -9999 -9999 -9999 -9999 -9999 -9999 -9999 -0.0922197287561935 -0.075909590558622 -0.0844427768963239 -0.124400571603407 -0.190009022247773 -0.227391531976292 -0.29230506445184 -0.317260802220304 -0.345425426827138 -0.383829875039215 -0.408295082335572 -0.422081032478757 -0.451686590347406 -0.472401283409109 -0.491593288130312 -0.482988566098761 -0.488731860376352 -0.489273487772637 -0.48351997411021 -0.4766218893462 -0.471563293852592 -0.457348129546313 -0.448927356441802 -0.43877950730008 -0.427671035983815 -0.42481982761469 -0.418565564095321 -0.406343179831978 -0.410707493830657 -0.49404599551922 -0.450647742612323 -0.420108691205492 -0.43117497709337 -0.407109633694645 -0.409020658658897 -0.406700858301223 -0.397033320246772 -0.40262332375183 -0.403583945926373 -0.396685861162363
-9999 -9999 -9999 -9999 -9999 -9999 -9999 -9999 -9999 -9999 -9999 -9999 -9999 -9999 -9999 -9999 -9999 -9999 -9999 -0.0562270553653121 -0.0618885945642185 -0.0648011192423563 -0.142897658155791 -0.168078222390638 -0.18646289570983 -0.243068068314058 -0.288002703436064 -0.300235307084243 -0.342288075682618 -0.390983444424114 -0.377698244137872 -0.412525907657498 -0.451850100504776 -0.45737878770082 -0.470878595068609 -0.490632665955768 -0.484327305512221 -0.487086539417825 -0.483192953795472 -0.476652547500707 -0.469601171964163 -0.457358348931148 -0.452585896212937 -0.450439825397467 -0.440762067958181 -0.438207221749288 -0.435243600146973 -0.428110469531744 -0.449536262102157 -0.459371922355201 -0.438896279298496 -0.476491364430763 -0.442360500409625 -0.429408331405862 -0.438605777757876 -0.44279572554046 -0.4343034167421 -0.433547182264268 -0.472992949897192
-9999 -9999 -9999 -9999 -9999 -9999 -9999 -9999 -9999 -9999 -9999 -9999 -9999 -9999 -9999 -9999 -9999 -9999 -9999 -0.0610301662380305 -0.056635830758735 -0.0625528545785306 -0.0910138413455961 -0.145953254221626 -0.180872892204773 -0.214566204007651 -0.256036467670398 -0.28318937317851 -0.330443808658191 -0.368204435625626 -0.374683525611378 -0.416705636055247 -0.447241157943933 -0.461691368101431 -0.49916585229347 -0.49881839320906 -0.495006562665392 -0.5128496085883 -0.496590567314906 -0.486616447715388 -0.479963628187432 -0.466034606656548 -0.458380287414706 -0.459187618816716 -0.455580175969759 -0.45246326359491 -0.456826940919699 -0.449101085984007 -0.447517081334494 -0.458339409875363 -0.482752840634598 -0.462560015812454 -0.464031607228776 -0.463316250290286 -0.471501977543579 -0.471747242779633 -0.466300310662273 -0.475208139685151 -0.515313332873937
-9999 -9999 -9999 -9999 -9999 -9999 -9999 -9999 -9999 -9999 -9999 -9999 -9999 -9999 -9999 -9999 -9999 -9999 0.571909167367535 -0.0753679631623368 -0.0554095045784664 -0.0597527431335842 -0.0862924855515623 -0.137491603577773 -0.172125098785524 -0.211653679329513 -0.247145602863451 -0.280225751576195 -0.328144447070188 -0.345578717599672 -0.379517294638604 -0.422377394638989 -0.444492143423164 -0.465380566027072 -0.499635943995906 -0.506033278902974 -0.517305260376609 -0.514546026471004 -0.510499150076118 -0.502129473895785 -0.484613448287617 -0.466003948502042 -0.462508918888276 -0.458758404653622 -0.466320749431944 -0.472738523108683 -0.461722026255937 -0.462284092421894 -0.468922766941769 -0.467352907300337 -0.477367904439197 -0.488578569603818 -0.491664823824161 -0.50105643848805 -0.500719198788477 -0.489191732693952 -0.495190511592433 -0.511969565864591 -0.542539651212365
-9999 -9999 -9999 -9999 -9999 -9999 -9999 -9999 -9999 -9999 -9999 -9999 -9999 -9999 -9999 -9999 -9999 -9999 0.857863751051302 0.470984020185039 -0.0655675731050241 -0.0529670716027649 -0.110645279614728 -0.131329314521924 -0.132933757941109 -0.19003968040228 -0.230058791418376 -0.244120664952122 -0.299959383693683 -0.355000990418068 -0.370943230761559 -0.422908802650438 -0.468793840562153 -0.46866098855929 -0.500525030476601 -0.526788849504018 -0.519972519818693 -0.52270109556979 -0.521556524468206 -0.509191068817165 -0.494229889417889 -0.455590395354595 -0.453280814381756 -0.477143077972814 -0.484552131978603 -0.495088317744077 -0.501577627114665 -0.484725861520808 -0.489651605011553 -0.505747136127578 -0.505123753652608 -0.515486209875877 -0.53423878104915 -0.54632831330963 -0.546512262236671 -0.531111649289465 -0.513973740920212 -0.553169337133132 -0.61833966893738
-9999 -9999 -9999 -9999 -9999 -9999 -9999 -9999 -9999 -9999 -9999 -9999 -9999 -9999 -9999 -9999 -9999 -9999 1.02607232968881 0.639192598822547 0.386879730866285 -0.0529875103724361 -0.0867727966388341 -0.12266327618136 -0.125483826395977 -0.18780163512329 -0.228035353220933 -0.257886176325636 -0.322227423250392 -0.364239314309425 -0.396747177471376 -0.451574177114215 -0.482681984553694 -0.503621504081779 -0.543701931406889 -0.548361970891909 -0.543845002794587 -0.54489759943265 -0.538142586056338 -0.526196125183555 -0.509466992207725 -0.464440382622199 -0.460025608373233 -0.491869211520872 -0.504510590562473 -0.51340145536942 -0.522772631263639 -0.520728754296525 -0.513064215669846 -0.523733253438183 -0.528669216313764 -0.539307595927593 -0.556823621535762 -0.578100380763421 -0.577752921679011 -0.553400127615846 -0.5378155657416 -0.530498486199331 -0.536261272578118
-9999 -9999 -9999 -9999 -9999 -9999 -9999 -9999 -9999 -9999 -9999 -9999 -9999 -9999 -9999 -9999 -9999 -9999 2.97729184188393 0.941968040370056 0.403700588730027 0.353238015138779 -0.0814280583698304 -0.127078050430326 -0.139658113162914 -0.196140653149116 -0.234851682906259 -0.280644746354453 -0.338026592206185 -0.387876751434101 -0.419178727185455 -0.466933912522079 -0.505624503509551 -0.523181406657062 -0.540247779332465 -0.564283772465729 -0.557140422465665 -0.534739530906093 -0.552899377758903 -0.544826063738801 -0.528618119389586 -0.516528587129105 -0.515332919103343 -0.520084933051884 -0.532450388702925 -0.541463886127899 -0.52216968755834 -0.54757507825957 -0.545643614525647 -0.527831226757247 -0.551509541421265 -0.559960972680282 -0.565745144497215 -0.579347145713361 -0.578907712165431 -0.565121762022246 -0.561708487487165 -0.556752085841913 -0.542444947072113
-9999 -9999 -9999 -9999 -9999 -9999 -9999 -9999 -9999 -9999 -9999 -9999 -9999 -9999 -9999 -9999 -9999 8.37678721614803 6.10597140454163 2.57359125315391 0.773759461732548 0.403700588730027 -0.0124267719600544 -0.156765363377661 -0.149019069672298 -0.222005916167946 -0.277599369673453 -0.302268964666522 -0.368930011948952 -0.420701415525955 -0.43511074814411 -0.481731581763986 -0.518184127472468 -0.524489487916015 -0.556384187987832 -0.565520318030833 -0.547861221034966 -0.550661332479912 -0.549261276757439 -0.543242059089288 -0.541831783981979 -0.551376689418403 -0.550232118316819 -0.53719218326663 -0.536773188488371 -0.542761748002016 -0.551713929117976 -0.550181021392641 -0.558724427115178 -0.564355308159578 -0.557487881550074 -0.565234175255437 -0.576547034268414 -0.58694014864619 -0.587573750505995 -0.58193265007676 -0.57235708648583 -0.568575914096669 -0.572765861879253
-9999 -9999 -9999 -9999 -9999 -9999 -9999 -9999 -9999 -9999 -9999 -9999 -9999 -9999 -9999 -9999 -9999 15.138772077376 13.4230445752733 4.03700588730025 0.437342304457533 0.0841042893187538 -0.131012513592021 -0.171123599071638 -0.20766811924364 -0.255453962734771 -0.318405373321888 -0.355522179044683 -0.415417993565965 -0.448682091205749 -0.468793840562153 -0.511541527329346 -0.538673994067788 -0.558325871106591 -0.581002686056723 -0.558121483409879 -0.558591575112316 -0.567645950076632 -0.56610282296646 -0.562648670892037 -0.569178857801967 -0.564079384769017 -0.554473163023581 -0.557477662165238 -0.557538978474252 -0.560666110233937 -0.569025567029434 -0.557671830477114 -0.555954973824738 -0.579582191564579 -0.582596910091072 -0.580655226972314 -0.587481776042475 -0.586347424325727 -0.602361200363067 -0.604210909018305 -0.588340204368663 -0.586449618174082 -0.589730040706301
-9999 -9999 -9999 -9999 -9999 -9999 -9999 -9999 -9999 -9999 -9999 -9999 -9999 -9999 -9999 -9999 -9999 18.2674516400336 13.5239697224558 4.25567703952903 1.04289318755257 -0.00793024263240316 -0.142795464307435 -0.201413855724271 -0.243609695710344 -0.274625528686302 -0.341838422749853 -0.381264809445486 -0.428028714453059 -0.477378123824032 -0.483417780261855 -0.521444111235015 -0.558121483409879 -0.570047505512991 -0.587982525899418 -0.571161418460068 -0.567267832837716 -0.578611350005199 -0.581626068531693 -0.580205574039549 -0.575525095784857 -0.575382024397159 -0.573552754511592 -0.570088383052333 -0.574574692995149 -0.574942590849229 -0.574584912379984 -0.568013847930712 -0.567094103295511 -0.584559031979502 -0.592928708159835 -0.60071587940454 -0.599550869533285 -0.604537929333043 -0.61056736638603 -0.606929265384567 -0.609862228832376 -0.609719157444678 -0.606643122609171
-9999 -9999 -9999 -9999 -9999 -9999 -9999 -9999 -9999 -9999 -9999 -9999 -9999 -9999 -9999 -9999 -9999 13.9276703111859 11.959629941127 2.82590412111017 1.07653490328006 0.403700588730027 -0.133362972104203 -0.253226136840616 -0.272724723106886 -0.351730787270686 -0.389675363165161 -0.407589944781917 -0.469243493494918 -0.514402955083306 -0.496815393781288 -0.540993794425462 -0.563731925684608 -0.566613792208239 -0.576782080119632 -0.585724041850757 -0.572101601864941 -0.589689163166959 -0.588851173610442 -0.585938648932304 -0.588667224683401 -0.585039343066774 -0.573052004654649 -0.576751421965126 -0.57503456531275 -0.575003907158243 -0.584007185198381 -0.584742980906542 -0.579919431264153 -0.589627846857945 -0.592877611235657 -0.601645843424577 -0.610260784840963 -0.608257785413191 -0.621328378617887 -0.626652678117219 -0.621614521393283 -0.621307939848215 -9999
-9999 -9999 -9999 -9999 -9999 -9999 -9999 -9999 -9999 -9999 -9999 -9999 -9999 -9999 -9999 -9999 12.5315391084945 13.2380151387721 11.892346509672 5.41631623212784 0.386879730866285 -0.099117813520204 -0.206819910302288 -0.262760822892204 -0.30268795944478 -0.353754225468129 -0.431697473609029 -0.471185176613676 -0.503938305011681 -0.532746750863156 -0.530048833266566 -0.556445504296846 -0.581411461450146 -0.594298105727801 -0.605079556729329 -0.596168253152711 -0.586858393567505 -0.598774196285781 -0.598835512594795 -0.59633176331008 -0.597179972251432 -0.594696661736388 -0.581810017458733 -0.584579470749173 -0.586183914168358 -0.586449618174082 -0.592111157372989 -0.597711380262882 -0.592836733696314 -0.602739317601983 -0.608717657730792 -0.617230405298823 -0.623607301436219 -0.62568183655784 -0.638037072824045 -0.640643015957116 -0.639764148861257 -0.639621077473559 -9999
-9999 -9999 -9999 -9999 -9999 -9999 -9999 -9999 -9999 -9999 -9999 -9999 -9999 -9999 -9999 -9999 12.296047098402 12.7670311185871 11.0344827586207 5.07989907485282 0.302775441547509 -0.116143308656265 -0.214494668313802 -0.274175875753537 -0.321634698929929 -0.365629150647062 -0.455294033194363 -0.489580069317704 -0.514127031692746 -0.551121204797513 -0.543180742780275 -0.56144278348144 -0.593163754011053 -0.601686720963919 -0.608390637416054 -0.603546649003993 -0.601921766815137 -0.60009249692957 -0.60126772618566 -0.598508492280056 -0.593419238631942 -0.592499493996741 -0.580430400505931 -0.580358864812082 -0.588360643138334 -0.594706881121224 -0.593511213095462 -0.604067837630607 -0.600317323395952 -0.606285444139926 -0.621052455227326 -0.629248401865454 -0.630903942208817 -0.638946598074411 -0.651404028188972 -0.646345432695365 -0.651577757731177 -0.652538379905721 -9999
-9999 -9999 -9999 -9999 -9999 -9999 -9999 -9999 -9999 -9999 -9999 -9999 -9999 -9999 -9999 -9999 12.1446593776283 14.1968040370059 12.2792262405383 1.81665264928512 0.622371740958783 0.0841042893187538 -0.145994131760969 -0.314378935696673 -0.315298680331875 -0.387028542492748 -0.461395005941199 -0.47777667983262 -0.510693318387994 -0.554074607014993 -0.560298212379856 -0.589781137630479 -0.605427015813738 -0.603485332694979 -0.623515326972699 -0.624292000220202 -0.611160090706493 -0.60851327003408 -0.606397857373117 -0.597609186414526 -0.586081720320002 -0.575780580405746 -0.574533815455807 -0.587941648360076 -0.593684942637667 -0.602044399433164 -0.612028738417517 -0.61209005472653 -0.626264341493467 -0.634398971822582 -0.640254679333364 -0.644352652652428 -0.654173481479412 -0.661613193639708 -0.66156209671553 -0.660867178546711 -0.672323108947386 -0.670626691064681 -9999
-9999 -9999 -9999 -9999 -9999 -9999 -9999 -9999 -9999 -9999 -9999 -9999 -9999 -9999 -9999 -9999 11.690496215307 14.6677880571909 12.9352396972246 4.40706476030277 0.403700588730027 -0.0740905400578904 -0.220156207512708 -0.296893568243011 -0.320306178901305 -0.36826575193464 -0.441702251363054 -0.480873153437798 -0.526124589489706 -0.56215814041993 -0.580624568817807 -0.607266505084141 -0.619212965956923 -0.624332877759544 -0.631936100077209 -0.632007635771058 -0.624445290992736 -0.62478253069231 -0.602534929905271 -0.59312287647171 -0.578590911235528 -0.552102265741728 -0.551969413738866 -0.583353144568904 -0.602095496357342 -0.612386416886762 -0.617363257301685 -0.623985418675135 -0.63131271760224 -0.640847403653827 -0.644086948646703 -0.651587977116013 -0.672057404941661 -0.69914899414076 -0.69940447876165 -0.681622749147756 -0.672220915099031 -9999 -9999
-9999 -9999 -9999 -9999 -9999 -9999 -9999 -9999 -9999 -9999 -9999 -9999 -9999 -9999 -9999 -9999 11.6400336417157 14.6677880571909 13.0529857022708 4.62573591253155 0.353238015138779 -0.077340304435602 -0.220554763521295 -0.262403144422959 -0.296311063307384 -0.364719625396697 -0.435447987843684 -0.483468877186033 -0.525828227329475 -0.560175579761829 -0.583751700577492 -0.609923545141389 -0.625937321178729 -0.627531545213078 -0.63534937461229 -0.63740347096424 -0.612498830119953 -0.611078335627809 -0.604302883481825 -0.595963865455999 -0.580266890348562 -0.5601960185315 -0.563210737057994 -0.586623347716287 -0.606448954297295 -0.618283001936886 -0.619550205656497 -0.629197304941276 -0.633591640420572 -0.639478006085861 -0.649544100148898 -0.658537158804201 -0.674356766529665 -0.702214809591432 -0.705812033053553 -0.685986426472545 -0.681203754369498 -9999 -9999
