Results/Mess_Current.asc
NCOLS 581 
NROWS 855 
XLLCORNER -74.916666667 
YLLCORNER -55.833333333 
CELLSIZE 0.0833333333339071 
NODATA_value -9999 
[rows 0 to 26 of 855, columns 0 to 60 of 581]
-9999.000000000000000 -9999 -9999 -9999 -9999 -9999 -9999 -9999 -9999 -9999 -9999 -9999 -9999 -9999 -9999 -9999 -9999 -9999 -9999 -9999 -9999 -9999 -9999 -9999 -9999 -9999 -9999 -9999 -9999 -9999 -9999 -9999 -9999 -9999 -9999 -9999 -9999 -9999 -9999 -9999 -9999 -9999 -9999 -9999 -9999 -9999 -9999 -9999 -9999 -9999 -9999 -9999 -9999 -9999 -9999 -9999 -9999 -9999 -9999 -9999 -9999
-9999 -9999 -9999 -9999 -9999 -9999 -9999 -9999 -9999 -9999 -9999 -9999 -9999 -9999 -9999 -9999 -9999 -9999 -9999 -9999 -9999 -9999 -9999 -9999 -9999 -9999 -9999 -9999 -9999 -9999 -9999 -9999 -9999 -9999 -9999 -9999 -9999 -9999 -9999 -9999 -9999 -9999 -9999 -9999 -9999 -9999 -9999 -9999 -9999 -9999 -9999 -9999 -9999 -9999 -9999 -9999 -9999 -9999 -9999 12.1446593776283 12.1446593776283
-9999 -9999 -9999 -9999 -9999 -9999 -9999 -9999 -9999 -9999 -9999 -9999 -9999 -9999 -9999 -9999 -9999 -9999 -9999 -9999 -9999 -9999 -9999 -9999 -9999 -9999 -9999 -9999 -9999 -9999 -9999 -9999 -9999 -9999 -9999 -9999 -9999 -9999 -9999 -9999 -9999 -9999 -9999 -9999 -9999 -9999 -9999 -9999 -9999 -9999 -9999 -9999 -9999 10.7821698906644 10.9840201850294 11.4718250630782 11.4718250630782 11.7241379310345 11.8418839360807 11.7746005046257 12.026913372582
-9999 -9999 -9999 -9999 -9999 -9999 -9999 -9999 -9999 -9999 -9999 -9999 -9999 -9999 -9999 -9999 -9999 -9999 -9999 -9999 -9999 -9999 -9999 -9999 -9999 -9999 -9999 -9999 -9999 -9999 -9999 -9999 -9999 -9999 -9999 -9999 -9999 -9999 -9999 -9999 -9999 -9999 -9999 -9999 -9999 -9999 -9999 10.9671993271657 9.18418839360807 9.33557611438183 9.50378469301934 9.50378469301934 10.0588730025231 10.5466778805719 10.7989907485282 11.1354079058032 11.0176619007569 11.421362489487 11.5391084945332 11.5391084945332 11.9764507989907
-9999 -9999 -9999 -9999 -9999 -9999 -9999 -9999 -9999 -9999 -9999 -9999 -9999 -9999 -9999 -9999 -9999 -9999 -9999 -9999 -9999 -9999 -9999 -9999 -9999 -9999 -9999 -9999 -9999 -9999 -9999 -9999 -9999 -9999 -9999 -9999 -9999 -9999 -9999 -9999 -9999 10.9671993271657 10.9840201850294 10.9335576114382 10.0420521446594 11.3204373423045 11.6400336417157 11.1185870479394 9.85702270815812 9.63835155592935 9.25147182506308 9.47014297729184 9.80656013456686 10.0420521446594 10.4457527333894 10.7821698906644 11.0176619007569 11.354079058032 11.5222876366695 11.555929352397 12.0773759461733
-9999 -9999 -9999 -9999 -9999 -9999 -9999 -9999 -9999 -9999 -9999 -9999 -9999 -9999 11.421362489487 11.488645920942 11.6400336417157 11.9932716568545 12.7838519764508 12.8847771236333 12.7838519764508 12.3969722455845 12.7333894028596 12.430613961312 12.296047098402 12.3465096719933 11.9932716568545 12.296047098402 12.430613961312 12.8847771236333 12.9520605550883 12.9857022708158 12.9857022708158 12.296047098402 12.2624053826745 11.4718250630782 11.3036164844407 11.354079058032 11.488645920942 12.6492851135408 11.7746005046257 11.2363330529857 11.3204373423045 10.9671993271657 10.9840201850294 11.690496215307 11.7241379310345 11.6736753574432 10.7485281749369 9.25147182506308 9.18418839360807 9.20100925147183 9.47014297729184 9.53742640874685 9.78973927670311 10.4457527333894 10.9671993271657 11.1354079058032 11.3372582001682 11.4045416316232 11.8082422203532
-9999 -9999 -9999 -9999 -9999 -9999 -9999 -9999 -9999 10.7821698906644 10.9167367535744 10.8830950378469 11.5054667788057 11.5054667788057 11.421362489487 11.488645920942 11.6400336417157 12.363330529857 12.8679562657696 12.8847771236333 12.9520605550883 12.565180824222 12.7333894028596 12.699747687132 12.6661059714045 12.3465096719933 12.363330529857 12.5483599663583 12.430613961312 13.4903280067283 13.4398654331371 12.9857022708158 13.4062237174096 13.4903280067283 12.2624053826745 11.7241379310345 11.4045416316232 11.354079058032 11.825063078217 12.6156433978133 11.6736753574432 11.1354079058032 11.3204373423045 11.1354079058032 11.5222876366695 11.9764507989907 11.8418839360807 11.8418839360807 11.3372582001682 10.2270815811606 9.10008410428932 8.94869638351556 9.18418839360807 9.18418839360807 9.48696383515559 10.1429772918419 10.8662741799832 10.9671993271657 11.1185870479394 11.1690496215307 11.623212783852
-9999 -9999 -9999 -9999 -9999 10.7821698906644 10.7821698906644 10.7485281749369 10.7821698906644 10.7821698906644 10.7821698906644 11.2026913372582 11.488645920942 11.7409587888982 11.354079058032 11.555929352397 11.9932716568545 12.2119428090833 12.9184188393608 13.6248948696384 13.2548359966358 12.5820016820858 13.5912531539109 12.9688814129521 12.8847771236333 13.4062237174096 12.9184188393608 12.9857022708158 14.2304457527334 13.4903280067283 13.6080740117746 13.9613120269134 13.2211942809083 13.0361648444071 13.1875525651808 12.026913372582 11.4550042052145 11.9932716568545 11.488645920942 12.7333894028596 11.8418839360807 11.354079058032 11.3036164844407 11.354079058032 11.4045416316232 11.959629941127 12.6661059714045 12.3128679562658 11.6736753574432 11.0849453322119 9.16736753574432 8.69638351555929 8.12447434819176 9.33557611438183 10.0252312867956 10.1261564339781 10.7148864592094 10.7485281749369 10.8662741799832 11.0008410428932 11.4550042052145
-9999 10.8494533221194 10.8494533221194 10.8662741799832 10.8494533221194 10.8830950378469 10.7821698906644 10.7821698906644 10.7821698906644 10.9503784693019 11.6736753574432 11.8755256518082 11.555929352397 11.555929352397 11.4718250630782 11.8418839360807 11.9764507989907 12.430613961312 13.7594617325484 14.1631623212784 13.4566862910008 12.6492851135408 13.6248948696384 13.1707317073171 13.4903280067283 13.5576114381833 14.0117746005046 14.9369217830109 15.0883095037847 15.5256518082422 14.0117746005046 13.8099243061396 13.0025231286796 12.9688814129521 13.2211942809083 13.0361648444071 13.1707317073171 13.2043734230446 12.7838519764508 13.6417157275021 12.5147182506308 11.3372582001682 11.3204373423045 11.1690496215307 11.286795626577 11.6736753574432 12.6156433978133 12.7838519764508 12.565180824222 11.6736753574432 10.8326324642557 8.7300252312868 7.61984861227923 9.28511354079058 9.85702270815812 9.18418839360807 8.34314550042052 9.89066442388562 10.4457527333894 10.7821698906644 11.3036164844407
10.8662741799832 10.8662741799832 10.7821698906644 10.9335576114382 11.0176619007569 10.8662741799832 10.8662741799832 10.8662741799832 11.4718250630782 11.9932716568545 12.0437342304458 11.8755256518082 11.7746005046257 11.555929352397 11.6736753574432 11.8755256518082 11.9764507989907 12.7838519764508 13.6585365853658 14.1631623212784 13.1370899915896 13.2043734230446 13.6248948696384 13.5239697224558 13.6248948696384 13.5576114381833 14.4827586206897 14.6846089150547 15.0883095037847 15.3069806560135 14.5500420521447 13.8099243061396 13.4062237174096 13.2043734230446 13.2211942809083 13.5071488645921 13.6248948696384 13.2043734230446 13.6248948696384 14.0117746005046 12.7502102607233 11.2026913372582 11.1185870479394 11.1690496215307 11.1017661900757 11.7746005046257 12.6156433978133 12.9520605550883 13.3894028595458 12.161480235492 10.8326324642557 8.69638351555929 8.37678721614802 8.57863751051304 8.29268292682927 8.8645920941968 9.16736753574432 9.38603868797309 10.2607232968881 10.6139613120269 10.9671993271657
-9999 10.8494533221194 10.8830950378469 10.9167367535744 10.7821698906644 10.8494533221194 10.8999158957107 10.8662741799832 11.3877207737595 12.228763666947 12.228763666947 11.8082422203532 11.8082422203532 12.2624053826745 11.8587047939445 11.9932716568545 12.3969722455845 12.6156433978133 13.4398654331371 13.4903280067283 13.0025231286796 13.5912531539109 13.7258200168209 13.4903280067283 13.6417157275021 14.0117746005046 14.0117746005046 14.3650126156434 14.2640874684609 14.5164003364172 14.0117746005046 13.7931034482759 12.8847771236333 12.6156433978133 12.9688814129521 12.9688814129521 13.5576114381833 13.6248948696384 13.7931034482759 14.1631623212784 13.2884777123633 11.7241379310345 11.0176619007569 11.0176619007569 11.4045416316232 11.8418839360807 12.2455845248108 12.8847771236333 13.5576114381833 13.0361648444071 11.8418839360807 10.8830950378469 9.04962153069807 10.0925147182506 10.0925147182506 9.47014297729184 9.16736753574432 8.57863751051304 9.30193439865433 9.73927670311186 10.7148864592094
-9999 10.8662741799832 10.9671993271657 10.9671993271657 10.9840201850294 10.9840201850294 10.8830950378469 11.3204373423045 11.9091673675357 11.9932716568545 11.825063078217 11.825063078217 12.4642556770395 12.9520605550883 12.8174936921783 12.430613961312 12.430613961312 12.296047098402 12.7838519764508 12.9184188393608 13.2043734230446 13.6921783010934 13.8603868797309 13.8099243061396 13.7594617325484 13.7931034482759 13.7258200168209 13.6248948696384 13.6248948696384 13.6753574432296 13.5744322960471 13.4903280067283 13.1707317073171 12.9688814129521 12.9520605550883 12.296047098402 12.9520605550883 13.0866274179983 13.2211942809083 13.4062237174096 12.6829268292683 12.430613961312 11.6063919259882 11.0513036164844 11.286795626577 11.7241379310345 12.094196804037 13.0361648444071 13.4062237174096 13.2716568544996 12.9688814129521 12.5483599663583 11.0008410428932 9.53742640874685 8.02354920100925 6.71152228763667 7.43481917577797 6.56013456686291 6.82926829268293 8.09083263246426 9.30193439865433
-9999 -9999 10.8662741799832 10.8662741799832 10.8494533221194 10.9671993271657 10.9840201850294 11.7746005046257 11.5054667788057 11.6400336417157 11.7746005046257 12.2455845248108 12.8174936921783 12.5483599663583 12.094196804037 12.1783010933558 12.430613961312 12.430613961312 12.6492851135408 12.9184188393608 13.0866274179983 13.9444911690496 13.8603868797309 14.3145500420522 14.1126997476871 13.7931034482759 13.8099243061396 13.5071488645921 13.6248948696384 13.5912531539109 13.3725820016821 13.4903280067283 13.0866274179983 12.9520605550883 12.9520605550883 12.7333894028596 12.6829268292683 13.0866274179983 13.3052985702271 13.1707317073171 12.3801513877208 11.9932716568545 12.1783010933558 11.5895710681245 11.4381833473507 11.9932716568545 11.5054667788057 11.9428090832632 13.6080740117746 13.5071488645921 13.0025231286796 12.5147182506308 11.3036164844407 8.07401177460051 6.94701429772918 5.87047939444912 6.44238856181665 5.93776282590412 5.88730025231287 6.87973086627418 8.20857863751051
-9999 -9999 10.9671993271657 10.9335576114382 10.8999158957107 10.9671993271657 11.0513036164844 11.5391084945332 11.3372582001682 12.0773759461733 11.9428090832632 11.8082422203532 11.623212783852 11.4381833473507 11.6063919259882 11.8082422203532 12.8343145500421 12.363330529857 12.430613961312 12.7838519764508 13.0361648444071 13.8099243061396 14.0117746005046 14.4322960470984 13.9108494533221 14.2304457527334 13.4903280067283 13.0866274179983 13.0361648444071 12.8847771236333 12.8174936921783 12.8174936921783 12.7838519764508 12.9184188393608 13.1707317073171 12.4474348191758 12.3801513877208 12.7502102607233 12.7838519764508 12.9857022708158 13.2043734230446 11.8418839360807 12.026913372582 11.7746005046257 11.3372582001682 11.4045416316232 11.555929352397 12.1446593776283 12.9857022708158 13.1707317073171 13.4735071488646 12.3465096719933 11.959629941127 11.4718250630782 10.8494533221194 6.89655172413793 6.4592094196804 5.82001682085786 5.73591253153911 6.12279226240538 6.59377628259041
-9999 -9999 -9999 11.0176619007569 11.4045416316232 11.1185870479394 11.286795626577 11.3877207737595 11.9932716568545 12.9857022708158 11.623212783852 11.5054667788057 11.1354079058032 10.9335576114382 11.1354079058032 11.555929352397 12.2119428090833 11.9932716568545 12.9184188393608 12.9688814129521 13.0361648444071 13.2884777123633 13.8099243061396 12.9015979814971 13.9949537426409 13.8099243061396 12.228763666947 12.5820016820858 12.632464255677 12.7333894028596 12.6156433978133 12.632464255677 12.6492851135408 13.0361648444071 13.1707317073171 13.2548359966358 12.3465096719933 12.296047098402 12.2792262405383 12.9184188393608 13.1539108494533 11.8082422203532 11.6400336417157 11.3877207737595 11.1690496215307 11.2363330529857 11.354079058032 11.7409587888982 12.2455845248108 12.2792262405383 12.6156433978133 12.0437342304458 11.9932716568545 11.623212783852 11.0176619007569 10.3784693019344 9.5878889823381 6.82926829268293 6.10597140454163 6.32464255677039 5.87047939444912
-9999 -9999 -9999 11.0008410428932 11.3204373423045 10.7821698906644 11.1354079058032 11.3877207737595 11.6736753574432 11.892346509672 11.4718250630782 11.4045416316232 11.4381833473507 11.421362489487 11.3204373423045 11.555929352397 11.3877207737595 11.4045416316232 13.1034482758621 11.8418839360807 12.228763666947 12.7333894028595 12.6156433978133 12.5315391084945 12.8679562657696 12.1446593776283 11.8082422203532 12.1446593776283 12.2119428090833 12.7838519764508 12.6661059714045 12.632464255677 12.7838519764508 12.9857022708158 12.9688814129521 13.2884777123633 12.497897392767 12.296047098402 12.363330529857 12.7838519764508 13.1539108494533 11.8418839360807 11.4718250630782 10.9335576114382 10.7821698906644 10.8494533221194 11.3372582001682 11.6568544995795 11.8755256518082 12.2792262405383 12.0437342304458 11.9932716568545 12.3128679562658 12.161480235492 11.6736753574432 11.1017661900757 10.7821698906644 10.5298570227082 9.47014297729184 7.40117746005046 5.85365853658537
-9999 -9999 -9999 -9999 10.8662741799832 10.7821698906644 11.1690496215307 11.1690496215307 11.3877207737595 11.6736753574432 11.1185870479394 11.3372582001682 11.4045416316232 11.4045416316232 11.421362489487 11.4381833473507 11.3372582001682 11.4045416316232 11.6736753574432 11.4045416316232 11.5391084945332 11.757779646762 12.0773759461733 12.1446593776283 13.0361648444071 12.6829268292683 12.2792262405383 12.1783010933558 11.757779646762 12.1783010933558 12.6829268292683 12.6156433978133 12.6156433978133 12.1446593776283 12.0773759461733 12.5483599663583 12.7333894028596 12.9857022708158 12.1951219512195 12.6156433978133 12.6492851135408 11.9932716568545 11.0513036164844 9.18418839360807 8.7300252312868 8.09083263246426 10.5634987384357 11.1354079058032 11.3877207737595 11.555929352397 11.5727502102607 11.5054667788057 11.488645920942 11.7746005046257 11.4718250630782 10.7821698906644 10.6307821698907 10.3952901597981 9.50378469301934 7.31707317073171 5.87047939444912
-9999 -9999 -9999 -9999 11.5391084945332 11.1354079058032 11.3372582001682 11.354079058032 11.3036164844407 11.3372582001682 11.3204373423045 11.4045416316232 11.4045416316232 11.5391084945332 11.6063919259882 11.4718250630782 11.4718250630782 11.4381833473507 11.3372582001682 11.421362489487 11.354079058032 10.9671993271657 11.3036164844407 11.825063078217 12.6156433978133 12.0437342304458 11.9428090832632 11.623212783852 11.4381833473507 11.555929352397 11.7914213624895 12.094196804037 12.2792262405383 12.2792262405383 11.6063919259882 11.5391084945332 11.9428090832632 12.5315391084945 12.6829268292683 12.0773759461733 12.0437342304458 11.8755256518082 10.6307821698907 9.04962153069807 8.09083263246426 6.89655172413793 6.62741799831791 6.91337258200168 9.11690496215307 10.7653490328007 11.0849453322119 10.9335576114382 10.8494533221194 10.7821698906644 10.7821698906644 10.1261564339781 9.70563498738436 10.1093355761144 8.37678721614802 6.08915054667788 5.88730025231287
-9999 -9999 -9999 -9999 -9999 11.3204373423045 11.5391084945332 11.286795626577 11.3204373423045 11.4045416316232 11.3877207737595 11.219512195122 11.4045416316232 11.5391084945332 11.6063919259882 11.5222876366695 11.6063919259882 11.6736753574432 11.4045416316232 11.3372582001682 11.3036164844407 11.1185870479394 11.1354079058032 11.0849453322119 11.3036164844407 11.0513036164844 11.0176619007569 10.9671993271657 11.354079058032 11.1690496215307 10.8662741799832 11.286795626577 11.354079058032 11.4045416316232 11.6063919259882 11.5054667788057 11.3877207737595 11.5054667788057 11.8418839360807 11.757779646762 11.8418839360807 11.555929352397 9.18418839360807 8.02354920100925 7.33389402859546 6.40874684608915 5.87047939444912 5.80319596299411 5.90412111017662 6.03868797308663 6.32464255677039 6.37510513036165 6.84608915054668 6.37510513036165 8.10765349032801 8.20857863751051 7.31707317073171 6.15643397813288 5.87047939444912 5.80319596299411 5.73591253153911
-9999 -9999 -9999 -9999 -9999 11.3877207737595 11.3204373423045 10.7821698906644 11.1185870479394 11.3877207737595 11.2026913372582 10.8999158957107 11.3204373423045 11.5222876366695 11.5391084945332 11.4550042052145 11.6736753574432 11.6736753574432 11.3036164844407 11.1354079058032 11.1354079058032 11.1185870479394 11.1017661900757 11.0176619007569 10.9671993271657 10.9335576114382 10.8494533221194 10.8326324642557 10.8326324642557 10.7821698906644 10.7653490328007 10.7148864592094 10.2943650126156 10.5466778805719 11.3204373423045 11.4718250630782 10.7821698906644 10.1429772918419 10.0756938603869 10.6476030277544 10.7821698906644 10.4625735912532 8.98233809924306 7.67031118587048 7.13204373423045 6.22371740958789 5.87047939444912 5.80319596299411 5.80319596299411 5.73591253153911 5.70227081581161 5.76955424726661 5.76955424726661 5.73591253153911 5.73591253153911 5.70227081581161 5.73591253153911 5.68544995794786 5.58452481076535 5.21446593776283 5.23128679562658
-9999 -9999 -9999 -9999 -9999 -9999 11.3204373423045 11.1017661900757 11.4045416316232 11.4045416316232 11.0513036164844 11.1690496215307 11.4381833473507 11.4045416316232 11.5727502102607 11.4718250630782 11.5054667788057 11.4045416316232 11.3036164844407 11.2363330529857 11.2026913372582 11.1522287636669 11.1185870479394 11.0176619007569 11.0008410428932 10.9671993271657 10.9671993271657 10.8662741799832 10.7821698906644 10.7485281749369 10.6476030277544 10.4457527333894 10.4457527333894 10.0420521446594 9.67199327165686 9.73927670311186 9.43650126156434 8.66274179983179 9.03280067283431 8.51135407905803 8.20857863751051 7.73759461732548 6.87973086627418 6.82926829268293 6.94701429772918 6.37510513036165 6.15643397813288 5.87047939444912 5.85365853658537 5.70227081581161 5.70227081581161 5.80319596299411 5.6349873843566 5.70227081581161 5.6686291000841 5.38267451640034 5.5340622371741 5.70227081581161 5.87047939444912 5.70227081581161 5.09671993271657
-9999 -9999 -9999 -9999 -9999 -9999 11.3708999158957 11.623212783852 11.6736753574432 11.4718250630782 11.354079058032 11.354079058032 11.4381833473507 11.4045416316232 11.5222876366695 11.4718250630782 11.4381833473507 11.4045416316232 11.3877207737595 11.3204373423045 11.2026913372582 11.1354079058032 11.1522287636669 11.3372582001682 11.1354079058032 10.9840201850294 10.9167367535744 10.8494533221194 10.8494533221194 10.7821698906644 10.7821698906644 10.7148864592094 11.1354079058032 11.3204373423045 11.1185870479394 11.1185870479394 11.0008410428932 8.37678721614802 9.13372582001682 9.20100925147183 9.6551724137931 9.94112699747687 10.9671993271657 11.0849453322119 11.3036164844407 11.5391084945332 11.4381833473507 11.2026913372582 10.7485281749369 9.18418839360807 10.7485281749369 10.5130361648444 7.85534062237174 8.49453322119428 7.87216148023549 6.07232968881413 5.70227081581161 5.73591253153911 7.973086627418 6.30782169890664 5.82001682085786
-9999 -9999 -9999 -9999 -9999 -9999 -9999 11.5222876366695 11.4718250630782 11.3877207737595 11.4718250630782 11.5391084945332 11.5391084945332 11.5222876366695 11.4718250630782 11.4718250630782 11.421362489487 11.4045416316232 11.3877207737595 11.3036164844407 11.354079058032 11.6063919259882 11.7073170731707 11.9764507989907 11.959629941127 12.3128679562658 11.7241379310345 11.5222876366695 11.623212783852 11.9932716568545 12.6156433978133 12.9015979814971 13.0866274179983 13.6080740117746 13.6921783010934 13.2548359966358 12.7502102607233 12.094196804037 12.6156433978133 13.5912531539109 13.5239697224558 12.9688814129521 12.161480235492 12.5483599663583 11.9764507989907 12.3128679562658 12.8174936921783 13.1707317073171 13.5071488645921 13.6417157275021 12.5483599663583 12.8679562657696 12.6829268292683 12.6156433978133 13.0361648444071 12.8174936921783 11.7914213624895 12.5483599663583 12.9857022708158 12.5315391084945 12.0437342304458
-9999 -9999 -9999 -9999 -9999 -9999 -9999 11.3708999158957 11.4381833473507 11.4381833473507 11.4381833473507 11.4718250630782 11.4381833473507 11.4550042052145 11.5054667788057 11.5054667788057 11.4718250630782 11.421362489487 11.354079058032 11.3877207737595 12.0437342304458 12.6829268292683 12.8174936921783 13.5576114381833 14.0117746005046 14.9537426408747 13.7762825904121 13.5912531539108 14.8023549201009 16.0639192598823 14.8023549201009 14.6509671993272 13.8435660218671 13.5912531539109 13.5912531539109 13.8099243061396 14.7014297729184 14.7182506307822 14.2809083263246 13.9613120269134 13.9613120269134 13.6248948696384 13.4062237174096 13.3725820016821 12.699747687132 12.7838519764508 12.8174936921783 13.2548359966358 13.9781328847771 14.1295206055509 12.8511354079058 12.9184188393608 12.9857022708158 13.2043734230446 13.6248948696384 13.8099243061396 14.3145500420522 14.9369217830109 15.1051303616484 14.7518923465097 13.8772077375946
-9999 -9999 -9999 -9999 -9999 -9999 -9999 -9999 11.4045416316232 11.4381833473507 11.4045416316232 11.555929352397 11.5222876366695 11.5054667788057 11.5391084945332 11.5054667788057 11.4718250630782 11.5054667788057 11.488645920942 11.9091673675357 13.0193439865433 14.3313708999159 15.6265769554247 16.6694701429773 17.8301093355761 17.0227081581161 17.1909167367536 17.0563498738436 16.820857863751 15.5761143818335 14.4995794785534 14.6509671993272 13.6248948696384 13.4903280067283 13.5912531539109 14.1631623212784 14.9201009251472 14.7182506307822 14.6173254835997 14.4827586206897 13.9613120269134 14.3145500420522 14.3650126156434 13.3725820016821 13.1875525651808 12.9352396972246 12.8174936921783 13.5071488645921 14.0117746005046 14.1295206055509 13.2548359966358 13.2548359966358 12.9857022708158 13.4903280067283 13.6417157275021 13.8099243061396 14.4995794785534 14.9369217830109 15.1051303616484 15.340622371741 15.3574432296047
-9999 -9999 -9999 -9999 -9999 -9999 -9999 -9999 11.488645920942 11.6063919259882 11.5391084945332 11.690496215307 11.6063919259882 11.555929352397 11.555929352397 11.555929352397 11.6063919259882 11.7409587888982 11.7746005046257 12.767031118587 14.3313708999159 16.9386038687973 18.9907485281749 18.1328847771236 17.3086627417998 16.7872161480235 16.349873843566 16.0639192598823 15.7275021026072 15.6265769554247 14.1126997476871 14.4322960470984 13.4903280067283 13.4398654331371 14.1968040370059 13.7089991589571 14.8023549201009 15.3574432296047 15.0883095037847 14.7855340622372 15.0883095037847 14.6341463414634 14.6173254835997 14.6341463414634 13.8435660218671 13.1202691337258 13.6080740117746 13.4398654331371 14.3650126156434 14.7518923465097 13.8603868797309 13.4398654331371 13.6417157275021 13.4398654331371 13.6248948696384 14.0454163162321 13.9949537426409 14.9201009251472 15.3238015138772 15.6265769554247 15.677039529016
-9999 -9999 -9999 -9999 -9999 -9999 -9999 -9999 -9999 11.8418839360807 11.6063919259882 11.5727502102607 11.555929352397 11.6400336417157 11.6736753574432 11.6736753574432 11.825063078217 11.9428090832632 12.6661059714045 15.1219512195122 16.9890664423886 18.7888982338099 18.2001682085786 16.7031118587048 15.3742640874685 15.1724137931035 14.6846089150547 14.4827586206897 14.4827586206897 14.7182506307822 14.7855340622372 14.9537426408747 14.6509671993272 15.1724137931035 15.273338940286 14.9032800672834 14.7855340622372 14.7518923465097 14.7014297729184 14.4491169049622 14.3313708999159 14.1126997476871 13.7258200168209 13.6585365853658 13.4903280067283 13.2548359966358 13.3725820016821 12.9857022708158 13.5576114381833 13.5239697224558 13.6080740117746 13.2548359966358 13.3389402859546 13.8099243061396 14.1126997476871 14.2640874684609 14.2304457527334 14.4995794785534 14.7014297729184 15.7106812447435 16.417157275021
