Results/Mess_RCP4.5.asc
NCOLS 581 
NROWS 855 
XLLCORNER -74.916666667 
YLLCORNER -55.833333333 
CELLSIZE 0.0833333333339071 
NODATA_value -9999 
[rows 675 to 701 of 855, columns 177 to 235 of 581]
4.15475189234651 2.87636669470143 2.38856181665265 1.37931034482759 0.992430613961312 0.790580319596299 0.470984020185029 0.252312867956266 0.0841042893187553 -0.0805064703309881 -0.400605435794862 -0.770501930285414 -1.38200431824175 -1.71148659697137 -1.97738435270153 -2.44119833566332 -2.84434001520982 -3.12388123293054 -3.62564328509075 -4.23613245004078 -4.43885989343443 -5.2517706231347 -5.80674918677702 -6.28015373970416 -6.97263749850406 -7.63056971554178 -8.10842225374188 -8.82655521128631 -9.43481401112812 -9.97046486798979 -10.5834074345589 -11.4413205596713 -11.667957517025 -12.3626142886875 -13.4169206202862 -14.0009831449397 -14.8145757291159 -15.8422769912094 -16.5449248424311 -17.8862600460424 -18.4629878557257 -18.8370901815632 -19.9402542539754 -19.5252342871097 -19.581993892878 -20.1766793279183 -19.1493476691856 -18.8163732759437 -18.5585430694336 -17.1344358304204 -16.4770325285369 -15.5418276937171 -14.601575861281 -13.8908540883676 -9999 -9999 -9999 -9999 -9999
3.61648444070648 2.23717409587889 1.26156433978133 1.11017661900757 0.941968040370059 0.521446593776283 0.353238015138772 0.218671152228764 -0.00563161781999303 -0.139882127115772 -0.531209244060442 -1.29586124529058 -1.63255078955562 -2.00862858163181 -2.57222909953533 -2.60409145822418 -2.97978052952436 -3.56228179860211 -3.89672823281545 -4.23353885404351 -4.80943186992918 -5.03303553073577 -5.65698335599597 -6.65540948292617 -6.90136140211711 -7.76690874837136 -8.87626049084091 -9.23125814640856 -9.65286087657937 -10.6766494410259 -11.1709365838377 -11.7791953836795 -12.6643380805274 -13.1834205108709 -13.8865717873598 -15.0463425262186 -15.5625764616953 -16.3653868236912 -17.4870501815581 -18.0825767828678 -18.6888792338862 -19.2440298542654 -19.4044313403768 -19.6033098108408 -19.4112562576079 -19.3729831923509 -19.0412514310978 -18.1686816209886 -17.6927025894794 -17.0977941179282 -15.7036056337238 -15.1627803298111 -14.3191287964478 -9999 -9999 -9999 -9999 -9999 -9999
1.5475189234651 1.36248948696384 0.941968040370059 0.706476030277544 0.63919259882254 0.302775441547519 0.185029436501262 0.100925147182506 -0.0732706800408705 -0.483817171746652 -0.918916797058059 -1.68407222355548 -2.03130820854653 -2.46703870855998 -3.04983311133766 -3.22552215714796 -3.32686994766544 -3.90419039722038 -4.34662473750196 -4.51035265386046 -5.00924072126694 -5.61737207167399 -5.9369642742666 -6.96260722798881 -7.36573616259183 -8.27720991266018 -9.47121356969426 -9.93000604492669 -10.530305627568 -11.5765890172489 -12.5771754120982 -12.8368982427144 -13.6650455523397 -14.4493375114657 -15.0544164479103 -16.3130051060067 -16.9149997661303 -17.4706793016638 -18.5112784465545 -19.1595499964378 -19.2252756699411 -19.6588459020355 -19.7220671941459 -19.4951371030922 -19.1584857936576 -18.6346240095108 -18.322570440984 -17.3656545949536 -16.4650713990851 -16.1746969794102 -14.7380168536584 -9999 -9999 -9999 -9999 -9999 -9999 -9999 -9999
1.42977291841884 1.05971404541632 0.908326324642557 0.63919259882254 0.403700588730025 0.252312867956266 0.117746005046257 0.0336417157275021 -0.223336016993598 -0.93982487682968 -1.39778255826446 -1.74547098874889 -2.45176389380454 -2.72319932747482 -2.96651941583806 -3.41830217215895 -3.63273584613489 -3.82484037914168 -4.18333014922162 -4.8408672730116 -4.86080673707908 -5.18319645476456 -6.34816075808963 -6.88639246600509 -7.22309475521361 -8.66653607347919 -9.39932571602048 -10.2098021615169 -11.2648923071394 -11.870143300321 -12.7576565566553 -13.7787941728589 -14.0768984007517 -15.1206837815114 -16.0525366961971 -16.6844118762991 -17.7258776773462 -18.2845905094269 -18.8236124038378 -20.0858206258812 -19.7992314544185 -19.9161280759762 -20.616099489068 -19.5701410954457 -19.2154174561628 -19.1803752340768 -17.8535883834428 -17.234126778286 -16.5002920503797 -15.1501500908268 -9999 -9999 -9999 -9999 -9999 -9999 -9999 -9999 -9999
1.27838519764508 1.02607232968881 0.706476030277544 0.672834314550042 0.386879730866274 0.134566862910008 0.0672834314550042 0.0336417157275021 -0.662692453425834 -0.821029258694186 -1.38903315456851 -2.00622615978667 -2.24079047198222 -2.49238840113282 -3.26108054944471 -3.25714873438251 -3.60061221610479 -4.18830704964882 -4.4901965257539 -4.78908456767049 -5.36161929095036 -5.89069375697865 -6.38766371039206 -7.54971579413297 -8.23423396326066 -8.55438694336619 -10.0928481877136 -10.8040988757813 -11.4580036906807 -12.8268615997275 -13.4539574260261 -14.1846122905353 -15.1046888774496 -15.5306312608738 -16.5068875586283 -17.5642399317177 -17.9246987955646 -18.5207479395569 -19.2572399881778 -19.8452916801391 -19.9097747216536 -19.8650654599414 -19.907748275641 -19.4326486452316 -18.6098605843378 -18.3754555839357 -17.5767108589085 -16.2301884633027 -9999 -9999 -9999 -9999 -9999 -9999 -9999 -9999 -9999 -9999 -9999
0.941968040370059 0.80740117746005 0.48780487804878 0.353238015138772 0.235492010092515 0.0672834314550042 -0.232123655519982 -0.377568950462826 -1.03483843043982 -1.38851061188601 -1.76334577197333 -2.18922443068019 -2.46962593208551 -2.80909387402821 -3.30253985057064 -3.75847745846455 -3.85716155579564 -4.4461436286307 -4.77861459660533 -5.15391494712951 -5.76988443777402 -6.26890632708699 -6.97848742755933 -8.13881894393104 -8.84609320963431 -9.65201333783825 -10.788722101478 -11.8786696675061 -12.6382937885351 -13.9406868173569 -15.0593232511484 -15.4300417944931 -16.4006202199293 -17.3023823230693 -17.6262122193675 -18.6298701455944 -19.2676271171104 -19.3737032816573 -19.9256230588655 -20.1142482223034 -20.0101730138822 -19.8903960350991 -19.8279012047668 -18.99230447568 -18.0573927745602 -17.5891499237406 -16.6960097748618 -9999 -9999 -9999 -9999 -9999 -9999 -9999 -9999 -9999 -9999 -9999 -9999
0.80740117746005 0.605550883095038 0.48780487804878 0.252312867956266 0.185029436501262 0.0672834314550042 -0.0691349458830583 -0.688838704965902 -1.00212216053811 -1.36025507220074 -1.86787342588796 -2.12096251342521 -2.72278511681187 -3.15870679097745 -3.3114931733622 -3.69581057139533 -4.00367742599043 -4.23792311459909 -4.5764479307246 -5.5202237400317 -5.99229644636565 -6.36706788173559 -7.80388182939389 -8.43929373131034 -8.94328614857877 -10.5929342798068 -11.1480594102991 -12.1948780876059 -13.417532377573 -14.3874225760615 -15.4693790625304 -16.3580202463623 -16.7654314819731 -17.9288217847789 -18.4303990352588 -18.8862984083222 -20.0871843348331 -19.9925085222251 -20.1692936331743 -20.9864420565802 -20.1119668774213 -19.8991645562102 -19.9848679286115 -18.5813182834243 -17.9531200195151 -9999 -9999 -9999 -9999 -9999 -9999 -9999 -9999 -9999 -9999 -9999 -9999 -9999 -9999
0.790580319596299 0.48780487804878 0.218671152228764 0.218671152228764 0.168208578637511 0.0336417157275021 -0.120516185504691 -0.708803658920332 -1.42755474622332 -1.60605405206998 -1.89361183923681 -2.56470958288476 -2.68680614138042 -3.21457425070247 -3.78887414865371 -3.84142792307509 -4.17471456743216 -4.9618741388401 -5.1283677079328 -5.80106494198693 -6.94912945026343 -7.47547649838796 -8.20180445458715 -9.56769279180408 -10.2772738922764 -11.0332784493584 -12.4343045957374 -12.6592146132502 -13.7984532481699 -15.1442874168281 -16.096768022529 -16.7773288867075 -17.56967565011 -18.2799067426996 -18.7168798747019 -19.3594098275494 -19.6610189148981 -19.9846767544594 -20.153674704945 -20.1129928453711 -19.9418601168533 -19.2229433452851 -19.0265055314966 -18.2626373442902 -9999 -9999 -9999 -9999 -9999 -9999 -9999 -9999 -9999 -9999 -9999 -9999 -9999 -9999 -9999
0.403700588730025 0.31959629941127 0.134566862910008 0.0672834314550042 0.0336417157275021 -0.477846165728363 -0.806002970336526 -1.20247267197358 -1.95738753638841 -2.32549973879238 -2.41431924987341 -3.09184681750477 -3.63611962862764 -3.73768408318421 -4.18357230314766 -4.75001494344623 -4.95418256545261 -5.74165438797571 -6.66324125069189 -6.8901904591608 -8.01154793838432 -9.20304721402545 -9.55534294157629 -10.9284321718569 -11.822706620705 -12.5464792157374 -13.6853609922397 -14.7539798953615 -15.1115201671525 -16.4589793161038 -17.614098150594 -17.8573800041268 -18.8554110378093 -19.5218186422582 -19.6141302678516 -20.1634373316473 -20.6380526542046 -20.168643641057 -19.8956724416979 -19.9460659482002 -19.5728239060473 -18.8115429423665 -9999 -9999 -9999 -9999 -9999 -9999 -9999 -9999 -9999 -9999 -9999 -9999 -9999 -9999 -9999 -9999 -9999
0.386879730866274 0.218671152228764 0.134566862910008 0.0672834314550042 -0.291419505039924 -0.650897008239224 -0.851425948883345 -1.63182432777752 -1.96261933568512 -2.30188335853221 -2.9981268756574 -3.29016451045589 -3.58035412845042 -4.35440552549377 -4.33015189805982 -4.46176255685997 -5.55408068237447 -5.95097733961795 -6.36243509478223 -7.77328122010913 -8.4276448529737 -9.45349809826326 -10.7008138538555 -11.4633629394122 -12.6633567198798 -13.793591052234 -14.1918004386555 -15.3806870008841 -16.3021018068634 -16.9671457023605 -18.2173290702347 -18.6958507179673 -19.1288984073791 -20.3806366583574 -20.2188587183506 -20.3695613024771 -21.1348314334659 -20.3875826525516 -19.96142997756 -20.169809803385 -9999 -9999 -9999 -9999 -9999 -9999 -9999 -9999 -9999 -9999 -9999 -9999 -9999 -9999 -9999 -9999 -9999 -9999 -9999
0.218671152228764 0.134566862910008 0.0336417157275021 0.0336417157275021 -0.52973083061728 -1.32225602322842 -1.32220504345452 -1.90225291091323 -2.67668665626085 -2.77231833962955 -3.29723158161307 -4.03381284483834 -4.1018517255825 -4.67847757571803 -5.16882015852416 -5.3141634939192 -6.02496810896519 -7.01034341377644 -7.44994837660645 -8.23685304914489 -9.50877929058841 -10.2499296160497 -11.1790296229447 -12.6881966147136 -13.4787845759165 -14.3159807954094 -15.3581921756498 -16.1321161232584 -16.8042016000257 -17.9683565994401 -18.5973195599579 -19.07594953971 -19.5864609955662 -19.8642561560307 -20.2347898976951 -20.2657409929254 -20.5073723762781 -20.1930247179257 -19.3977657349391 -9999 -9999 -9999 -9999 -9999 -9999 -9999 -9999 -9999 -9999 -9999 -9999 -9999 -9999 -9999 -9999 -9999 -9999 -9999 -9999
-0.129068042576778 -0.128144034174801 -0.877189852119146 -1.05493083382901 -1.34313861311309 -2.01686818758874 -2.44008952558095 -2.81686828954829 -3.57394342188223 -4.06246985024309 -4.40819555943228 -5.0435182467444 -5.60268989679017 -5.63931249186713 -6.43438667317339 -7.01949428319188 -7.16300871919818 -8.32075301204435 -8.87901339863163 -9.5024514261528 -10.9471353764072 -12.3475370205559 -12.5671770039416 -14.0731896222004 -15.0071773149182 -15.5049629447141 -16.9851925423218 -17.5661070659369 -18.040703271079 -19.0926963954368 -19.8039916908067 -19.9775013512826 -20.5015415646381 -20.7646226878602 -20.4409903381858 -20.3321612658482 -19.9043899830352 -9999 -9999 -9999 -9999 -9999 -9999 -9999 -9999 -9999 -9999 -9999 -9999 -9999 -9999 -9999 -9999 -9999 -9999 -9999 -9999 -9999 -9999
-0.394169239339715 -0.905961562015174 -1.25073777291544 -1.50431116830475 -2.11057538449264 -2.46784801247067 -2.81492468566827 -3.68128133583321 -4.06141201993462 -4.52764754215677 -5.14298615809924 -5.39893648544674 -5.73744855662878 -6.67483277678289 -7.06526137521254 -7.18023988277711 -8.3170824683234 -8.81800335421422 -9.27202284811507 -10.7841849016008 -11.4539061913533 -12.7293245473092 -13.8390968729134 -14.5792276028966 -15.8259698360325 -16.512947779251 -17.209000122224 -18.5661900355189 -19.0081719303071 -19.5100040796564 -20.601105063069 -20.5665216589481 -20.6766889503507 -21.2982152363505 -20.4313933957487 -9999 -9999 -9999 -9999 -9999 -9999 -9999 -9999 -9999 -9999 -9999 -9999 -9999 -9999 -9999 -9999 -9999 -9999 -9999 -9999 -9999 -9999 -9999 -9999
-0.792518820139407 -1.47955411560352 -2.00070759926176 -2.33212073692793 -2.58685392217351 -3.43047996564983 -3.49126060108467 -4.13426848931254 -5.0716781993536 -4.96878827067558 -5.64919619553241 -6.58105548268988 -6.86544615140305 -7.460214428576 -8.40212947613567 -8.50095376784499 -9.17781222594389 -10.3156489170813 -10.835502416505 -11.6658163665211 -12.8821045572222 -13.2234396333841 -14.429646573796 -15.6374211422554 -15.8055651815281 -16.7008592258543 -17.833973915434 -18.336080081068 -19.1103417696787 -20.0526965177883 -20.2169342318858 -20.6480255724742 -9999 -9999 -9999 -9999 -9999 -9999 -9999 -9999 -9999 -9999 -9999 -9999 -9999 -9999 -9999 -9999 -9999 -9999 -9999 -9999 -9999 -9999 -9999 -9999 -9999 -9999 -9999
-2.20693990211119 -2.61265606023974 -3.39132112682124 -3.80660873749992 -3.81513510468505 -4.66094690596742 -5.04692751912411 -5.49737205638006 -6.39402980965809 -7.0344632193039 -7.15815926820574 -8.10947371157862 -8.75009192290482 -9.19980999838267 -10.1986375910324 -11.1934823888459 -11.0459341782296 -12.230430107431 -13.2841565441015 -13.5181409613689 -14.8124282061403 -15.6367775226098 -16.0860112902356 -17.2457310493205 -17.9476396938206 -17.9880921444119 -19.0750191588363 -19.959072163017 -19.9995883383257 -9999 -9999 -9999 -9999 -9999 -9999 -9999 -9999 -9999 -9999 -9999 -9999 -9999 -9999 -9999 -9999 -9999 -9999 -9999 -9999 -9999 -9999 -9999 -9999 -9999 -9999 -9999 -9999 -9999 -9999
-2.62584070426518 -3.36196314952533 -3.72253034539179 -3.89350376211614 -4.737238137612 -5.16416188168385 -5.48533445726742 -6.44190618982395 -6.88200820544951 -7.57240179351943 -8.39624768472171 -8.84876327529244 -9.71978457476942 -10.4820022917957 -10.9664567107162 -11.5437006906103 -12.4494965683602 -12.9819739342965 -13.9232071273802 -14.8837043025272 -15.4405691178039 -16.6517975659452 -17.4280793280968 -17.9942288346954 -19.117746581838 -19.3467286087913 -9999 -9999 -9999 -9999 -9999 -9999 -9999 -9999 -9999 -9999 -9999 -9999 -9999 -9999 -9999 -9999 -9999 -9999 -9999 -9999 -9999 -9999 -9999 -9999 -9999 -9999 -9999 -9999 -9999 -9999 -9999 -9999 -9999
-3.57959580431363 -3.84432102524404 -4.48520688038323 -4.51877706149779 -5.26805866089644 -6.22160346937753 -6.75267251905974 -7.02994513684182 -8.05876158148945 -8.76381822702797 -9.0315321372034 -10.132523196753 -10.9303694032652 -11.2216487139269 -12.3524119614353 -12.2831495661175 -13.2282381046026 -14.3409417672062 -14.5476010256621 -15.4998713397956 -16.6556337939313 -17.0080952057474 -18.0264161894429 -19.0330755498583 -19.8657218245304 -19.9943629115008 -9999 -9999 -9999 -9999 -9999 -9999 -9999 -9999 -9999 -9999 -9999 -9999 -9999 -9999 -9999 -9999 -9999 -9999 -9999 -9999 -9999 -9999 -9999 -9999 -9999 -9999 -9999 -9999 -9999 -9999 -9999 -9999 -9999
-4.37422391259824 -5.04985248365174 -5.61285398921192 -6.37573444329896 -6.5479887268426 -7.53528851811866 -8.24968720722475 -8.41639744035653 -9.51048711301413 -10.4679955989161 -10.6168629111821 -11.7554069466824 -12.7875179592185 -12.8277792356577 -13.9109783541154 -14.0099046053726 -15.0456351818557 -16.1372013557051 -16.2239880483018 -16.8884393039273 -18.1282227979255 -19.0574120194248 -19.3719699693446 -20.3549683421977 -20.895997565206 -9999 -9999 -9999 -9999 -9999 -9999 -9999 -9999 -9999 -9999 -9999 -9999 -9999 -9999 -9999 -9999 -9999 -9999 -9999 -9999 -9999 -9999 -9999 -9999 -9999 -9999 -9999 -9999 -9999 -9999 -9999 -9999 -9999 -9999
-5.31832471796396 -5.98730042852323 -6.26245101321663 -6.76047242446677 -7.44679400309626 -7.89356799663126 -8.59838886071548 -9.57066236363388 -10.0417600817919 -10.9906912207349 -11.9380865939891 -12.2853353239236 -13.3513223962176 -14.1665973129326 -14.428212767655 -15.5455173548533 -16.2088088206224 -16.6447623571467 -17.6338336955659 -17.8944295548102 -18.6721068882723 -19.972632782875 -20.326406923869 -20.8084589209443 -9999 -9999 -9999 -9999 -9999 -9999 -9999 -9999 -9999 -9999 -9999 -9999 -9999 -9999 -9999 -9999 -9999 -9999 -9999 -9999 -9999 -9999 -9999 -9999 -9999 -9999 -9999 -9999 -9999 -9999 -9999 -9999 -9999 -9999 -9999
-6.37294330067782 -6.63382592115035 -7.10038006695938 -7.23815927840169 -8.03311875521666 -9.08197025100784 -9.19687228891156 -10.1133101944636 -11.3270748863565 -11.3475815004087 -12.350646786764 -13.6122878588227 -14.4742220136017 -14.7816045603447 -15.8149135975674 -16.0127087478361 -16.8752865222605 -17.9394192052789 -18.694276717448 -18.9361629996703 -19.8595468994165 -20.2099691202765 -20.9455435329672 -21.3581865678747 -9999 -9999 -9999 -9999 -9999 -9999 -9999 -9999 -9999 -9999 -9999 -9999 -9999 -9999 -9999 -9999 -9999 -9999 -9999 -9999 -9999 -9999 -9999 -9999 -9999 -9999 -9999 -9999 -9999 -9999 -9999 -9999 -9999 -9999 -9999
-7.62239383430223 -7.9113918000818 -8.81119118192655 -8.56297066279696 -9.36843834550752 -10.4399184884395 -11.2231143824266 -11.5092638533393 -12.6958754431576 -12.7357734887078 -13.7520871438059 -15.0487449480637 -15.2685569881863 -16.3841728703741 -17.5667825479411 -18.2533717703835 -18.3693380110675 -19.4499881408301 -20.1737416184472 -20.3647373413717 -21.207681530372 -21.7056901966787 -21.6975780401565 -9999 -9999 -9999 -9999 -9999 -9999 -9999 -9999 -9999 -9999 -9999 -9999 -9999 -9999 -9999 -9999 -9999 -9999 -9999 -9999 -9999 -9999 -9999 -9999 -9999 -9999 -9999 -9999 -9999 -9999 -9999 -9999 -9999 -9999 -9999 -9999
-8.12038975566541 -8.83240514034158 -9.23861197879394 -9.6998387382302 -10.458933944105 -10.9542151925079 -11.5427703097365 -12.6084833657458 -13.1445866681009 -13.8261225204553 -14.9457530598379 -15.5570961360008 -16.6375104843091 -17.5432872446439 -18.0251480675671 -19.205935218217 -19.6110842263609 -20.1043326562795 -21.2643965288382 -21.3115655646411 -21.6241990280961 -22.6042788088933 -9999 -9999 -9999 -9999 -9999 -9999 -9999 -9999 -9999 -9999 -9999 -9999 -9999 -9999 -9999 -9999 -9999 -9999 -9999 -9999 -9999 -9999 -9999 -9999 -9999 -9999 -9999 -9999 -9999 -9999 -9999 -9999 -9999 -9999 -9999 -9999 -9999
-9.04910741425616 -9.31772621541835 -10.2650897263138 -10.2560408164462 -11.1509652574115 -12.3355695186324 -12.3902262087273 -13.1866386090984 -14.4027419981191 -15.2680599353908 -15.5643352638949 -16.8590494642727 -17.7540312574837 -18.0597951964053 -19.1241445434627 -19.3600598196667 -20.2517980247632 -21.1294721847344 -21.3262031322228 -21.5867225218063 -22.0756376709431 -22.1699884874926 -9999 -9999 -9999 -9999 -9999 -9999 -9999 -9999 -9999 -9999 -9999 -9999 -9999 -9999 -9999 -9999 -9999 -9999 -9999 -9999 -9999 -9999 -9999 -9999 -9999 -9999 -9999 -9999 -9999 -9999 -9999 -9999 -9999 -9999 -9999 -9999 -9999
-10.2301494637756 -10.506638267534 -11.2967228034695 -11.5567387677857 -12.5368504109416 -13.7648639496401 -13.8896305737939 -14.8538301550206 -15.9541712224529 -16.7936169244693 -17.0459604328132 -18.343395678623 -19.1957392634366 -19.392858931701 -20.5667000881568 -20.7153634813272 -21.3481499248877 -22.0945702844761 -22.4538438685797 -22.3623351744254 -22.5492142806072 -9999 -9999 -9999 -9999 -9999 -9999 -9999 -9999 -9999 -9999 -9999 -9999 -9999 -9999 -9999 -9999 -9999 -9999 -9999 -9999 -9999 -9999 -9999 -9999 -9999 -9999 -9999 -9999 -9999 -9999 -9999 -9999 -9999 -9999 -9999 -9999 -9999 -9999
-10.4985962082009 -11.4168438957265 -11.9499776262517 -12.7530237697019 -13.6614004985057 -14.3863201384509 -15.1941392632327 -16.0876362705288 -16.4421177558856 -17.3816431265437 -18.427646127468 -18.8371411613371 -19.8353251343413 -20.6008437917277 -21.0865535875805 -22.0876051728667 -22.246865986537 -22.4104409635738 -22.9526172314949 -22.4281309451179 -9999 -9999 -9999 -9999 -9999 -9999 -9999 -9999 -9999 -9999 -9999 -9999 -9999 -9999 -9999 -9999 -9999 -9999 -9999 -9999 -9999 -9999 -9999 -9999 -9999 -9999 -9999 -9999 -9999 -9999 -9999 -9999 -9999 -9999 -9999 -9999 -9999 -9999 -9999
-11.566769038301 -11.9410752832341 -12.9094743233359 -13.8310739309956 -14.1335305570853 -15.492619466958 -16.3242334012087 -16.5792788375694 -17.7510871755408 -17.9969817424861 -18.913521607586 -20.1724416342127 -20.2033481221409 -21.2800536918979 -22.2509889757513 -22.1751119547697 -22.6415896309179 -22.9629724980688 -23.1255087622124 -9999 -9999 -9999 -9999 -9999 -9999 -9999 -9999 -9999 -9999 -9999 -9999 -9999 -9999 -9999 -9999 -9999 -9999 -9999 -9999 -9999 -9999 -9999 -9999 -9999 -9999 -9999 -9999 -9999 -9999 -9999 -9999 -9999 -9999 -9999 -9999 -9999 -9999 -9999 -9999
-12.6614959581324 -13.041110472023 -14.0168952068689 -15.0617766527675 -15.4005372503473 -16.7379087765377 -17.6487898867344 -17.9542543194844 -19.2361343617823 -19.4154174816527 -20.4113009923595 -21.6535315155051 -21.6657411713546 -22.4983747010833 -23.4336432606205 -23.4985277678544 -23.542790956545 -23.9239412361244 -9999 -9999 -9999 -9999 -9999 -9999 -9999 -9999 -9999 -9999 -9999 -9999 -9999 -9999 -9999 -9999 -9999 -9999 -9999 -9999 -9999 -9999 -9999 -9999 -9999 -9999 -9999 -9999 -9999 -9999 -9999 -9999 -9999 -9999 -9999 -9999 -9999 -9999 -9999 -9999 -9999
