Results/Mess_RCP2.6.asc
NCOLS 581 
NROWS 855 
XLLCORNER -74.916666667 
YLLCORNER -55.833333333 
CELLSIZE 0.0833333333339071 
NODATA_value -9999 
[rows 676 to 701 of 855, columns 177 to 235 of 581]
0.31959629941127 0.134566862910008 -0.282784805835247 -0.792098237004714 -1.361293785094 -2.40138950471748 -2.94944756405258 -3.47875781153517 -4.44103290629701 -4.81735285229923 -5.23088803325003 -6.01994660123583 -6.51845869280977 -6.87850971846547 -7.68956605889005 -7.85495719037211 -8.53659500227433 -9.24795402236151 -9.82760679657248 -10.2717043519776 -11.1868550182387 -11.5424070788475 -12.3343587490022 -13.257729903805 -13.5220217966572 -14.0899492228707 -15.1756973300236 -15.8898156303732 -16.614282824825 -17.8435644853993 -18.6814106970095 -19.457061584459 -20.6535759953578 -21.3345319527841 -22.2395695063973 -23.6515626766369 -24.603699168864 -25.1275482080673 -26.0826861344829 -26.6729235842503 -26.8937934546813 -27.3802042224253 -27.4733952491184 -27.7232280035976 -27.4631228246771 -27.317562825243 -26.7344752887654 -25.7055760019852 -25.2804747848303 -24.3510752717636 -22.9219528974928 -22.5870412728426 -21.3833896935975 -9999 -9999 -9999 -9999 -9999 -9999
0.0336417157275021 -0.0788147304527297 -1.01114558051879 -1.72994764759569 -2.0590412055493 -3.11023777093997 -3.67931224206624 -3.99924855813268 -4.89472740413923 -5.34462390882573 -5.78768275133761 -6.56010916808783 -6.91932539994588 -7.33069394050584 -8.14807814536602 -8.45823908978672 -8.93249755392672 -9.63713361633055 -10.1979111292542 -10.5401192340442 -11.4739731048556 -12.1845610558625 -12.5681265022306 -13.5449563224415 -13.9604096173853 -14.5919916637874 -15.7632073618872 -16.5880218687936 -17.4565451593494 -18.7059956929738 -20.064708627014 -20.4855211706893 -21.9031093711148 -22.7963833419001 -23.5378586634199 -24.8876883718577 -25.6584260835974 -26.0792386272727 -27.050008226861 -27.7225652665369 -27.6004241007391 -27.9958232271242 -28.0081412149933 -27.854711212963 -27.5923183166887 -26.9675293251591 -26.3981043680872 -25.2593627859631 -24.1252476183206 -23.4907597248061 -22.0182344455293 -9999 -9999 -9999 -9999 -9999 -9999 -9999 -9999
-0.0694471969982089 -0.741073855800396 -1.20925298190256 -2.02181959812899 -2.66549659588932 -3.14934562999466 -3.92560827473102 -4.55020609210847 -5.02785471121296 -5.79268514165176 -6.27373666066422 -6.63958026312955 -7.37576643310708 -7.85092341576211 -8.15403640644084 -8.69164998459773 -9.26585429547291 -9.56855944796042 -10.0328131314721 -10.8589977198022 -11.311608897449 -11.704822266028 -12.9023244100461 -13.430047912066 -13.9263997357209 -15.3067153489521 -16.0442206205793 -17.0476682552389 -18.2830866060967 -19.0479170365355 -20.2773898712621 -21.4388556876031 -22.3272993248111 -23.4662448260309 -24.4865667658521 -25.1863661222069 -26.41373604126 -26.9456207673246 -27.4181841539824 -28.6666214646005 -28.2147749835622 -28.3042062519301 -28.964610988002 -27.9974482074173 -27.7522864747219 -27.6343575127427 -26.140956016053 -25.3877617190074 -24.5265986333087 -23.026442316577 -9999 -9999 -9999 -9999 -9999 -9999 -9999 -9999 -9999
-0.399777014468952 -0.916367808362951 -1.73795147209832 -2.01396234047632 -2.75880232707374 -3.65432578038245 -4.16636025698394 -4.5928124381472 -5.46795672683852 -5.67451402574657 -6.27331607752953 -6.93966632973284 -7.21753795985827 -7.69140133075053 -8.49885722464327 -8.69644845581628 -9.26842240158323 -9.94955041574643 -10.3449049348294 -10.7441976414463 -11.756171643291 -12.3444782341218 -12.9410435483248 -14.1185552485015 -14.7961337959068 -15.3663871743046 -16.9210281243942 -17.7302300755431 -18.5851290215235 -20.0598145687194 -21.0220259387639 -21.8675318614028 -23.3766924807 -23.8853495472805 -24.944715621439 -26.0634030350044 -26.4492498262546 -27.1878639079642 -27.9143256860699 -28.3236868980324 -28.3723916995242 -28.3116747888067 -28.3418356975416 -27.9659681970327 -27.2260732485038 -26.9315121148972 -26.0524360111437 -24.6226190374534 -9999 -9999 -9999 -9999 -9999 -9999 -9999 -9999 -9999 -9999 -9999
-1.08093689099084 -1.45110102929438 -2.31984098388924 -2.79524649294204 -3.19950335504265 -4.09804098748332 -4.74905907268556 -4.93451074519812 -5.78375093627541 -6.17354228753128 -6.67158918866837 -7.15574410141712 -7.47782156798746 -7.85802872174972 -8.5321342720579 -9.2450672926643 -9.4201828160182 -10.2367322270807 -10.6666000530954 -11.1246278317193 -12.1919913579087 -12.7412155795718 -13.4992657000817 -14.7468873343173 -15.4902807698303 -16.3199447277291 -17.7713452631952 -18.902707523047 -19.7477355103056 -21.2466938023507 -22.6875925043929 -23.1357047169928 -24.7084753491764 -25.7050662042461 -26.0852542405932 -27.1477300809597 -27.8317639422353 -27.9078767446712 -28.4684630834428 -28.6532902537251 -28.5483165267888 -28.4153039242063 -28.3405165958919 -27.5982128530461 -26.7756159663044 -26.2664682194001 -25.3319324941128 -9999 -9999 -9999 -9999 -9999 -9999 -9999 -9999 -9999 -9999 -9999 -9999
-1.33765828741861 -1.96141493852668 -2.30060886418466 -3.04302093904998 -3.72822096265362 -4.15139132087192 -4.77047057772446 -5.42417784600004 -5.82833274855284 -6.23853512678479 -6.86897650074577 -7.16425135118705 -7.73186015381362 -8.21648025699924 -8.56529661498125 -9.00694714123908 -9.89185405663267 -10.3984719322571 -10.8225089466317 -11.8447298830307 -12.3371562640951 -12.7787876729377 -14.2771278352242 -14.9739066399754 -15.581464467926 -17.2811110124086 -18.1648007857003 -19.2682133845102 -20.7938787056082 -21.8307499545324 -23.2312216958702 -24.3046008353801 -25.0339684605982 -26.2771357370891 -26.8595796539213 -27.3851173981351 -28.6394938524128 -28.6418580394275 -28.8448148918037 -29.6678897139257 -28.9702442530182 -28.7627119659343 -28.965267352591 -27.4773079467654 -26.8343446658397 -9999 -9999 -9999 -9999 -9999 -9999 -9999 -9999 -9999 -9999 -9999 -9999 -9999 -9999
-1.37124758594839 -2.04910014963838 -2.84274052480364 -3.38903978193911 -3.79513828837193 -4.62228511993438 -4.82057732299854 -5.43994971355102 -6.24464632718131 -6.4750175529734 -6.8215207037146 -7.52731655597471 -7.69163073973309 -8.18377673204101 -8.9348553684697 -9.4027541058154 -9.88928595052234 -10.9860074540076 -11.35129027896 -12.1013556923824 -13.3026685744997 -13.9019804240217 -14.6760700558955 -16.1346714844252 -16.9090223876403 -17.8045139785903 -19.351329533386 -20.0361280912701 -21.3854097671384 -22.830138324695 -23.9351376689677 -24.7190154174307 -25.9064809184618 -26.6944179314218 -27.2163870914624 -27.9352528832567 -28.2748673920494 -28.8094922809613 -28.8332616005431 -29.0679533621734 -28.9188630133966 -28.3207300711461 -28.1486860791698 -27.3195446639534 -9999 -9999 -9999 -9999 -9999 -9999 -9999 -9999 -9999 -9999 -9999 -9999 -9999 -9999 -9999
-2.37618000652286 -2.60077777292054 -3.51690342735745 -4.05767775149629 -4.27105359516375 -5.11195859320804 -5.48254968711801 -5.90644013464268 -6.70565642257848 -7.12323812308276 -7.26951183935152 -7.98177575042546 -8.5700122440672 -8.75485853176467 -9.52627809798032 -10.3466892269159 -10.6146261736022 -11.7073330198927 -12.7217349334695 -13.1389534030847 -14.4254917222229 -15.6952768131626 -16.0474833261091 -17.4946971476434 -18.4647466579253 -19.3181990528213 -21.0468722060694 -22.364361620438 -22.8187825800583 -24.2668503128055 -25.5708364595618 -25.920423886624 -27.0617399473302 -27.8807427600118 -28.066908149359 -28.7026769096928 -29.2227088383252 -29.0472300840822 -29.1968111131829 -28.844247741819 -28.648115806674 -27.9181427966408 -9999 -9999 -9999 -9999 -9999 -9999 -9999 -9999 -9999 -9999 -9999 -9999 -9999 -9999 -9999 -9999 -9999
-2.43211119096526 -3.18306875043094 -3.59678873306213 -4.10808400294204 -4.84535349311499 -5.23617081232064 -5.5314775251206 -6.32070814984332 -6.69154777015106 -7.06839025883578 -7.79169766343128 -8.11794909898985 -8.41325581178981 -9.23540025303811 -9.75732480577662 -9.97078349157668 -11.215473788813 -11.9174270406152 -12.4315899227771 -13.9245772088039 -14.8028057738163 -15.9120937915684 -17.2276905818309 -18.0695387056924 -19.3729003502183 -20.5911193998559 -21.6099438088187 -23.0784161960703 -24.0699345636367 -24.8379002501705 -26.2489311771778 -26.8391813718887 -27.426844343074 -28.8301327169199 -28.7808607654435 -29.0390032230688 -29.9455892873142 -29.2644931355097 -29.3416892581411 -29.5839069088937 -9999 -9999 -9999 -9999 -9999 -9999 -9999 -9999 -9999 -9999 -9999 -9999 -9999 -9999 -9999 -9999 -9999 -9999 -9999
-2.99402300385828 -3.38363592590549 -4.11247463596937 -4.44040203159497 -5.05886315868895 -5.88635410372523 -5.96059339947024 -6.55612637325173 -7.34645943558508 -7.4682628603808 -8.01304546924269 -8.78408905962582 -8.91400464094372 -9.52597859180865 -10.5517362500221 -10.7892956239344 -11.596076035823 -12.8902422036313 -13.4468839823972 -14.3305482658019 -15.9349773375788 -16.7602761523373 -17.7633605561078 -19.335825309648 -20.22776743384 -21.1806558777321 -22.8356377678047 -23.7034600864693 -24.6616440543755 -25.9119484992128 -26.721265154853 -27.3199843645033 -28.0402839624386 -28.4861275750999 -28.9931086816133 -29.1655031595352 -29.5269816188602 -29.2917354521887 -28.9522165304721 -9999 -9999 -9999 -9999 -9999 -9999 -9999 -9999 -9999 -9999 -9999 -9999 -9999 -9999 -9999 -9999 -9999 -9999 -9999 -9999
-4.13085921693283 -4.20481812392138 -4.97804747211056 -5.38614693466904 -5.86676512560333 -6.60344197590466 -7.08014109672023 -7.45850660615028 -8.22998352461157 -8.7076894959617 -9.05191130182078 -9.74354114940783 -10.3644238157622 -10.4603167704721 -11.3118892862054 -12.4414608814989 -12.7070909934161 -14.1759648463871 -14.8812700183234 -15.6848132145692 -17.402436501824 -18.8962585816484 -19.1981161953948 -20.7332255196082 -21.8254735479335 -22.5884049817945 -24.1509796591977 -25.2179608370828 -25.9119102643824 -27.0573939216051 -27.9364827703021 -28.2280106073616 -28.9532106360632 -29.4632760188977 -29.3135611678905 -29.3754251235208 -29.1347050036266 -9999 -9999 -9999 -9999 -9999 -9999 -9999 -9999 -9999 -9999 -9999 -9999 -9999 -9999 -9999 -9999 -9999 -9999 -9999 -9999 -9999 -9999
-4.36543627407185 -4.97228038518788 -5.3432347099869 -5.63982866207789 -6.51004065764418 -6.92316800040376 -7.44042153135849 -8.31465455659131 -8.69592591313378 -9.14387244146853 -9.73482360807056 -10.0619735621442 -10.45370851728 -11.4330427188839 -11.8715006368011 -12.2086681164465 -13.7829745143189 -14.4873174430228 -15.1058040600037 -16.7713323908023 -17.9293124651028 -19.3346527748482 -20.5738691188618 -21.4644985138759 -22.9696699658652 -23.8315977481724 -24.5995570622344 -25.95366907168 -26.9401850489323 -27.5120952699819 -28.7548547082816 -28.8414183643675 -29.1694413470692 -30.0552977607517 -29.3956258589295 -9999 -9999 -9999 -9999 -9999 -9999 -9999 -9999 -9999 -9999 -9999 -9999 -9999 -9999 -9999 -9999 -9999 -9999 -9999 -9999 -9999 -9999 -9999 -9999
-4.75962463082678 -5.50971553413612 -6.07792972157779 -6.44895414356593 -6.95090736987827 -7.84871854054084 -7.96207206781228 -8.75709526934462 -9.70832687058491 -9.62205634819899 -10.3053382578096 -11.2470812486323 -11.5311150589282 -12.0948239088512 -13.2033790923536 -13.4568887630255 -14.575888427706 -15.944861041244 -16.6382560635024 -17.6265818227283 -19.3522790316749 -19.8583297573146 -21.2494275927262 -22.6617457590245 -23.200098543903 -24.4444638450806 -25.5980086790516 -26.0384994154532 -27.1001723243807 -28.0576808102827 -28.309068447866 -28.9305692439789 -9999 -9999 -9999 -9999 -9999 -9999 -9999 -9999 -9999 -9999 -9999 -9999 -9999 -9999 -9999 -9999 -9999 -9999 -9999 -9999 -9999 -9999 -9999 -9999 -9999 -9999 -9999
-6.17625058801983 -6.64198268497469 -7.44397099811643 -7.91606282186558 -8.154081013743 -9.05003142265814 -9.48990402930113 -10.0993162465275 -11.0917777399111 -11.7615882442681 -11.8936832109203 -12.8447045205932 -13.4284994014337 -13.8505928119283 -14.9983960488636 -16.1427007988148 -16.4348340206894 -17.8485413858265 -19.0716927285892 -19.4603242899888 -21.067028334176 -22.0642373190043 -22.6847185196391 -24.2443682325147 -25.3161542540901 -25.6971515943478 -26.795211316898 -27.4541376395269 -27.7556065324972 -9999 -9999 -9999 -9999 -9999 -9999 -9999 -9999 -9999 -9999 -9999 -9999 -9999 -9999 -9999 -9999 -9999 -9999 -9999 -9999 -9999 -9999 -9999 -9999 -9999 -9999 -9999 -9999 -9999 -9999
-6.64287483101798 -7.41871052014791 -7.79658534925415 -8.16959160995273 -9.09300737205765 -9.55969533977318 -9.95176803591117 -10.9358688463749 -11.4793960783044 -12.2029392643542 -13.0405305770949 -13.6320361487381 -14.5104622603744 -15.2406328170314 -15.7702553156292 -16.7245775656623 -17.8820350972802 -18.6122884960699 -19.7024718435522 -20.8198401554679 -21.6564309901457 -23.0203056262935 -23.9425297361835 -24.6865094390963 -26.1403633761814 -26.6243908394954 -9999 -9999 -9999 -9999 -9999 -9999 -9999 -9999 -9999 -9999 -9999 -9999 -9999 -9999 -9999 -9999 -9999 -9999 -9999 -9999 -9999 -9999 -9999 -9999 -9999 -9999 -9999 -9999 -9999 -9999 -9999 -9999 -9999
-7.60778175660752 -7.86691831982391 -8.54138710102114 -8.82248320184588 -9.64219973136208 -10.651860525966 -11.2237962369025 -11.5249018989838 -12.661285666565 -13.4011105179048 -13.6887702646194 -14.9395590173088 -15.7566564609408 -16.0313800900277 -17.2101153047781 -17.545715156376 -18.5808276031005 -19.9918521576361 -20.3482899918165 -21.4122697355131 -22.7964534390892 -23.2718844380289 -24.4158578194498 -25.5311996853528 -26.4895238476373 -26.833000074303 -9999 -9999 -9999 -9999 -9999 -9999 -9999 -9999 -9999 -9999 -9999 -9999 -9999 -9999 -9999 -9999 -9999 -9999 -9999 -9999 -9999 -9999 -9999 -9999 -9999 -9999 -9999 -9999 -9999 -9999 -9999 -9999 -9999
-8.368610274795 -9.05122944734484 -9.82029757148926 -10.6073743007646 -10.97516150711 -11.9947506126813 -12.739437659957 -13.0010212523207 -14.1481872420822 -15.1118196733242 -15.290070452773 -16.4678370518193 -17.528509482684 -17.6103511372122 -19.0200438451545 -19.1899976664008 -20.296418071871 -21.4850943425323 -21.8376577138962 -22.8511165016558 -24.1985182983614 -25.2449100200618 -25.650027165847 -26.7063790608735 -27.3393184437557 -9999 -9999 -9999 -9999 -9999 -9999 -9999 -9999 -9999 -9999 -9999 -9999 -9999 -9999 -9999 -9999 -9999 -9999 -9999 -9999 -9999 -9999 -9999 -9999 -9999 -9999 -9999 -9999 -9999 -9999 -9999 -9999 -9999 -9999
-9.31004738697434 -9.99244352301335 -10.462311354126 -11.0885851315705 -11.8849019448656 -12.3883590745081 -13.1596575637607 -14.1457465854066 -14.6768921047497 -15.6480058178118 -16.6201964785976 -17.0160671678913 -18.1135661129286 -18.9471555134179 -19.5541653087991 -20.8242626508539 -21.5681786290494 -22.0830106207437 -23.3245592894133 -23.7040208639823 -24.6747777186271 -26.039474403629 -26.4616187938976 -26.9110755980342 -9999 -9999 -9999 -9999 -9999 -9999 -9999 -9999 -9999 -9999 -9999 -9999 -9999 -9999 -9999 -9999 -9999 -9999 -9999 -9999 -9999 -9999 -9999 -9999 -9999 -9999 -9999 -9999 -9999 -9999 -9999 -9999 -9999 -9999 -9999
-10.3353717171097 -10.5897544164097 -11.3095059817755 -11.5558466217424 -12.4470304217977 -13.5272982032561 -13.6800909581126 -14.6681873083559 -15.905421813659 -15.9627421969402 -16.9915905039465 -18.2815954477101 -19.1869962322124 -19.5491501735415 -20.8996935988139 -21.273196912308 -22.1974347232671 -23.3435811175506 -24.3252030365083 -24.6377727752459 -25.6454198687806 -26.0787670643641 -26.8726241035685 -27.3273445693605 -9999 -9999 -9999 -9999 -9999 -9999 -9999 -9999 -9999 -9999 -9999 -9999 -9999 -9999 -9999 -9999 -9999 -9999 -9999 -9999 -9999 -9999 -9999 -9999 -9999 -9999 -9999 -9999 -9999 -9999 -9999 -9999 -9999 -9999 -9999
-11.5765953897206 -11.8595841146515 -12.8411486813635 -12.8695189255401 -13.7649531642445 -14.8653579563942 -15.6921288121241 -16.026441424431 -17.2782497725983 -17.3571983249576 -18.3990146119502 -19.7225323845827 -19.967165202124 -21.048631008269 -22.3865441945572 -23.5048683772335 -23.6766447253968 -24.8306420048612 -25.7629664824555 -26.0122703217805 -26.9677332442547 -27.5234956219207 -27.5508717605062 -9999 -9999 -9999 -9999 -9999 -9999 -9999 -9999 -9999 -9999 -9999 -9999 -9999 -9999 -9999 -9999 -9999 -9999 -9999 -9999 -9999 -9999 -9999 -9999 -9999 -9999 -9999 -9999 -9999 -9999 -9999 -9999 -9999 -9999 -9999 -9999
-11.9846884798074 -12.7065365883749 -13.2868520996466 -13.7887097388829 -14.7535656846985 -15.3393424042495 -15.971300426484 -17.0879677665086 -17.6930594478967 -18.4179918327853 -19.5621372709431 -20.1966570268163 -21.2245430905902 -22.158435196232 -22.8508998376167 -24.0782506392545 -24.8480643425922 -25.4134109177519 -26.6736946533305 -26.7841487059613 -27.3096800777034 -28.344110669952 -9999 -9999 -9999 -9999 -9999 -9999 -9999 -9999 -9999 -9999 -9999 -9999 -9999 -9999 -9999 -9999 -9999 -9999 -9999 -9999 -9999 -9999 -9999 -9999 -9999 -9999 -9999 -9999 -9999 -9999 -9999 -9999 -9999 -9999 -9999 -9999 -9999
-12.8772997135319 -13.1559424127376 -14.279855253128 -14.3130558308817 -15.2323039964702 -16.4614645800815 -16.5538335579205 -17.6297425687102 -18.9182499816154 -19.7404071678072 -20.0626885534731 -21.3795853279701 -22.2930600341641 -22.6269074560341 -23.8932514122353 -24.2213444921261 -25.1487239316519 -26.0882556747817 -26.3618832387297 -26.9986269872394 -27.5797645473652 -27.8778369128994 -9999 -9999 -9999 -9999 -9999 -9999 -9999 -9999 -9999 -9999 -9999 -9999 -9999 -9999 -9999 -9999 -9999 -9999 -9999 -9999 -9999 -9999 -9999 -9999 -9999 -9999 -9999 -9999 -9999 -9999 -9999 -9999 -9999 -9999 -9999 -9999 -9999
-14.0200686977943 -14.3247365715771 -15.1834590006002 -15.5674067952725 -16.5799861819323 -17.8603177135979 -18.0260465860821 -19.0189222901287 -20.3489845912359 -21.2315018297278 -21.5053715476019 -22.8189673817387 -23.7007517859808 -23.9486154466931 -25.1538920062313 -25.5030269878002 -26.183288345807 -27.0037313371013 -27.4519582541925 -27.4200704056167 -28.0323693525403 -9999 -9999 -9999 -9999 -9999 -9999 -9999 -9999 -9999 -9999 -9999 -9999 -9999 -9999 -9999 -9999 -9999 -9999 -9999 -9999 -9999 -9999 -9999 -9999 -9999 -9999 -9999 -9999 -9999 -9999 -9999 -9999 -9999 -9999 -9999 -9999 -9999 -9999
-14.2531800864337 -15.1839369359805 -15.7660813466409 -16.6939323490753 -17.663064223427 -18.453696791932 -19.2957297174739 -20.2318585606957 -20.8150799190798 -21.779387832326 -22.8399519311712 -23.2714829723094 -24.2711326138133 -25.0779512605323 -25.5792736121426 -26.7739527511809 -27.0273031100593 -27.2701834978727 -27.9144340180894 -27.4803284983691 -9999 -9999 -9999 -9999 -9999 -9999 -9999 -9999 -9999 -9999 -9999 -9999 -9999 -9999 -9999 -9999 -9999 -9999 -9999 -9999 -9999 -9999 -9999 -9999 -9999 -9999 -9999 -9999 -9999 -9999 -9999 -9999 -9999 -9999 -9999 -9999 -9999 -9999 -9999
-15.2918292549727 -15.6126577170824 -16.6050299958617 -17.6278117097737 -18.0870757479147 -19.5290004179067 -20.4142833091328 -20.7150703476273 -22.0455341144539 -22.3124323482469 -23.2518748767723 -24.5000509160492 -24.604718764342 -25.5726653589505 -26.5618641468044 -26.6148448768322 -27.2995605925838 -27.7742460123302 -28.0535896834271 -9999 -9999 -9999 -9999 -9999 -9999 -9999 -9999 -9999 -9999 -9999 -9999 -9999 -9999 -9999 -9999 -9999 -9999 -9999 -9999 -9999 -9999 -9999 -9999 -9999 -9999 -9999 -9999 -9999 -9999 -9999 -9999 -9999 -9999 -9999 -9999 -9999 -9999 -9999 -9999
-16.3849949192283 -16.7110679255782 -17.7096469918301 -18.8316608356426 -19.2560228460759 -20.6661807444551 -21.6466173836696 -21.9835490818606 -23.3760807234132 -23.5909158631086 -24.5986266813607 -25.841398864604 -26.0336818268194 -26.7807712959403 -27.7333347437737 -27.9346092636112 -28.1739274397231 -28.614775034542 -9999 -9999 -9999 -9999 -9999 -9999 -9999 -9999 -9999 -9999 -9999 -9999 -9999 -9999 -9999 -9999 -9999 -9999 -9999 -9999 -9999 -9999 -9999 -9999 -9999 -9999 -9999 -9999 -9999 -9999 -9999 -9999 -9999 -9999 -9999 -9999 -9999 -9999 -9999 -9999 -9999
