Results/Mess_RCP4.5.asc
NCOLS 581 
NROWS 855 
XLLCORNER -74.916666667 
YLLCORNER -55.833333333 
CELLSIZE 0.0833333333339071 
NODATA_value -9999 
[rows 81 to 107 of 855, columns 177 to 235 of 581]
-3.00953997253974 -2.98187070025435 -2.90341282821894 -2.73599525072426 -2.85444675538592 -2.87718373454628 -2.82374418655335 -3.12353074698496 -3.24998607614925 -3.30283935674231 -3.46954321740235 -3.58697512658596 -3.72312935773514 -3.7648308127871 -3.80595874538267 -3.8938351306465 -3.96261959058398 -3.99272314707321 -4.03330304709932 -4.09561307575123 -4.13561945332094 -4.21366948716514 -4.26113165666805 -4.30350859372421 -4.39777019566929 -4.4287149184279 -4.46261646807283 -4.53644792562663 -4.54145668841251 -4.58176894462564 -4.63866237230045 -4.62632526701612 -4.59295900499716 -4.62836445797221 -4.61821948296568 -4.611018589902 -4.68371574748647 -4.67418252976677 -4.64331427666902 -4.62782917034624 -4.52114124851251 -4.49668370198295 -4.48302112257717 -4.44924702236699 -4.43826088109108 -4.42067285909484 -4.40175936297714 -4.37132443795755 -4.3918820317836 -4.35868145402982 -4.35455209234374 -4.36948916609707 -4.31714568324304 -4.31195849124849 -4.31501727768262 -4.30619777679755 -4.33066806827058 -4.33656897709976 -4.32961023796211
-9999 -2.94499957877962 -2.86064079791503 -2.80745614879161 -2.84200769055379 -2.88388757481441 -2.97268159600849 -3.08529591655835 -3.22940299243626 -3.32648122688944 -3.41166842907993 -3.61979335603548 -3.6707348951072 -3.70510800766073 -3.78012474495775 -3.84508572185257 -3.86439431121801 -3.97149007124296 -3.9919966852951 -4.03907650649374 -4.0979199105203 -4.1458026631579 -4.18526100815817 -4.27504913494333 -4.31515747206085 -4.33893953658621 -4.42161598491203 -4.44616274604591 -4.48404071805521 -4.55035265895844 -4.57324257744051 -4.57574058636171 -4.57856996381328 -4.58685417707238 -4.61722537737459 -4.64313584746036 -4.64720148442906 -4.64065058348263 -4.60922155287195 -4.59676974309635 -4.56604168437683 -4.54135472886471 -4.48571030565051 -4.46420958600728 -4.44727155612829 -4.43326486324867 -4.45177052117515 -4.42625514433712 -4.40783870101497 -4.39639374177394 -4.38109980960329 -4.38581543868924 -4.38064099163817 -4.37041954697079 -4.31993682586418 -4.32105838089003 -4.33371410976124 -4.33418567266983 -4.3381620950342
-9999 -9999 -2.85405166213818 -2.78451525053564 -2.80453755673571 -2.95989841770252 -2.96103271767185 -3.03886608747696 -3.16593317392808 -3.22738929136712 -3.32413615728994 -3.52154258678255 -3.56812535518564 -3.63131478493736 -3.71274222880258 -3.76177202635297 -3.80042743991428 -3.86048161357102 -3.87972647821908 -3.90236149783164 -3.96357546134465 -3.98266738667101 -4.02941583933928 -4.10829429450939 -4.13298125002151 -4.16048483804172 -4.24825926375775 -4.28101376848989 -4.32693379983225 -4.39299084186597 -4.40822104931924 -4.4499225043712 -4.50458556693778 -4.50350224674236 -4.53322345492732 -4.56195055752118 -4.56836126408938 -4.58647182876812 -4.55517024759219 -4.55970744746948 -4.54231059962537 -4.52296377542951 -4.51631091493528 -4.50156501533408 -4.50003562211701 -4.47529768683099 -4.46340665456832 -4.44170201582947 -4.426841411737 -4.41858268836485 -4.40398972808536 -4.39527218674809 -4.38628700159783 -4.37347833340492 -4.37360578283967 -4.36639214483252 -4.34806491611469 -4.31720940796041 -4.33178962329643
-9999 -9999 -9999 -2.65474623606771 -2.8291862774174 -2.95176714376513 -2.77485458338118 -3.04460131204095 -3.13006890298791 -3.22986181040138 -3.36146609672979 -3.43327110827097 -3.57633309878389 -3.5972730409142 -3.63750882746647 -3.74659279867361 -3.77939828317964 -3.80755186331711 -3.81171945983361 -3.87192657281205 -3.9125956874425 -3.89117143746012 -3.98377619675338 -4.03694810093332 -4.06926927758729 -4.15235356410433 -4.19778928759462 -4.26622963405826 -4.28250492687652 -4.33779249167341 -4.41514155362645 -4.42290322420306 -4.45542831995263 -4.52770489440241 -4.5275519550807 -4.54867032641967 -4.58471302656849 -4.57103770221924 -4.58138659632138 -4.61832144251349 -4.54649094108535 -4.52149810692982 -4.5352626458834 -4.50240618160346 -4.51610699583967 -4.52270887656 -4.49176415380139 -4.47533592166142 -4.48906222578458 -4.45731457158701 -4.44645587974585 -4.44722057635438 -4.39876430126039 -4.39059479249257 -4.39768098106496 -4.36864799982769 -4.35679520239544 -4.36402158534607 -4.36082260453371
-9999 -9999 -9999 -9999 -9999 -9999 -2.98480203725372 -3.06447067891932 -3.18686037111491 -3.25205075699229 -3.31107259022751 -3.45855707612644 -3.53320421006267 -3.55149320395007 -3.61721887745342 -3.67090057937239 -3.75329663894174 -3.79326478168103 -3.82463008757433 -3.8453278757786 -3.87916570070616 -3.89625666990686 -3.93939830357155 -3.98282032599271 -4.06148211712374 -4.09306408705612 -4.16734161763156 -4.19221974729581 -4.20541076379299 -4.29528810518249 -4.31895546521656 -4.33560036139562 -4.42763159823248 -4.44854605047584 -4.45707241766097 -4.51422074420529 -4.51939519125636 -4.52551276412462 -4.56955928877608 -4.56982693258906 -4.55267223867099 -4.51026981172787 -4.50236794677304 -4.49732094915672 -4.51061392520171 -4.50512085456375 -4.49510332899198 -4.49827681991739 -4.47630453736556 -4.47389574304869 -4.44897937855401 -4.43842656535626 -4.42970902401899 -4.38002923435134 -4.37341460868754 -4.36801075265391 -4.3422277320029 -4.35377465079173 -4.36519412014582
-9999 -9999 -9999 -9999 -9999 -9999 -9999 -9999 -3.19597300569992 -3.27994943826024 -3.33579778057005 -3.44767289439833 -3.48298913276905 -3.47834997334395 -3.54338741989962 -3.66336831777834 -3.71007853561619 -3.75602405684551 -3.77711693829752 -3.79122559072494 -3.81616744510657 -3.79880883209289 -3.8215203213663 -3.88993517794299 -3.8847734758354 -3.93502678795944 -4.00323772544053 -3.97999094854114 -3.98197915972333 -4.07083690563478 -4.08611809286195 -4.12988422875695 -4.22256545771107 -4.2747560012434 -4.29203814459623 -4.36058045060767 -4.41185335820976 -4.43377466098769 -4.46751052636744 -4.48044664399511 -4.47288889251412 -4.43657854855231 -4.43698638674353 -4.43778931818248 -4.45228031891417 -4.46146942316003 -4.45604007723946 -4.46107432991229 -4.46350861411612 -4.46015669398205 -4.42580907131548 -4.39845842261697 -4.38136745341628 -4.33028571996632 -4.32358187969818 -4.30883598009699 -4.29461262317829 -4.29535182989987 -4.30131646344642
-9999 -9999 -9999 -9999 -9999 -9999 -9999 -9999 -9999 -9999 -3.34057713437338 -3.40999884148464 -3.46594914334225 -3.44717584160278 -3.48383029903843 -3.65002436195945 -3.70891874575992 -3.74530555938258 -3.77437677545028 -3.79707551978022 -3.79114912106409 -3.72957829913376 -3.78475115943937 -3.83281234128563 -3.79452653108511 -3.92016618386697 -3.94491686409646 -3.89103124308189 -3.93614834298529 -4.00323772544053 -4.0500881376566 -4.10055811381974 -4.11596675048166 -4.21132441756564 -4.24184855718956 -4.2896038603924 -4.38981735094056 -4.41390529410933 -4.43077959927094 -4.47234085994467 -4.44859703024974 -4.44414904497678 -4.48796616064568 -4.46700072862842 -4.45805377830859 -4.49398177396613 -4.46046257262547 -4.45663908958281 -4.4784201979825 -4.45016465829723 -4.42969627907552 -4.41546017721334 -4.36552548867618 -4.34181989381168 -4.33937286466438 -4.30771442507114 -4.33031120985327 -4.33233765586588 -4.32084171685094
-9999 -9999 -9999 -9999 -9999 -9999 -9999 -9999 -9999 -9999 -9999 -3.4174673783613 -3.47309905663203 -3.47404218244922 -3.5576745015357 -3.66658004353418 -3.71824804438401 -3.76607981724771 -3.78653545152595 -3.79957352870142 -3.77758850120612 -3.76469061840887 -3.80537247798279 -3.77500127768058 -3.7944245715373 -3.85080820147309 -3.85275817782484 -3.84857783636487 -3.85794536981939 -3.94365511469238 -3.97681745761573 -4.00132598391919 -4.07123199888252 -4.09918165992438 -4.13004991302213 -4.25956402862055 -4.2966390691909 -4.32382403362422 -4.39274868793993 -4.40456325054176 -4.40708674934991 -4.43074136444051 -4.4446078629419 -4.44245396749453 -4.43126390712301 -4.44520687528525 -4.43790402267376 -4.45814299291292 -4.45811750302597 -4.44547451909823 -4.40195053712927 -4.39588394403491 -4.37892042426897 -4.30399290157628 -4.29680475345608 -4.28739898517113 -4.29447242880005 -4.28904308287948 -4.28005789772922
-9999 -9999 -9999 -9999 -9999 -9999 -9999 -9999 -9999 -9999 -9999 -9999 -9999 -3.5240151058168 -3.66849178505551 -3.71047362886393 -3.74566241779989 -3.79832452424082 -3.82790553804754 -3.83525937043293 -3.79540593218492 -3.80295093872244 -3.80434013756127 -3.74892512332963 -3.69365030347622 -3.69561302477145 -3.65906052688361 -3.65795171680124 -3.6192070886356 -3.66604475590821 -3.70480212901732 -3.72983319800328 -3.81828310572351 -3.86991287174292 -3.90461735282681 -4.01793264526782 -4.05806647227229 -4.11225797193028 -4.18515904861036 -4.24564655034527 -4.25574054557789 -4.3032027150808 -4.29019012779227 -4.30819873292321 -4.3216956280638 -4.31467316420878 -4.34434339261984 -4.33664544676061 -4.34073657361626 -4.3270102694931 -4.28225002800701 -4.27362170127407 -4.25249058499163 -4.21971059037255 -4.16745632212284 -4.15691625386857 -4.14731931143149 -4.16317402111506 -4.14788008894441
-9999 -9999 -9999 -9999 -9999 -9999 -9999 -9999 -9999 -9999 -9999 -9999 -9999 -9999 -3.69636497643651 -3.72204603753972 -3.76211613982681 -3.80263231513555 -3.90094680910585 -3.85134348909906 -3.87033345487761 -3.85712969343695 -3.78166688311829 -3.7415967808312 -3.62719816819476 -3.62675209517312 -3.61777965496634 -3.47265298361039 -3.56140876997403 -3.58646532884694 -3.55126379496751 -3.65787524714039 -3.71517651300641 -3.80103919720111 -3.86003554054938 -3.92481808823554 -4.04385586029707 -4.07180552133892 -4.12776856814001 -4.24342893018052 -4.20871170415316 -4.22047528698108 -4.31194574630502 -4.28033828648568 -4.31615157765195 -4.38065373658165 -4.31590942372591 -4.30828794752754 -4.34074931855973 -4.28267061114171 -4.27160800020494 -4.28171474038104 -4.2073862300317 -4.19213053269148 -4.18926292040948 -4.1511173045872 -4.13188518488261 -4.13962136557226 -4.13016461751341
-9999 -9999 -9999 -9999 -9999 -9999 -9999 -9999 -9999 -9999 -9999 -9999 -9999 -9999 -3.72555089699549 -3.74942217612518 -3.80386857465268 -3.8517895621207 -3.88808716113904 -3.89282828011194 -3.88219899725334 -3.87427164241155 -3.84697197348695 -3.70728739299505 -3.68057399147032 -3.67369172199353 -3.52931700230263 -3.50363594119942 -3.5404305930133 -3.5096897893503 -3.53785611443124 -3.5569480397576 -3.6535419663587 -3.68040830720514 -3.72771753738634 -3.85868457654097 -3.92086715575812 -3.94427961692268 -4.06044977670222 -4.11057563939151 -4.08947001299602 -4.1695592377963 -4.19123838664819 -4.19559715731683 -4.26062185892902 -4.26926293060544 -4.25451703100424 -4.25296214790023 -4.24261325379809 -4.24494557845411 -4.21364399727819 -4.20404705484111 -4.16574849969712 -4.12442939294942 -4.11504911455142 -4.09783069591597 -4.06377620694933 -4.06199191486276 -4.07118101910862
-9999 -9999 -9999 -9999 -9999 -9999 -9999 -9999 -9999 -9999 -9999 -9999 -9999 -9999 -9999 -9999 -3.85683655973702 -3.89558118790265 -3.95025699541271 -3.99946522217177 -3.96033824570186 -3.96082255355393 -3.92409162645743 -3.77600812821515 -3.75748972534519 -3.66098501334842 -3.49007532134145 -3.37317869978381 -3.37910509849993 -3.32458223031158 -3.31405490700078 -3.2900816683233 -3.37419829526185 -3.3943353059532 -3.41683013118753 -3.55141673428921 -3.60453765869526 -3.63623433311892 -3.7551956355196 -3.81106946771636 -3.82804573242577 -3.89879291365849 -3.92062500183209 -3.94402471805317 -4.01247780946029 -4.03430989763389 -4.01850616772422 -4.01827675874166 -4.03046092470428 -4.03275501452987 -4.00514946696186 -3.984757557401 -3.96338428719252 -3.90810946733911 -3.89332533290748 -3.87399125365509 -3.844078871318 -3.84183576126631 -3.85024742396016
-9999 -9999 -9999 -9999 -9999 -9999 -9999 -9999 -9999 -9999 -9999 -9999 -9999 -9999 -9999 -9999 -3.8790382512714 -3.93442777561609 -3.9985093514111 -4.00936804325226 -4.01396896784693 -4.06624872598359 -3.90371246184005 -3.85289837220307 -3.76210339488334 -3.63387651857595 -3.53371400780169 -3.27904454727348 -3.30884222511929 -3.26752311837159 -3.11580731123878 -3.21844234104729 -3.24934882897548 -3.25927713994292 -3.34459179156818 -3.41545367729217 -3.51690342735745 -3.56629008332517 -3.61891395493566 -3.75483877710228 -3.76611805207813 -3.80697834086071 -3.92860333644777 -3.89851252490203 -3.90771437409137 -4.00155539290175 -3.94616586855706 -3.94485313937908 -4.00943176796964 -3.97354200714252 -3.9594333547151 -3.95475596045958 -3.88551268255698 -3.86155218882296 -3.86765701674775 -3.81470177660689 -3.80391955442658 -3.8127135654247 -3.79740688831058
-9999 -9999 -9999 -9999 -9999 -9999 -9999 -9999 -9999 -9999 -9999 -9999 -9999 -9999 -9999 -9999 -9999 -9999 -4.01825126885471 -4.01858263738507 -4.01561306555527 -4.01562581049875 -3.96815089605237 -3.81906054727552 -3.74968981993816 -3.70542663124762 -3.44792779326784 -3.38128448383425 -3.3434320017119 -3.17496933885223 -3.16938705360995 -3.16961646259251 -3.16014696959018 -3.20189940441605 -3.22170504657703 -3.33611640415694 -3.36144060684284 -3.41327429195785 -3.52632194058588 -3.58682218726426 -3.60467785307349 -3.71429711190659 -3.74123992241388 -3.76039557245762 -3.8103684958252 -3.82571340776975 -3.82954963575589 -3.85301307669435 -3.86187081240985 -3.87775101198037 -3.85380326318984 -3.81040673065563 -3.78026493933598 -3.74396734031765 -3.72895379690346 -3.72193133304844 -3.69813652357961 -3.69198071588093 -3.70114433023984
-9999 -9999 -9999 -9999 -9999 -9999 -9999 -9999 -9999 -9999 -9999 -9999 -9999 -9999 -9999 -9999 -9999 -9999 -9999 -4.06232328339312 -4.04142157609324 -4.04683817707034 -4.03084327300854 -3.88501562976143 -3.82018210230137 -3.74813493683415 -3.47757253179194 -3.38132271866468 -3.28732876053258 -3.0942811017086 -3.05305120956523 -2.96732871974876 -2.92964192189159 -2.9800736632243 -2.89744819467238 -2.97678546780761 -3.11285048435246 -3.0274338731794 -3.13549824890849 -3.28912579756263 -3.20816991660601 -3.31341765982701 -3.48059308339565 -3.37339536382289 -3.41342723127956 -3.56129406548275 -3.44624546072907 -3.48058033845217 -3.61626300669275 -3.49774777731372 -3.4783754632309 -3.56824005967692 -3.44275334621677 -3.39766173620032 -3.49948108962639 -3.37082088524083 -3.35815241142615 -3.46164135244752 -3.35302894414898
-9999 -9999 -9999 -9999 -9999 -9999 -9999 -9999 -9999 -9999 -9999 -9999 -9999 -9999 -9999 -9999 -9999 -9999 -9999 -4.05312143420378 -4.06380169683628 -4.17473368484737 -4.04604799057486 -3.88827833529117 -3.93224839028178 -3.75011040307286 -3.46114429965197 -3.32005777537776 -3.27620242487844 -3.0658853676451 -2.87027597518254 -2.91042254713048 -2.85503302278579 -2.71254455472927 -2.80857770381745 -2.89400705993399 -2.81771582828942 -2.91595385259887 -3.04946988044861 -3.05738449034692 -3.11632985392128 -3.20615621553688 -3.25674089619129 -3.26609568470233 -3.34949859480626 -3.38936477799774 -3.38338739950771 -3.39281865767961 -3.41270076950145 -3.39594116883112 -3.3925127790362 -3.39290787228394 -3.36024258215614 -3.34234868151648 -3.35018682175394 -3.31767447094784 -3.28774934366727 -3.28915128744958 -3.2813258921556
-9999 -9999 -9999 -9999 -9999 -9999 -9999 -9999 -9999 -9999 -9999 -9999 -9999 -9999 -9999 -9999 -9999 -9999 -9999 -9999 -4.04866070398734 -4.0694731966829 -4.01860812727203 -3.89736547998923 -3.86035416413626 -3.74065365501401 -3.4482591617982 -3.3989744653783 -3.28646210437624 -2.99637444592951 -2.93614184306412 -2.90696866744861 -2.74243144717941 -2.71713273438047 -2.73999716297558 -2.71016125029935 -2.71000831097764 -2.77782415521098 -2.83996849959771 -2.86881030668285 -2.92117927942384 -3.00441650526258 -3.04101998292432 -3.06397362612377 -3.14933925752293 -3.17354190518297 -3.18094671734226 -3.20655130878462 -3.20641111440639 -3.20138960667702 -3.1995288449296 -3.20144058645093 -3.17321053665261 -3.15386371245674 -3.14598733738886 -3.13102477374858 -3.09066153776155 -3.09754380723834 -3.0955301061692
-9999 -9999 -9999 -9999 -9999 -9999 -9999 -9999 -9999 -9999 -9999 -9999 -9999 -9999 -9999 -9999 -9999 -9999 -9999 -9999 -3.95814611542407 -3.97686843738964 -4.01134350949097 -3.87840100409763 -3.85834046306713 -3.77460618443284 -3.48643026750744 -3.39327747564473 -3.31071573181019 -3.00804881415311 -2.91276761672998 -2.81924522150648 -2.62148193359655 -2.59093230408568 -2.48400222832592 -2.42517156924283 -2.484218892365 -2.38785437474646 -2.43200285894572 -2.56730317888204 -2.43549497345802 -2.52005767341822 -2.69402615185931 -2.54468090421296 -2.63454550065898 -2.81094826330391 -2.64376009479179 -2.65856971911037 -2.8321048694733 -2.66494219084814 -2.66563041779582 -2.83058822119971 -2.65542171807191 -2.64122385104016 -2.80405324888364 -2.61179577655514 -2.57178939898543 -2.74486573138324 -2.57184037875933
-9999 -9999 -9999 -9999 -9999 -9999 -9999 -9999 -9999 -9999 -9999 -9999 -9999 -9999 -9999 -9999 -9999 -9999 -9999 -9999 -3.91569270870705 -4.07439274486446 -3.93668363061126 -3.86611487858721 -3.97895860811963 -3.76284260160492 -3.48159993393021 -3.43324561838402 -3.31869406642588 -3.00910664446158 -2.83977732544557 -2.80633459376576 -2.5864460839823 -2.37553001440561 -2.43258912634559 -2.35622142504017 -2.18970873853226 -2.29298101551455 -2.33978044795672 -2.26498037469879 -2.33092271224123 -2.41970398849183 -2.39871306658761 -2.44010864299616 -2.49129233599393 -2.49317858762831 -2.49942360993132 -2.53957018187926 -2.54714067830373 -2.54260347842644 -2.53945547738798 -2.56198853745274 -2.53475259324551 -2.51956062062267 -2.53535160558886 -2.50062163461802 -2.47175433764592 -2.48151696434819 -2.46799457932064
-9999 -9999 -9999 -9999 -9999 -9999 -9999 -9999 -9999 -9999 -9999 -9999 -9999 -9999 -9999 -9999 -9999 -9999 -9999 -9999 -3.77370129344608 -3.79210499182476 -3.79107265140324 -3.84975037116462 -3.79994313206221 -3.71922940503163 -3.50570062204246 -3.42232320182548 -3.3239449831378 -2.99771266499445 -2.90809022247446 -2.82724904600912 -2.52126844304839 -2.43358323193669 -2.41514129872758 -2.21810447259576 -2.1284692851323 -2.20683794256338 -2.14498673187659 -2.03873213812103 -2.18924992056714 -2.1788500466911 -2.04054192009456 -2.21634567039613 -2.21841035123917 -2.05457410286113 -2.24692078979395 -2.25524323788348 -2.06740826094099 -2.26800092630249 -2.2538795289316 -2.0480232019147 -2.2552814727139 -2.24349239999903 -2.02709600472786 -2.22431126006835 -2.21299375026207 -1.99543756513463 -2.18614015435911
-9999 -9999 -9999 -9999 -9999 -9999 -9999 -9999 -9999 -9999 -9999 -9999 -9999 -9999 -9999 -9999 -9999 -9999 -9999 -3.43732400029619 -3.52034456209585 -3.66925648166404 -3.69647968092779 -3.69575321914969 -3.7688454699819 -3.69561302477145 -3.50779079277244 -3.44170826085178 -3.35794849233054 -3.0309259876917 -2.93315952629084 -2.83369798740774 -2.51179895004607 -2.41893929188329 -2.3006662164303 -2.07514444163064 -2.04498990536752 -1.9162022515472 -1.81374565094735 -1.86329799118024 -1.73847401478082 -1.70466167974022 -1.82547099894485 -1.64412319823141 -1.63487036926817 -1.80527026353612 -1.5989551185541 -1.59802473768039 -1.79976444795469 -1.57642205848935 -1.56728393401739 -1.77210792061277 -1.55261450407704 -1.54134797404467 -1.75234051328221 -1.52249820264435 -1.51258263662038 -1.71994286696739 -1.49335051691579
-9999 -9999 -9999 -9999 -9999 -9999 -9999 -9999 -9999 -9999 -9999 -9999 -9999 -9999 -9999 -9999 -9999 -9999 -3.10025848019863 -3.29972959053428 -3.42218300744725 -3.63345593544125 -3.52605429677289 -3.67148684677226 -3.83854756584962 -3.68783860925138 -3.50886136802439 -3.5305277719328 -3.3705787313148 -3.04020430654189 -2.98073640028503 -2.84473510845756 -2.50714704567749 -2.3232757461559 -2.28733500555488 -2.04159975040303 -1.81912401709403 -1.86004803059398 -1.73764559345491 -1.55792914550634 -1.63052434354301 -1.5947875220376 -1.44081585990962 -1.52038254202741 -1.50197884364873 -1.39360858927623 -1.4550519617718 -1.44977555517292 -1.35979625423562 -1.4136818752502 -1.41225444158094 -1.35722177565356 -1.39475563418902 -1.38359106370445 -1.33291716844571 -1.36268935640457 -1.35180517467646 -1.28679321800774 -1.33281520889791
-9999 -9999 -9999 -9999 -9999 -9999 -9999 -9999 -9999 -9999 -9999 -9999 -9999 -9999 -9999 -9999 -9999 -9999 -9999 -3.03523377858643 -9999 -9999 -9999 -3.60549352945592 -9999 -3.56338423621274 -3.49115864153687 -3.45788159412224 -3.32990961668435 -3.04528953898863 -2.94155844404122 -2.84678704435712 -2.49553640217128 -2.39380626334953 -2.30646516571167 -1.96903004225331 -1.86942830899198 -1.84516193661455 -1.58120141229268 -1.46633123674765 -1.53521765623293 -1.35427769371071 -1.21107550881956 -1.34872089835538 -1.22417731071242 -1.04127462689497 -1.21340783347559 -1.13975480513045 -0.924046636806964 -1.1266020234637 -1.0888260110022 -0.857237643108191 -1.07136543844071 -1.04439713804647 -0.814465612804284 -1.04108345274283 -1.02598069472432 -0.802268701898194 -1.00001924486465
-9999 -9999 -9999 -9999 -9999 -9999 -9999 -9999 -9999 -9999 -9999 -9999 -9999 -9999 -9999 -9999 -9999 -9999 -9999 -2.8818611288018 -9999 -9999 -9999 -3.41536446268784 -9999 -9999 -9999 -3.34479571066378 -3.30793733413253 -2.99396565161264 -2.94789268094857 -2.86363585963178 -2.51994296892694 -2.42183239405224 -2.31710719351374 -1.96366442105011 -1.86466170013213 -1.7225428354364 -1.42280725477868 -1.3758548830148 -1.22891842968532 -1.01982488702563 -1.04634711439823 -0.850253414083596 -0.719592253572376 -0.814006794839165 -0.595188860307645 -0.501118432514696 -0.652681300325799 -0.427197760356573 -0.377798359445386 -0.560446144393327 -0.331661664063937 -0.302539468222331 -0.508765398600019 -0.301634577235568 -0.297874818910284 -0.502800765053467 -0.285652418117243
-9999 -9999 -9999 -9999 -9999 -9999 -9999 -9999 -9999 -9999 -9999 -9999 -9999 -9999 -9999 -9999 -9999 -9999 -9999 -9999 -9999 -9999 -9999 -9999 -9999 -9999 -9999 -3.36322489892941 -3.22721086215847 -2.96703558604882 -3.01814280938573 -2.87225144142124 -2.53075068099419 -2.46612107262974 -2.33740988847027 -1.97309567922201 -1.79694781544659 -1.70130975960615 -1.3788754346185 -1.14689197347675 -1.17451026598824 -0.949217900171152 -0.697416051924939 -0.758043748038075 -0.609373982395919 -0.383457114348525 -0.468414907556464 -0.361319147531515 -0.137568919874962 -0.288239641642777 -0.22592961299087 -0.00828421325909998 -0.171151845933006 -0.140168888343972 0.0168208578637419 -0.136077761488324 -0.131145468363291 0.0168208578637419 -0.139276742300684
-9999 -9999 -9999 -9999 -9999 -9999 -9999 -9999 -9999 -9999 -9999 -9999 -9999 -9999 -9999 -9999 -9999 -9999 -9999 -9999 -9999 -9999 -9999 -9999 -9999 -9999 -9999 -9999 -3.08872430635327 -2.94090845192397 -2.83116174365611 -2.77670260018513 -2.55115533549853 -2.45177026627628 -2.3433872669603 -1.97445938817389 -1.86594893942316 -1.74199161918007 -1.3308397426592 -1.21203137958023 -1.17309557726246 -0.806780411888534 -0.662609611293243 -0.675864352507803 -0.396329507258819 -0.232200125180835 -0.309931535438144 -0.0977154816269532 0.0168208578637419 -0.0506611503152653 0.0168208578637419 0.353238015138779 0.0168208578637419 0.0168208578637419 0.420521446593769 0.033641715727506 0.0168208578637419 0.403700588730027 0.0168208578637419
-9999 -9999 -9999 -9999 -9999 -9999 -9999 -9999 -9999 -9999 -9999 -9999 -9999 -9999 -9999 -9999 -9999 -9999 -9999 -9999 -9999 -9999 -9999 -9999 -9999 -9999 -9999 -9999 -9999 -9999 -2.78462995502692 -2.75589010748958 -2.52156157674833 -2.47627879257974 -2.38554753997738 -2.0321812371746 -1.91761694027299 -1.78018821477626 -1.3498551983247 -1.21599505700112 -1.06003518369096 -0.677839818746512 -0.591556551417117 -0.41458026631579 -0.105821265677396 -0.0904253739589452 0.0168208578637419 0.487804878048781 0.437342304457533 0.773759461732548 1.00925147182507 0.773759461732548 1.07653490328006 1.11017661900756 0.874684608915044 1.04289318755257 0.992430613961304 0.773759461732548 0.95878889823382
