Results/Mess_RCP8.5.asc
NCOLS 581 
NROWS 855 
XLLCORNER -74.916666667 
YLLCORNER -55.833333333 
CELLSIZE 0.0833333333339071 
NODATA_value -9999 
[rows 486 to 512 of 855, columns 300 to 359 of 581]
-9999 -9999 -9999 -9999 -9999 -9999 -9999 -9999 -9999 -9999 -9999 -9999 -9999 -9999 -9999 -9999 -9999 -9999 -9999 -9999 -9999 -9999 -9999 1.37931034482759 25.5172413793104 27.703952901598 38.6879730866274 35.9125315391085 27.703952901598 25.2312867956266 24.726661059714 26.8629100084104 23.3641715727502 23.2632464255677 22.0689655172414 26.7451640033642 27.6198486122792 31.286795626577 35.9629941126997 37.7460050462574 44.524810765349 53.8435660218671 52.1110176619008 50.8326324642557 50.2102607232969 48.376787216148 47.2161480235492 40.9251471825063 36.8208578637511 28.0571909167368 25.2985702270816 26.8797308662742 38.0992430613961 36.753574432296 34.1126997476871 29.5206055508831 27.3170731707317 21.4970563498738 12.9352396972246 10.2607232968881
-9999 -9999 -9999 -9999 -9999 -9999 -9999 -9999 -9999 -9999 -9999 -9999 -9999 -9999 -9999 -9999 -9999 -9999 -9999 -9999 -9999 -9999 -9999 22.5063078216989 25.1976450798991 28.8645920941968 38.3851976450799 37.6619007569386 25.5340622371741 24.7603027754415 22.1698906644239 25.0967199327166 23.5492010092515 24.1547518923465 24.7603027754415 27.2666105971405 28.8982338099243 32.0437342304458 35.946173254836 45.7190916736754 53.4566862910008 52.430613961312 50.5130361648444 49.2851135407906 48.2590412111018 46.7619848612279 45.9377628259041 40.7232968881413 34.6846089150547 25.2817493692178 24.6089150546678 29.0496215306981 36.3330529857023 33.8603868797309 32.094196804037 27.9899074852817 24.9285113540791 18.3179142136249 10.9503784693019 4.59209419680404
-9999 -9999 -9999 -9999 -9999 -9999 -9999 -9999 -9999 -9999 -9999 -9999 -9999 -9999 -9999 -9999 -9999 16.8376787216148 20.9756097560976 -9999 21.7661900756939 -9999 21.3456686291001 21.3120269133726 21.6652649285114 26.7956265769554 38.8730025231287 34.7182506307822 30.3111858704794 22.4053826745164 22.8595458368377 24.2220353238015 24.6425567703953 25.7527333894029 26.8629100084104 29.2514718250631 28.7973086627418 32.767031118587 45.7022708158116 54.0790580319596 52.4642556770395 51.354079058032 50.0925147182506 48.0740117746005 47.1993271656854 46.1059714045416 44.6089150546678 36.0302775441548 31.8082422203532 27.502102607233 27.0647603027754 34.8023549201009 34.8191757779647 32.6829268292683 31.2026913372582 26.1227922624054 23.2968881412952 16.7367535744323 7.82169890664424 4.20521446593776
-9999 -9999 -9999 -9999 -9999 -9999 -9999 -9999 -9999 -9999 -9999 -9999 -9999 -9999 -9999 -9999 -9999 16.1816652649285 19.259882253995 21.5306980656013 21.8502943650126 22.1026072329689 23.515559293524 19.0243902439024 20.2523128679563 29.8402018502944 34.1295206055509 31.2699747687132 28.309503784693 25.1640033641716 25.2817493692178 27.771236333053 28.4608915054668 28.1412952060555 28.107653490328 30.6139613120269 32.8174936921783 39.8990748528175 54.4827586206897 52.1951219512195 50.6980656013457 49.9411269974769 47.7880571909167 46.2573591253154 45.7022708158116 43.6669470142977 42.9941126997477 35.0883095037847 34.5836837678722 30.9335576114382 38.2001682085786 35.0714886459209 31.0176619007569 29.8738435660219 26.0386879730866 22.5735912531539 20.605550883095 12.1446593776283 5.01261564339781 3.48191757779648
-9999 -9999 -9999 -9999 -9999 -9999 -9999 -9999 -9999 -9999 -9999 -9999 -9999 -9999 -9999 11.4550042052145 11.7746005046257 12.1110176619008 17.4768713204373 18.7720773759462 19.2767031118587 20.336417157275 22.8763666947014 19.2767031118587 21.9848612279226 29.6047098402018 34.0622371740959 29.9411269974769 25.9209419680404 25.2312867956266 28.376787216148 27.4684608915055 28.309503784693 26.7788057190917 29.0664423885618 31.6736753574432 39.3776282590412 51.8418839360807 52.4642556770395 50.4457527333894 48.9991589571068 47.6703111858705 45.6518082422203 44.2220353238015 43.4314550042052 41.7157275021026 39.5121951219512 36.3330529857023 38.6375105130362 36.6021867115223 33.2716568544996 31.1017661900757 29.3523969722456 27.1993271656854 24.5584524810765 20.3027754415475 14.5500420521447 8.30950378469302 3.48191757779648 1.5475189234651
-9999 -9999 -9999 -9999 -9999 -9999 -9999 -9999 -9999 -9999 -9999 -9999 -9999 -9999 -9999 11.3877207737595 10.8326324642557 8.6963835155593 12.7838519764508 15.7779646761985 18.0151387720774 19.2767031118587 25.8031959629941 21.9175777964676 25.2312867956266 33.9444911690496 32.363330529857 28.8309503784693 25.5172413793103 29.6215306980656 29.0496215306981 30.8158116063919 26.4255677039529 27.2666105971405 30.8662741799832 39.6972245584525 47.8048780487805 52.7838519764508 51.3204373423044 49.8570227081581 47.8553406223717 46.5433137089992 44.6761984861228 43.0277544154752 41.8839360807401 41.0092514718251 39.798149705635 38.5702270815812 37.3759461732548 34.6173254835997 32.0437342304458 30.5298570227082 27.1656854499579 25.5004205214466 23.2296047098402 17.4936921783011 13.1875525651808 7.1152228763667 2.23717409587889 1.49705634987385
-9999 -9999 -9999 -9999 -9999 -9999 -9999 -9999 -9999 -9999 -9999 -9999 -9999 -9999 -9999 -9999 -9999 10.0252312867956 12.2119428090833 14.0285954583684 18.9234650967199 20.0336417157275 28.7300252312868 26.0050462573591 26.8965517241379 33.6417157275021 29.0496215306981 27.8889823380992 28.107653490328 28.444070647603 26.5601345668629 24.6089150546678 29.0496215306981 31.6736753574432 40 55.0546677880572 52.699747687132 50.9671993271657 50.1597981497056 47.4011774600505 45.7022708158116 44.5752733389403 41.9680403700589 40.605550883095 40.3027754415475 37.7291841883936 36.3162321278385 35.1051303616484 31.2026913372582 30.1429772918419 28.6291000841043 25.7863751051304 24.3734230445753 22.7586206896552 17.1740958788898 12.6492851135408 9.7897392767031 3.986543313709 1.81665264928512 1.5475189234651
-9999 -9999 -9999 -9999 -9999 -9999 -9999 -9999 -9999 -9999 -9999 -9999 -9999 -9999 -9999 -9999 -9999 11.9428090832632 10.7989907485282 12.7838519764508 17.4095878889823 18.7720773759462 28.376787216148 26.7283431455004 28.309503784693 32.0437342304458 29.7056349873844 29.4701429772918 27.2666105971405 28.3431455004205 24.2388561816653 27.3170731707317 29.7560975609756 37.3423044575273 51.5222876366695 53.5912531539108 51.1858704793944 49.3692178301093 47.9562657695542 45.4667788057191 43.784693019344 41.9680403700589 40.0336417157275 38.7216148023549 36.686291000841 34.0622371740959 32.5147182506308 30.7821698906644 28.242220353238 27.1488645920942 25.6181665264928 23.9024390243902 21.7830109335576 18.7888982338099 14.6341463414634 11.1522287636669 5.50042052144659 2.5399495374264 1.5475189234651 0.79058031959629
-9999 -9999 -9999 -9999 -9999 -9999 -9999 -9999 -9999 -9999 -9999 -9999 -9999 -9999 -9999 -9999 13.1707317073171 15.3238015138772 11.3877207737595 7.95626576955425 16.686291000841 19.6467619848612 31.3708999158957 29.4869638351556 31.9259882253995 35.2060555088309 31.9764507989907 31.623212783852 31.3036164844407 25.2985702270816 27.502102607233 28.3599663582843 38.3010933557611 46.8124474348192 53.8603868797309 52.430613961312 50.6812447434819 48.2085786375105 46.6610597140454 44.7098402018503 42.3885618166526 40.5214465937763 39.0916736753574 36.013456686291 34.1295206055509 31.9091673675358 29.5710681244743 28.1244743481918 27.232968881413 25.3658536585366 24.188393608074 22.9268292682927 19.2935239697225 16.3330529857023 13.6921783010933 8.32632464255676 5.26492851135407 2.45584524810765 1.14381833473507 0.874684608915044
-9999 -9999 -9999 -9999 -9999 -9999 -9999 -9999 -9999 -9999 -9999 -9999 -9999 -9999 -9999 12.3465096719933 12.1278385197645 11.7746005046257 13.3052985702271 15.8620689655172 18.7047939444912 19.8149705634987 34.5836837678722 36.013456686291 35.878889823381 40.8242220353238 33.8099243061396 31.7746005046257 27.5357443229605 34.9369217830109 37.3423044575273 44.2220353238015 53.5744322960471 54.5164003364172 52.3801513877208 51.5054667788057 48.5449957947855 46.4928511354079 44.7771236333053 41.8334735071489 39.8822539949538 37.6787216148023 32.7333894028595 30.0588730025231 28.107653490328 25.9209419680404 24.524810765349 22.9941126997477 22.0185029436501 21.1101766190076 20.2523128679563 15.3069806560135 13.2380151387721 11.2363330529857 6.76198486122792 4.03700588730025 2.92682926829269 1.59798149705634 0.975609756097562 0.874684608915044
-9999 -9999 -9999 -9999 -9999 -9999 -9999 -9999 -9999 -9999 -9999 -9999 -9999 -9999 -9999 10.8999158957107 11.3877207737595 12.565180824222 13.6080740117746 17.6114381833473 18.8898233809924 22.4053826745164 33.8772077375946 37.3927670311186 42.0857863751051 38.7720773759462 34.5500420521447 31.2699747687132 34.9201009251472 37.9310344827586 50.4289318755256 52.2792262405383 54.7518923465097 53.0698065601346 50.9671993271657 49.4869638351556 46.8460891505467 44.1715727502103 42.1698906644239 39.4785534062237 36.5180824222035 31.8082422203532 28.713204373423 27.0815811606392 24.1715727502103 20.5214465937763 20.0168208578638 17.7796467619849 18.3515559293524 17.5105130361648 14.7518923465097 12.9857022708158 11.0344827586207 7.36753574432296 5.19764507989908 3.31370899915895 2.08578637510513 1.42977291841884 0.874684608915044 0.588730025231277
-9999 -9999 -9999 -9999 -9999 -9999 -9999 -9999 -9999 -9999 -9999 -9999 -9999 -9999 -9999 8.84777123633305 9.04962153069807 13.7258200168209 16.1143818334735 18.1497056349874 22.8595458368377 27.2666105971405 36.7367535744323 46.5096719932717 46.8460891505467 46.4928511354079 34.6005046257359 37.1068124474348 43.7678721614802 54.3986543313709 56.6021867115223 56.4339781328848 54.4659377628259 52.3969722455845 49.6719932716569 48.0740117746005 45.4667788057191 42.9604709840202 40.8578637510513 37.9983179142136 32.8511354079058 29.0496215306981 27.3170731707317 23.8015138772077 21.2615643397813 18.8898233809924 16.1648444070648 16.1648444070648 17.5441547518923 14.5164003364172 12.9857022708158 11.7073170731707 8.20857863751052 5.85365853658537 4.52481076534903 2.37174095878889 1.98486122792263 1.39613120269133 0.672834314550053 0.639192598822547
-9999 -9999 -9999 -9999 -9999 -9999 -9999 -9999 -9999 -9999 -9999 -9999 -9999 -9999 -9999 8.47771236333053 3.91925988225399 19.1925988225399 20.1850294365013 24.121110176619 30.0420521446594 30.7821698906644 43.4314550042052 49.7897392767031 47.3170731707317 43.0613961312027 45.4667788057191 46.5096719932717 54.2304457527334 60.9924306139613 58.4861227922624 54.4827586206897 53.4566862910008 50.5971404541632 48.0067283431455 46.9638351555929 43.3978132884777 40.4541631623213 38.5702270815812 32.7333894028595 28.8477712363331 27.3338940285955 24.9453322119428 21.0933557611438 17.7291841883936 15.206055508831 15.2396972245585 14.8696383515559 13.0361648444071 11.8587047939445 9.90748528174936 6.99747687132044 5.33221194280908 4.82758620689656 3.2632464255677 2.4390243902439 1.90075693860388 1.49705634987385 1.14381833473507 1.11017661900756
-9999 -9999 -9999 -9999 -9999 -9999 -9999 -9999 -9999 -9999 -9999 -9999 -9999 17.2918418839361 13.7258200168209 14.3650126156434 16.3835155592935 20.8242220353238 27.703952901598 27.703952901598 32.0437342304458 35.4583683767872 42.8090832632464 50.5298570227082 47.636669470143 39.6972245584525 47.0142977291842 51.4381833473507 57.4432296047098 60.8242220353238 56.013456686291 53.6080740117746 52.0100925147182 49.5374264087469 47.0311185870479 45.1640033641716 41.9007569386039 39.19259882254 34.5500420521447 29.4196804037006 26.7788057190917 24.9453322119428 20.4878048780488 17.9983179142136 15.3910849453322 15.0210260723297 14.1126997476871 12.8679562657696 11.6063919259882 10.2102607232969 7.18250630782169 5.97140454163163 4.87804878048781 3.96972245584524 3.22960470984019 2.60723296888141 1.88393608074011 1.64844407064759 1.49705634987385 1.42977291841884
-9999 -9999 -9999 -9999 -9999 -9999 -9999 -9999 -9999 -9999 -9999 -9999 -9999 20.0504625735913 37.4264087468461 -9999 33.3894028595458 29.4533221194281 37.4095878889823 36.1648444070648 38.6543313708999 42.1530698065601 49.9747687132044 51.7746005046257 46.6610597140454 45.1135407905803 54.0790580319596 55.273338940286 60.0504625735913 59.2935239697225 55.3742640874685 52.6492851135408 51.084945332212 48.8814129520606 46.1059714045416 44.1715727502103 41.3288477712363 37.7123633305299 32.3801513877208 28.1412952060555 25.4163162321278 23.582842724979 18.9907485281749 15.9293523969722 14.3986543313709 14.0285954583684 12.7502102607233 11.959629941127 11.0681244743482 8.61227922624055 6.47603027754415 5.61816652649285 4.39024390243903 4.03700588730025 3.33052985702271 2.55677039529016 2.25399495374263 1.90075693860388 1.6820857863751 1.73254835996637
-9999 -9999 -9999 -9999 -9999 -9999 -9999 -9999 -9999 -9999 -9999 -9999 -9999 -9999 33.3894028595458 5.01261564339781 40.2859545836838 53.5912531539108 51.8755256518082 48.5449957947855 45.8031959629941 45.4667788057191 52.8006728343146 47.8048780487805 43.313708999159 52.3969722455845 58.1328847771236 58.2169890664424 59.9663582842725 57.9478553406224 53.7258200168209 51.354079058032 50.4793944491169 47.3338940285955 44.6257359125315 43.5996635828427 39.6467619848612 33.1202691337258 30.9167367535744 26.4087468460892 24.1379310344828 22.5904121110177 18.5365853658537 15.8452481076535 15.2565180824222 12.497897392767 11.1185870479394 10.5130361648444 8.6963835155593 6.74516400336418 5.68544995794786 4.76030277544155 4.17157275021025 4.05382674516401 3.54920100925147 2.92682926829269 2.80908326324643 2.4390243902439 2.32127838519764 2.35492010092515
-9999 -9999 -9999 -9999 -9999 -9999 -9999 -9999 -9999 -9999 -9999 -9999 -9999 -9999 -9999 25.5172413793104 51.421362489487 54.6677880571909 56.1816652649285 46.3414634146341 46.6610597140454 48.713204373423 49.4701429772918 47.569386038688 45.1471825063078 55.5256518082422 58.8730025231287 62.4894869638351 58.5702270815812 55.1724137931034 52.6829268292683 50.8326324642557 49.1169049621531 46.5264928511354 43.986543313709 41.3288477712363 36.7367535744323 31.2363330529857 28.0571909167368 24.9285113540791 22.6576955424727 19.0075693860387 15.811606391926 14.0117746005046 12.8679562657696 11.7241379310345 10.6307821698907 8.41042893187554 7.63666947014299 6.86291000841044 5.44995794785534 4.8107653490328 4.50798990748529 4.121110176619 4.02018502943651 3.65012615643399 3.28006728343146 3.31370899915895 3.16232127838521 2.92682926829269
-9999 -9999 -9999 -9999 -9999 -9999 -9999 -9999 -9999 -9999 -9999 -9999 -9999 -9999 -9999 17.4095878889823 34.0285954583684 55.609756097561 52.2455845248108 53.5744322960471 51.1354079058032 48.2926829268293 53.6753574432296 45.5004205214466 49.8570227081581 56.5853658536585 64.457527333894 62.4558452481077 56.4339781328848 54.2472666105971 52.3296888141295 50.0420521446594 48.3936080740118 46.1059714045416 42.9941126997477 40.3195962994113 35.946173254836 30.1934398654331 27.0479394449117 24.7939444911691 21.4970563498738 18.8225399495374 14.7014297729184 12.5315391084945 12.0605550883095 11.2699747687132 9.60470984020185 8.30950378469302 7.1152228763667 5.87047939444911 5.78637510513036 5.83683767872161 4.79394449116906 4.54163162321279 4.27249789739277 4.05382674516401 4.05382674516401 3.78469301934399 3.93608074011775 3.80151387720773
-9999 -9999 -9999 -9999 -9999 -9999 -9999 -9999 -9999 -9999 -9999 -9999 -9999 -9999 7.36753574432296 12.7838519764508 17.1404541631623 51.6568544995795 49.6888141295206 50.5298570227082 48.4945332211943 46.3078216989066 47.3507148864592 53.9444911690496 55.407905803196 61.6148023549201 63.2968881412952 59.6131202691337 54.9873843566022 53.5912531539108 50.8830950378469 48.376787216148 47.4179983179142 43.9697224558453 40.8578637510513 39.663582842725 33.5071488645921 28.0740117746005 26.9638351555929 23.2632464255677 20.4205214465938 16.820857863751 13.9108494533221 11.1690496215307 10.7821698906644 9.26829268292684 8.32632464255676 7.9394449116905 7.23296888141296 6.66105971404543 6.64423885618166 6.37510513036166 6.07232968881413 5.44995794785534 5.51724137931036 5.01261564339781 5.01261564339781 5.34903280067283 5.34903280067283 5.33221194280908
-9999 -9999 -9999 -9999 -9999 -9999 -9999 -9999 -9999 -9999 -9999 -9999 -9999 -9999 10.5803195962994 15.6265769554247 26.8797308662742 53.1370899915896 53.7594617325484 46.8460891505467 48.780487804878 46.6947014297729 46.0218671152229 54.4322960470984 59.1421362489487 65.0630782169891 61.1606391925988 57.3254835996636 54.2136248948696 52.3128679562658 49.6551724137931 47.6703111858705 45.8873002523129 42.8931875525652 40.0336417157275 36.8376787216148 30.6139613120269 27.1488645920942 24.8948696383515 21.4129520605551 18.7384356602187 14.6341463414634 12.834314550042 11.690496215307 9.60470984020185 8.91505466778806 8.34314550042052 7.31707317073171 7.28343145500421 7.08158116063919 6.99747687132044 7.13204373423044 7.08158116063919 6.05550883095038 4.45752733389403 4.54163162321278 5.14718250630782 6.93019343986543 7.31707317073171 7.51892346509673
-9999 -9999 -9999 -9999 -9999 -9999 -9999 -9999 -9999 -9999 -9999 -9999 -9999 -9999 -9999 33.3894028595458 43.0950378469302 58.1328847771236 55.7611438183347 50.0588730025231 49.4028595458368 49.1505466778806 50.4962153069807 60.3868797308663 63.0782169890664 64.8444070647603 59.59629941127 56.417157275021 53.4566862910008 51.5054667788057 49.1841883936081 46.7115222876367 44.5752733389403 41.8839360807401 38.5702270815812 34.9705634987384 29.5878889823381 25.6854499579479 24.322960470984 20.9924306139613 17.2750210260723 14.3650126156434 12.6156433978133 11.0681244743482 10.4962153069807 9.03280067283432 7.56938603868798 7.45164003364172 7.28343145500421 7.2161480235492 7.48528174936922 7.56938603868798 7.70395290159798 5.50042052144659 3.76787216148024 3.65012615643398 4.28931875525652 8.0067283431455 8.67956265769554 8.9318755256518
-9999 -9999 -9999 -9999 -9999 -9999 -9999 -9999 -9999 -9999 -9999 -9999 -9999 -9999 -9999 33.3894028595458 35.9629941126997 57.6114381833474 57.8132884777124 56.8376787216148 54.4154751892347 53.9949537426409 55.2901597981497 66.8797308662742 68.7468460891506 61.8671152228764 58.0824222035324 55.0378469301934 51.892346509672 50.4962153069807 47.300252312868 44.6089150546678 43.4987384356602 39.932716568545 34.8528174936922 32.8006728343146 27.4011774600505 24.8612279226241 23.1455004205214 20.067283431455 16.349873843566 14.1631623212784 12.2119428090833 10.2943650126156 9.03280067283432 8.30950378469302 7.63666947014299 7.43481917577797 7.63666947014299 7.67031118587047 8.12447434819177 8.62910008410429 6.82926829268293 5.24810765349033 3.78469301934399 3.76787216148024 4.12111017661901 6.77880571909167 10.5466778805719 10.8662741799832
-9999 -9999 -9999 -9999 -9999 -9999 -9999 -9999 -9999 -9999 -9999 -9999 -9999 -9999 -9999 29.3692178301093 37.2077375946173 55.5929352396972 57.8301093355761 60.53826745164 56.6021867115223 60.8410428931876 62.4222035323802 68.713204373423 65.8873002523129 59.1253153910849 56.7367535744323 53.2380151387721 50.8662741799832 48.6627417998318 45.7863751051304 43.4987384356602 41.2615643397813 37.3591253153911 31.8082422203532 28.3936080740118 25.4499579478553 23.0782169890664 20.6896551724138 17.3759461732548 15.407905803196 12.5483599663583 11.6568544995795 10.3280067283432 8.6963835155593 8.32632464255676 7.55256518082421 7.30025231286795 8.04037005887299 8.34314550042052 8.86459209419681 9.60470984020185 5.6686291000841 3.59966358284272 3.24642556770395 3.01093355761144 3.61648444070648 5.78637510513036 8.56181665264928 11.6063919259882
-9999 -9999 -9999 -9999 -9999 -9999 -9999 -9999 -9999 -9999 -9999 -9999 -9999 -9999 -9999 5.01261564339781 31.7746005046257 53.9949537426409 63.1455004205215 66.5096719932717 65.7863751051304 71.9428090832632 68.5954583683768 67.5189234650967 61.1606391925988 57.7964676198486 55.5592935239697 52.6829268292683 49.9915895710681 47.569386038688 45.2481076534903 42.3549201009251 40.3027754415475 35.9629941126997 29.1505466778806 27.0815811606392 24.3397813288478 21.2952060555088 19.932716568545 15.6602186711522 13.5239697224558 12.699747687132 11.7409587888982 9.60470984020185 9.18418839360808 8.41042893187554 7.30025231286795 7.48528174936922 8.46089150546678 9.11690496215307 9.60470984020185 9.92430613961313 5.29857022708158 4.00336417157275 3.36417157275021 3.11185870479394 3.31370899915896 5.55088309503785 9.35239697224558 11.959629941127
-9999 -9999 -9999 -9999 -9999 -9999 -9999 -9999 -9999 -9999 -9999 -9999 -9999 -9999 -9999 21.5979814970563 33.2548359966358 66.6778805719092 78.6038687973087 79.2767031118587 79.9495374264088 75.7106812447435 71.690496215307 65.4163162321278 61.8671152228764 56.8040370058873 54.9705634987384 51.3036164844407 47.9899074852818 46.8629100084104 43.3978132884777 40.3027754415475 38.7384356602187 31.959629941127 27.4011774600505 26.0723296888141 23.0613961312027 20.2859545836838 17.9983179142136 14.9705634987384 13.5239697224558 12.8679562657696 11.9091673675357 11.3372582001682 9.87384356602188 9.62153069806559 9.06644238856182 9.21783010933557 10.2775441547519 10.7317073170732 10.8326324642557 11.1185870479394 6.94701429772918 6.20689655172414 4.79394449116905 4.03700588730025 4.12111017661901 6.3919259882254 8.93187552565181 9.87384356602187
-9999 -9999 -9999 -9999 -9999 -9999 -9999 -9999 -9999 -9999 -9999 -9999 -9999 -9999 -9999 17.5105130361648 25.5172413793104 42.9100084104289 76.8376787216148 78.2001682085786 79.5626576955425 74.1799831791421 69.8570227081581 63.9529015979815 62.4558452481077 55.5256518082422 53.1202691337258 49.7729184188394 46.8629100084104 44.659377628259 41.5306980656013 38.7216148023549 34.8864592094197 29.6215306980656 26.2741799831791 24.5584524810765 21.4634146341463 19.1925988225399 15.1724137931035 14.0958788898234 13.4903280067283 12.3969722455845 12.3128679562658 12.1446593776283 10.7485281749369 10.9671993271657 10.9167367535744 10.9503784693019 11.7241379310345 12.1278385197645 12.2624053826745 11.0513036164844 7.51892346509672 5.92094196804037 4.72666105971405 4.86122792262405 4.99579478553406 5.24810765349033 6.77880571909167 8.8645920941968
-9999 -9999 -9999 -9999 -9999 -9999 -9999 -9999 -9999 -9999 -9999 -9999 -9999 -9999 -9999 42.9100084104289 25.5172413793104 48.4777123633305 45.7527333894029 74.8191757779647 79.9663582842725 74.8864592094197 69.1505466778806 61.8671152228764 58.7552565180824 55.1219512195122 52.1951219512195 49.1169049621531 45.8704793944491 43.6164844407065 40.8410428931875 36.5685449957948 33.2884777123633 28.6122792262405 25.4163162321278 24.1547518923465 21.1606391925988 16.5349032800673 15.5592935239697 14.3145500420522 13.0698065601346 12.8679562657696 12.5483599663583 12.497897392767 12.5315391084945 11.6400336417157 11.825063078217 12.2119428090833 12.4642556770395 12.9857022708158 13.4903280067283 11.3204373423045 7.51892346509672 6.27417998317914 4.65937762825904 5.16400336417157 5.48359966358284 5.16400336417157 6.77880571909167 8.02354920100925
