Results/Mess_Current.asc
NCOLS 581 
NROWS 855 
XLLCORNER -74.916666667 
YLLCORNER -55.833333333 
CELLSIZE 0.0833333333339071 
NODATA_value -9999 
[rows 0 to 26 of 855, columns 61 to 121 of 581]
-9999 -9999 -9999 -9999 -9999 -9999 -9999 -9999 -9999 -9999 -9999 -9999 -9999 -9999 -9999 -9999 -9999 -9999 -9999 -9999 -9999 -9999 -9999 -9999 -9999 -9999 -9999 -9999 -9999 -9999 -9999 -9999 -9999 -9999 -9999 -9999 -9999 -9999 -9999 -9999 -9999 -9999 -9999 -9999 -9999 -9999 -9999 -9999 -9999 -9999 -9999 -9999 -9999 -9999 -9999 -9999 -9999 -9999 -9999 -9999 -9999
12.4642556770395 12.1783010933558 11.9091673675357 11.8755256518082 12.2119428090833 11.825063078217 11.8082422203532 11.6736753574432 11.7241379310345 11.1522287636669 -9999 -9999 -9999 -9999 -9999 -9999 -9999 -9999 -9999 -9999 -9999 -9999 -9999 -9999 -9999 -9999 -9999 -9999 -9999 -9999 -9999 -9999 -9999 -9999 -9999 -9999 -9999 -9999 -9999 -9999 -9999 -9999 -9999 -9999 -9999 -9999 -9999 -9999 -9999 -9999 -9999 -9999 -9999 -9999 -9999 -9999 -9999 -9999 -9999 -9999 -9999
12.094196804037 12.0773759461733 11.8418839360807 11.8755256518082 11.9091673675357 11.7746005046257 11.7746005046257 11.6400336417157 11.354079058032 10.9671993271657 10.7821698906644 10.1093355761144 7.973086627418 6.56013456686291 6.15643397813288 6.32464255677039 6.15643397813288 -9999 -9999 -9999 -9999 -9999 -9999 -9999 -9999 -9999 -9999 -9999 -9999 -9999 -9999 -9999 -9999 -9999 -9999 -9999 -9999 -9999 -9999 -9999 -9999 -9999 -9999 -9999 -9999 -9999 -9999 -9999 -9999 -9999 -9999 -9999 -9999 -9999 -9999 -9999 -9999 -9999 -9999 -9999 -9999
12.0437342304458 11.9428090832632 11.7914213624895 11.8082422203532 11.8082422203532 11.757779646762 11.6736753574432 11.5391084945332 11.1690496215307 10.7821698906644 9.5878889823381 8.84777123633305 7.45164003364172 6.94701429772918 6.86291000841043 6.3919259882254 5.95458368376787 5.87047939444912 5.87047939444912 5.87047939444912 5.87047939444912 5.82001682085786 5.82001682085786 5.80319596299411 -9999 -9999 -9999 -9999 -9999 -9999 -9999 -9999 -9999 -9999 -9999 -9999 -9999 -9999 -9999 -9999 -9999 -9999 -9999 -9999 -9999 -9999 -9999 -9999 -9999 -9999 -9999 -9999 -9999 -9999 -9999 -9999 -9999 -9999 -9999 -9999 -9999
12.2792262405383 11.9091673675357 11.757779646762 11.7409587888982 11.7241379310345 11.6736753574432 11.6400336417157 11.5391084945332 11.3372582001682 11.0513036164844 10.8494533221194 10.0756938603869 8.62910008410429 7.16568544995795 6.52649285113541 6.15643397813288 5.92094196804037 5.88730025231287 5.88730025231287 5.88730025231287 5.85365853658537 5.82001682085786 5.85365853658537 5.83683767872161 5.80319596299411 5.73591253153911 5.6349873843566 5.50042052144659 5.09671993271657 4.23885618166526 3.28006728343146 -9999 -9999 -9999 -9999 -9999 -9999 -9999 -9999 -9999 -9999 -9999 -9999 -9999 -9999 -9999 -9999 -9999 -9999 -9999 -9999 -9999 -9999 -9999 -9999 -9999 -9999 -9999 -9999 -9999 -9999
12.0773759461733 11.8587047939445 11.6736753574432 11.5895710681245 11.5054667788057 11.4045416316232 11.354079058032 11.2026913372582 11.0513036164844 11.0008410428932 10.8999158957107 10.5634987384357 8.8645920941968 7.67031118587048 6.74516400336417 5.92094196804037 5.93776282590412 5.90412111017662 5.88730025231287 5.88730025231287 5.87047939444912 5.87047939444912 5.87047939444912 5.85365853658537 5.80319596299411 5.70227081581161 5.61816652649285 5.44995794785534 4.67619848612279 3.51555929352397 3.02775441547519 2.87636669470143 3.11185870479394 3.33052985702271 3.1623212783852 2.91000841042893 3.39781328847771 -9999 -9999 -9999 -9999 -9999 -9999 -9999 -9999 -9999 -9999 -9999 -9999 -9999 -9999 -9999 -9999 -9999 -9999 -9999 -9999 -9999 -9999 -9999 -9999
11.8418839360807 11.8082422203532 11.555929352397 11.354079058032 11.1354079058032 10.8830950378469 10.7821698906644 10.4962153069807 10.5298570227082 9.70563498738436 8.98233809924306 8.12447434819176 8.02354920100925 7.33389402859546 6.81244743481918 5.95458368376787 5.88730025231287 5.87047939444912 5.83683767872161 5.82001682085786 5.83683767872161 5.87047939444912 5.82001682085786 5.80319596299411 5.73591253153911 5.68544995794786 5.58452481076535 5.31539108494533 4.00336417157275 2.96047098402018 2.75862068965517 2.74179983179142 2.91000841042893 3.90243902439024 3.73423044575273 2.60723296888141 3.61648444070648 4.76030277544155 4.7434819175778 4.18839360807401 4.79394449116905 -9999 -9999 -9999 -9999 -9999 -9999 -9999 -9999 -9999 -9999 -9999 -9999 -9999 -9999 -9999 -9999 -9999 -9999 -9999 -9999
11.6736753574432 11.5391084945332 11.3372582001682 11.0176619007569 10.8494533221194 9.78973927670311 9.30193439865433 8.62910008410429 7.65349032800673 6.77880571909167 6.32464255677039 6.4592094196804 6.20689655172414 6.03868797308663 6.24053826745164 5.93776282590412 5.80319596299411 5.80319596299411 5.80319596299411 5.80319596299411 5.80319596299411 5.80319596299411 5.76955424726661 5.70227081581161 5.65180824222035 5.5340622371741 5.01261564339781 4.39024390243902 3.04457527333894 2.60723296888141 2.52312867956266 2.27081581160639 1.85029436501262 2.16989066442389 2.87636669470143 3.04457527333894 3.41463414634146 4.44070647603028 4.7434819175778 4.27249789739277 4.65937762825904 4.91169049621531 5.04625735912532 -9999 -9999 -9999 -9999 -9999 -9999 -9999 -9999 -9999 -9999 -9999 -9999 -9999 -9999 -9999 -9999 -9999 -9999
11.4718250630782 11.0008410428932 10.7989907485282 10.7148864592094 9.67199327165686 8.34314550042052 8.02354920100925 6.54331370899916 6.07232968881413 5.88730025231287 5.87047939444912 5.82001682085786 5.80319596299411 5.82001682085786 5.85365853658537 5.87047939444912 5.82001682085786 5.73591253153911 5.73591253153911 5.73591253153911 5.70227081581161 5.71909167367536 5.70227081581161 5.6349873843566 5.31539108494533 4.03700588730025 4.30613961312027 3.31370899915896 2.53994953742641 2.4053826745164 2.59041211101766 2.3717409587889 1.69890664423886 1.37931034482759 2.3380992430614 2.45584524810765 3.02775441547519 3.44827586206897 3.70058873002523 4.00336417157275 4.053826745164 4.44070647603028 4.89486963835156 5.07989907485282 5.21446593776283 -9999 -9999 -9999 -9999 -9999 -9999 -9999 -9999 -9999 -9999 -9999 -9999 -9999 -9999 -9999 -9999
11.1522287636669 10.7821698906644 10.1429772918419 9.5878889823381 7.973086627418 7.08158116063919 6.52649285113541 5.92094196804037 5.87047939444912 5.82001682085786 5.80319596299411 5.73591253153911 5.73591253153911 5.75273338940286 5.73591253153911 5.73591253153911 5.73591253153911 5.73591253153911 5.70227081581161 5.65180824222035 5.65180824222035 5.51724137931035 5.44995794785534 5.44995794785534 4.39024390243902 3.44827586206897 4.13793103448276 2.64087468460892 2.3380992430614 2.55677039529016 2.94365012615643 2.52312867956266 2.3717409587889 2.22035323801514 2.50630782169891 1.51387720773759 2.50630782169891 3.01093355761144 3.02775441547519 3.1623212783852 3.28006728343146 4.27249789739277 4.52481076534903 4.79394449116905 4.99579478553406 5.18082422203532 5.31539108494533 -9999 -9999 -9999 -9999 -9999 -9999 -9999 -9999 -9999 -9999 -9999 -9999 -9999 -9999
10.8494533221194 9.75609756097561 7.80487804878049 7.90580319596299 7.31707317073171 6.07232968881413 5.88730025231287 5.83683767872161 5.80319596299411 5.76955424726661 5.73591253153911 5.70227081581161 5.68544995794786 5.70227081581161 5.70227081581161 5.73591253153911 5.70227081581161 5.70227081581161 5.65180824222035 5.6349873843566 5.44995794785534 5.07989907485282 4.0874684608915 4.8444070647603 3.96972245584525 3.24642556770395 2.74179983179142 2.27081581160639 2.22035323801514 2.28763666947014 2.67451640033642 2.38856181665265 2.08578637510513 2.4053826745164 2.27081581160639 1.76619007569386 2.3717409587889 2.53994953742641 2.91000841042893 3.02775441547519 3.14550042052145 3.86879730866274 4.22203532380151 4.30613961312027 4.8107653490328 5.07989907485282 5.31539108494533 5.44995794785534 5.44995794785534 -9999 -9999 -9999 -9999 -9999 -9999 -9999 -9999 -9999 -9999 -9999 -9999
9.04962153069807 8.02354920100925 5.88730025231287 5.87047939444912 5.93776282590412 5.87047939444912 5.80319596299411 5.80319596299411 5.73591253153911 5.70227081581161 5.70227081581161 5.65180824222035 5.6349873843566 5.6349873843566 5.6349873843566 5.68544995794786 5.65180824222035 5.6349873843566 5.6349873843566 5.21446593776283 4.42388561816653 3.51555929352397 2.94365012615643 3.11185870479394 3.1623212783852 2.74179983179142 2.38856181665265 2.27081581160639 2.22035323801514 2.22035323801514 2.22035323801514 1.76619007569386 1.51387720773759 2.3380992430614 2.23717409587889 2.27081581160639 2.60723296888141 2.45584524810765 2.52312867956266 3.11185870479394 3.1623212783852 3.70058873002523 4.42388561816653 4.30613961312027 4.65937762825904 4.91169049621531 5.16400336417157 5.16400336417157 5.31539108494533 5.50042052144659 5.6349873843566 -9999 -9999 -9999 -9999 -9999 -9999 -9999 -9999 -9999 -9999
6.91337258200168 6.44238856181665 5.88730025231287 5.87047939444912 5.82001682085786 5.73591253153911 5.70227081581161 5.65180824222035 5.6349873843566 5.58452481076535 5.51724137931035 5.51724137931035 5.5340622371741 5.6349873843566 5.44995794785534 3.90243902439024 5.6349873843566 5.65180824222035 5.6013456686291 4.45752733389403 3.1623212783852 2.18671152228764 1.88393608074012 2.27081581160639 2.28763666947014 2.3717409587889 2.27081581160639 2.3717409587889 2.18671152228764 2.18671152228764 2.18671152228764 2.16989066442389 2.15306980656013 2.22035323801514 2.23717409587889 1.88393608074012 2.60723296888141 2.3717409587889 2.22035323801514 2.60723296888141 3.02775441547519 3.53238015138772 4.0201850294365 4.17157275021026 4.52481076534903 4.76030277544155 5.07989907485282 3.68376787216148 4.45752733389403 5.34903280067283 5.70227081581161 5.88730025231287 6.84608915054668 -9999 -9999 -9999 -9999 -9999 -9999 -9999 -9999
5.88730025231287 5.80319596299411 5.80319596299411 5.85365853658537 5.73591253153911 5.65180824222035 5.5340622371741 5.38267451640034 5.43313708999159 5.39949537426409 5.44995794785534 5.58452481076535 5.68544995794786 5.70227081581161 5.58452481076535 5.18082422203532 5.48359966358284 5.51724137931035 5.50042052144659 4.44070647603028 2.38856181665265 0.941968040370059 2.38856181665265 3.04457527333894 2.3717409587889 2.18671152228764 2.27081581160639 2.3717409587889 2.22035323801514 2.15306980656013 2.15306980656013 2.18671152228764 2.08578637510513 2.4053826745164 2.23717409587889 2.28763666947014 2.38856181665265 2.3380992430614 2.4726661059714 2.52312867956266 2.60723296888141 3.2296047098402 3.51555929352397 4.03700588730025 4.39024390243902 4.67619848612279 4.99579478553406 4.8107653490328 5.09671993271657 5.50042052144659 5.85365853658537 7.35071488645921 8.20857863751051 10.3952901597981 11.5222876366695 11.8082422203532 -9999 -9999 -9999 -9999 -9999
5.80319596299411 5.70227081581161 5.65180824222035 5.71909167367536 5.6349873843566 5.5340622371741 5.31539108494533 5.28174936921783 5.33221194280908 5.6013456686291 5.70227081581161 5.73591253153911 5.73591253153911 5.70227081581161 5.65180824222035 5.51724137931035 4.91169049621531 4.0201850294365 3.1959629941127 2.60723296888141 2.45584524810765 2.3717409587889 3.2296047098402 2.72497897392767 1.98486122792262 2.03532380151388 2.22035323801514 2.22035323801514 2.22035323801514 2.28763666947014 2.15306980656013 2.16989066442389 2.22035323801514 2.28763666947014 1.81665264928511 2.45584524810765 2.38856181665265 2.3717409587889 2.45584524810765 2.00168208578638 1.49705634987384 2.75862068965517 3.24642556770395 3.81833473507149 4.44070647603028 4.89486963835156 3.53238015138772 2.82590412111018 3.51555929352397 5.50042052144659 6.66105971404542 9.13372582001682 9.94112699747687 10.8662741799832 11.5054667788057 11.7914213624895 11.8082422203532 11.9428090832632 -9999 -9999 -9999
5.75273338940286 5.70227081581161 5.31539108494533 5.38267451640034 5.01261564339781 5.39949537426409 5.18082422203532 5.50042052144659 5.51724137931035 5.68544995794786 5.73591253153911 5.73591253153911 5.73591253153911 5.70227081581161 5.6349873843566 5.18082422203532 4.0201850294365 2.18671152228764 1.6484440706476 2.00168208578638 2.59041211101766 2.67451640033642 2.38856181665265 2.22035323801514 2.22035323801514 2.18671152228764 2.38856181665265 2.23717409587889 2.18671152228764 2.28763666947014 2.22035323801514 2.22035323801514 2.22035323801514 2.22035323801514 2.4726661059714 2.53994953742641 2.4726661059714 2.38856181665265 1.98486122792262 2.22035323801514 2.27081581160639 2.67451640033642 3.1286795626577 3.86879730866274 4.91169049621531 4.91169049621531 3.02775441547519 2.50630782169891 4.32296047098402 5.6349873843566 7.08158116063919 10.1261564339781 9.85702270815812 10.7148864592094 11.0513036164844 11.4381833473507 11.7409587888982 12.094196804037 12.3465096719933 12.6829268292683 -9999
5.65180824222035 5.61816652649285 5.44995794785534 5.16400336417157 5.18082422203532 5.07989907485282 5.33221194280908 5.6349873843566 5.70227081581161 5.70227081581161 5.71909167367536 5.73591253153911 5.73591253153911 5.65180824222035 5.44995794785534 3.36417157275021 2.50630782169891 2.38856181665265 2.27081581160639 2.22035323801514 2.11942809083263 2.28763666947014 2.3380992430614 2.27081581160639 2.28763666947014 2.27081581160639 2.3717409587889 2.22035323801514 2.18671152228764 2.45584524810765 1.85029436501262 1.83347350714886 2.27081581160639 2.3717409587889 2.3717409587889 1.91757779646762 2.4053826745164 2.23717409587889 2.22035323801514 2.55677039529016 2.59041211101766 2.60723296888141 3.02775441547519 4.23885618166526 5.16400336417157 4.76030277544155 3.39781328847771 3.88561816652649 5.02943650126156 5.6349873843566 7.45164003364172 8.24222035323801 9.10008410428932 10.7485281749369 11.0176619007569 11.5054667788057 11.7241379310345 12.026913372582 12.363330529857 12.8174936921783 13.0361648444071
5.73591253153911 5.34903280067283 5.02943650126156 5.04625735912532 5.14718250630782 5.07989907485282 5.31539108494533 5.5340622371741 5.70227081581161 5.70227081581161 5.70227081581161 5.71909167367536 5.68544995794786 5.61816652649285 4.27249789739277 2.60723296888141 2.38856181665265 2.3717409587889 2.38856181665265 2.27081581160639 2.38856181665265 2.52312867956266 2.50630782169891 2.00168208578638 2.22035323801514 2.3717409587889 2.28763666947014 2.15306980656013 1.6484440706476 2.22035323801514 1.85029436501262 2.00168208578638 2.38856181665265 2.3717409587889 2.4726661059714 2.3717409587889 2.23717409587889 1.81665264928511 2.4053826745164 2.52312867956266 2.52312867956266 2.67451640033642 2.87636669470143 3.91925988225399 4.96215306980656 4.65937762825904 4.8444070647603 5.33221194280908 5.50042052144659 5.70227081581161 7.1825063078217 7.73759461732548 8.69638351555929 10.7821698906644 11.0849453322119 11.623212783852 11.825063078217 12.0605550883095 12.5147182506308 12.8679562657696 13.0529857022708
5.80319596299411 5.65180824222035 4.76030277544155 4.70984020185029 4.91169049621531 5.01261564339781 4.76030277544155 5.04625735912532 5.65180824222035 5.70227081581161 5.70227081581161 5.70227081581161 5.6349873843566 5.18082422203532 3.1286795626577 2.45584524810765 2.59041211101766 2.38856181665265 2.48948696383516 2.4053826745164 3.02775441547519 1.85029436501262 0.891505466778806 1.81665264928511 2.38856181665265 2.3717409587889 2.15306980656013 2.3717409587889 2.22035323801514 2.38856181665265 2.28763666947014 2.38856181665265 2.38856181665265 2.45584524810765 2.3380992430614 1.85029436501262 2.59041211101766 2.3717409587889 2.45584524810765 2.38856181665265 2.59041211101766 2.60723296888141 3.14550042052145 4.44070647603028 5.24810765349033 4.52481076534903 4.76030277544155 5.65180824222035 5.73591253153911 5.70227081581161 5.85365853658537 7.35071488645921 9.16736753574432 10.7821698906644 11.3204373423045 11.6736753574432 11.9259882253995 12.094196804037 12.4474348191758 13.1370899915896 13.3221194280908
5.48359966358284 5.38267451640034 4.57527333894029 4.8444070647603 4.96215306980656 4.7434819175778 4.76030277544155 4.65937762825904 5.31539108494533 5.70227081581161 5.65180824222035 5.39949537426409 5.18082422203532 4.35660218671152 2.15306980656013 2.3717409587889 2.52312867956266 2.08578637510513 2.59041211101766 2.4726661059714 2.87636669470143 2.48948696383516 1.53069806560135 2.23717409587889 2.38856181665265 2.38856181665265 2.3717409587889 2.38856181665265 2.3717409587889 2.4053826745164 2.28763666947014 2.3380992430614 2.3717409587889 2.00168208578638 1.85029436501262 2.48948696383516 3.1623212783852 2.52312867956266 2.38856181665265 2.38856181665265 2.50630782169891 2.69133725820017 3.88561816652649 4.57527333894029 4.7434819175778 4.44070647603028 5.02943650126156 5.70227081581161 5.76955424726661 5.73591253153911 5.87047939444912 7.85534062237174 10.2943650126156 11.1185870479394 11.690496215307 11.9932716568545 12.2119428090833 12.1783010933558 12.2119428090833 12.9688814129521 13.1370899915896
4.44070647603028 3.90243902439024 3.36417157275021 4.32296047098402 4.0874684608915 4.25567703952902 4.17157275021026 3.44827586206897 5.09671993271657 5.5340622371741 5.38267451640034 3.46509671993272 3.14550042052145 2.87636669470143 1.79983179142136 2.53994953742641 2.53994953742641 2.60723296888141 3.14550042052145 2.59041211101766 2.52312867956266 2.53994953742641 2.59041211101766 2.4053826745164 2.4053826745164 2.4053826745164 2.38856181665265 2.45584524810765 2.3717409587889 2.45584524810765 2.38856181665265 2.27081581160639 2.4053826745164 2.15306980656013 2.3380992430614 2.3717409587889 2.00168208578638 2.08578637510513 2.4726661059714 2.38856181665265 2.50630782169891 2.80908326324643 3.31370899915896 3.51555929352397 4.053826745164 4.44070647603028 5.50042052144659 5.71909167367536 5.80319596299411 5.88730025231287 5.95458368376787 8.49453322119428 10.9335576114382 11.4045416316232 11.825063078217 12.3128679562658 12.4642556770395 12.6156433978133 12.6156433978133 13.0361648444071 13.0866274179983
5.07989907485282 3.96972245584525 5.21446593776283 5.58452481076535 4.17157275021026 3.1286795626577 3.1623212783852 3.1623212783852 5.16400336417157 3.73423044575273 4.44070647603028 2.60723296888141 2.75862068965517 3.91925988225399 2.82590412111018 2.69133725820017 2.59041211101766 2.64087468460892 2.79226240538267 2.53994953742641 2.59041211101766 2.64087468460892 2.52312867956266 2.53994953742641 2.50630782169891 2.45584524810765 2.50630782169891 2.45584524810765 2.45584524810765 2.52312867956266 2.45584524810765 2.38856181665265 2.38856181665265 2.00168208578638 2.87636669470143 2.72497897392767 2.60723296888141 2.15306980656013 2.3717409587889 2.45584524810765 2.4726661059714 2.3717409587889 2.72497897392767 2.91000841042893 3.44827586206897 4.44070647603028 5.5340622371741 5.68544995794786 5.87047939444912 6.91337258200168 6.81244743481918 8.69638351555929 11.3036164844407 11.6736753574432 11.9428090832632 12.6661059714045 12.9857022708158 13.0866274179983 12.8847771236333 13.0866274179983 13.3221194280908
11.0176619007569 7.09840201850294 9.30193439865433 8.66274179983179 6.03868797308663 5.33221194280908 5.73591253153911 5.70227081581161 5.6686291000841 5.18082422203532 5.51724137931035 4.76030277544155 2.55677039529016 2.72497897392767 2.53994953742641 2.52312867956266 2.60723296888141 2.87636669470143 2.45584524810765 2.4726661059714 2.79226240538267 2.59041211101766 2.45584524810765 2.48948696383516 2.4726661059714 2.45584524810765 2.45584524810765 2.45584524810765 2.45584524810765 2.45584524810765 2.45584524810765 2.53994953742641 2.52312867956266 2.60723296888141 3.51555929352397 2.75862068965517 2.72497897392767 2.3717409587889 2.45584524810765 2.48948696383516 2.60723296888141 2.67451640033642 2.72497897392767 3.39781328847771 3.39781328847771 4.52481076534903 5.38267451640034 5.70227081581161 5.87047939444912 7.61984861227923 8.20857863751051 9.75609756097561 11.3036164844407 11.6736753574432 11.9932716568545 12.6492851135408 13.0866274179983 13.4398654331371 13.2716568544996 13.3221194280908 13.4062237174096
13.2716568544996 12.9857022708158 13.0866274179983 12.8847771236333 12.7333894028595 11.4045416316232 11.8418839360807 11.4045416316232 11.0681244743482 9.16736753574432 7.61984861227923 7.40117746005046 5.85365853658537 5.65180824222035 5.70227081581161 5.11354079058032 4.67619848612279 4.76030277544155 2.03532380151388 2.52312867956266 1.85029436501262 1.85029436501262 2.27081581160639 2.23717409587889 2.3380992430614 2.3717409587889 2.60723296888141 2.38856181665265 2.38856181665265 2.59041211101766 2.60723296888141 2.27081581160639 2.18671152228764 2.45584524810765 2.52312867956266 2.53994953742641 2.60723296888141 2.45584524810765 2.52312867956266 2.53994953742641 2.69133725820017 2.87636669470143 3.14550042052145 4.0874684608915 2.80908326324643 4.00336417157275 5.43313708999159 5.75273338940286 5.88730025231287 6.99747687132044 8.89823380992431 10.9167367535744 11.421362489487 11.3877207737595 11.9428090832632 12.3128679562658 12.8174936921783 13.1539108494533 13.4735071488646 13.8772077375946 13.8940285954584
15.0378469301934 14.3986543313709 13.9444911690496 14.6341463414634 15.0883095037847 14.4491169049622 13.9613120269134 14.1968040370059 14.7182506307822 14.4322960470984 13.0866274179983 12.3128679562658 11.354079058032 10.1766190075694 11.5391084945332 11.0008410428932 6.98065601345669 5.95458368376787 7.75441547518923 6.84608915054668 5.82001682085786 5.70227081581161 5.65180824222035 5.61816652649285 5.02943650126156 5.5340622371741 5.18082422203532 2.53994953742641 2.38856181665265 2.22035323801514 2.28763666947014 2.22035323801514 1.88393608074012 2.64087468460892 2.69133725820017 2.4053826745164 2.52312867956266 2.45584524810765 2.45584524810765 2.59041211101766 2.67451640033642 2.79226240538267 4.22203532380151 4.91169049621531 2.72497897392767 4.03700588730025 5.5340622371741 5.82001682085786 5.93776282590412 6.56013456686291 8.12447434819176 10.8662741799832 11.555929352397 11.757779646762 12.0437342304458 12.1783010933558 12.5315391084945 13.0361648444071 13.5912531539108 13.8099243061396 13.9613120269134
16.0302775441548 14.9537426408747 14.7855340622372 15.5256518082422 15.3742640874685 17.2582001682086 16.9722455845248 17.0227081581161 19.1084945332212 17.9478553406224 15.7106812447435 13.6585365853659 12.0437342304458 10.9671993271657 11.8755256518082 12.1278385197645 11.6736753574432 11.0008410428932 11.5054667788057 11.7746005046257 11.555929352397 11.4381833473507 10.1261564339781 7.67031118587048 6.30782169890664 5.93776282590412 5.80319596299411 5.61816652649285 5.55088309503785 4.32296047098402 2.3380992430614 2.3380992430614 2.3717409587889 2.60723296888141 3.28006728343146 2.60723296888141 2.45584524810765 2.60723296888141 2.60723296888141 3.21278385197645 2.79226240538267 3.04457527333894 3.51555929352397 3.73423044575273 3.02775441547519 3.51555929352397 5.24810765349033 5.83683767872161 5.88730025231287 6.32464255677039 7.50210260723297 9.75609756097561 11.2026913372582 11.7746005046257 12.1446593776283 12.0773759461733 12.2455845248108 13.0025231286796 13.3725820016821 13.7762825904121 14.1126997476871
16.6021867115223 16.2489486963835 16.080740117746 16.349873843566 15.8620689655173 17.0058873002523 17.4768713204373 17.3086627417998 18.4861227922624 18.7384356602187 14.7182506307822 13.8940285954584 13.0361648444071 11.9091673675357 12.767031118587 12.3969722455845 12.9857022708158 12.6156433978133 12.5483599663583 12.2119428090833 12.1446593776283 12.0773759461733 11.892346509672 11.623212783852 11.4550042052145 10.9671993271657 9.6551724137931 7.40117746005046 5.88730025231287 5.73591253153911 5.50042052144659 3.24642556770395 2.38856181665265 2.50630782169891 2.59041211101766 2.23717409587889 2.53994953742641 2.60723296888141 2.53994953742641 2.69133725820017 2.87636669470143 3.1623212783852 3.24642556770395 3.02775441547519 2.87636669470143 2.80908326324643 3.1623212783852 5.51724137931035 5.70227081581161 5.87047939444912 7.13204373423045 9.50378469301934 10.8999158957107 11.555929352397 12.1446593776283 12.3801513877208 12.2455845248108 12.6156433978133 13.1539108494533 13.6753574432296 14.1295206055509
