Results/Mess_RCP6.0.asc
NCOLS 581 
NROWS 855 
XLLCORNER -74.916666667 
YLLCORNER -55.833333333 
CELLSIZE 0.0833333333339071 
NODATA_value -9999 
[rows 546 to 571 of 855, columns 300 to 359 of 581]
53.7426408746846 56.013456686291 56.2994112699748 56.686291000841 54.4491169049621 51.1690496215307 54.3313708999159 53.0698065601346 55.2396972245584 54.9537426408747 48.2085786375105 48.4945332211943 50.3952901597981 51.8755256518082 43.8183347350715 41.7157275021026 37.9646761984861 43.2632464255677 46.4928511354079 43.3641715727502 42.5399495374264 39.9158957106812 37.1740958788898 36.484440706476 34.3650126156434 23.3978132884777 18.6375105130362 9.94112699747687 5.51724137931035 5.76955424726661 4.28931875525652 4.03700588730025 3.88561816652649 4.03700588730025 3.76787216148024 4.12111017661901 4.37342304457527 4.70984020185029 5.58452481076535 5.75273338940286 6.13961312026913 6.54331370899916 6.69470142977292 6.71152228763667 8.37678721614802 8.74684608915055 8.57863751051304 8.78048780487805 11.3036164844407 -9999 -9999 -9999 -9999 -9999 -9999 -9999 -9999 -9999 -9999 -9999
52.699747687132 55.7947855340622 56.686291000841 56.9386038687973 53.9781328847771 50.8326324642557 53.9108494533221 55.8957106812448 54.4659377628259 52.1446593776283 49.5037846930193 49.1000841042893 48.2758620689655 48.3936080740118 46.1732548359966 47.636669470143 41.8334735071489 44.524810765349 44.390243902439 42.5063078216989 40.3700588730025 38.5365853658536 36.9890664423885 35.2228763666947 33.2716568544996 19.32716568545 12.1951219512195 6.98065601345669 5.43313708999159 5.24810765349033 4.12111017661901 3.76787216148024 4.12111017661901 3.17914213624895 3.48191757779647 3.56602186711522 3.61648444070648 5.5340622371741 5.6686291000841 6.69470142977292 7.88898233809924 8.12447434819176 8.94869638351556 8.67956265769554 8.98233809924306 9.50378469301934 8.040370058873 8.39360807401177 11.4718250630782 -9999 -9999 -9999 -9999 -9999 -9999 -9999 -9999 -9999 -9999 -9999
53.5407905803196 56.0639192598823 56.9049621530698 55.1051303616484 46.6778805719092 49.6888141295206 56.080740117746 54.0454163162321 54.2304457527334 57.1404541631623 53.0025231286796 48.713204373423 49.1000841042893 48.0740117746005 48.444070647603 47.1152228763667 46.8460891505467 46.4423885618167 43.986543313709 41.1774600504626 40.336417157275 38.3851976450799 36.2321278385198 35.5088309503785 32.767031118587 16.0470984020185 12.9352396972246 7.41799831791421 5.46677880571909 5.29857022708158 4.45752733389403 4.27249789739277 3.59966358284272 3.31370899915896 3.36417157275021 3.59966358284272 3.70058873002523 4.92851135407906 6.72834314550042 7.1488645920942 8.46089150546678 10.4289318755257 10.6812447434819 10.4793944491169 10.3280067283431 10.5298570227082 9.67199327165686 10.1597981497056 -9999 -9999 -9999 -9999 -9999 -9999 -9999 -9999 -9999 -9999 -9999 -9999
55.5088309503785 56.4507989907485 50.4962153069807 51.286795626577 45.8200168208579 55.7779646761985 55.2396972245584 53.0025231286796 51.6400336417157 53.2043734230446 49.4028595458368 48.5618166526493 48.444070647603 48.0740117746005 47.8216989066442 47.0142977291842 46.5769554247267 46.0723296888141 42.9941126997477 40.4878048780488 40.13456686291 38.0656013456686 36.1143818334735 35.878889823381 29.7392767031119 16.0302775441548 14.6846089150547 8.15811606391926 5.55088309503785 6.27417998317914 3.91925988225399 3.41463414634146 3.36417157275021 3.36417157275021 3.41463414634146 3.29688814129521 3.76787216148024 5.24810765349033 6.15643397813288 7.9394449116905 10.3280067283431 11.3708999158957 12.2624053826745 12.7838519764508 12.7502102607233 13.4062237174096 12.7502102607233 -9999 -9999 -9999 -9999 -9999 -9999 -9999 -9999 -9999 -9999 -9999 -9999 -9999
55.878889823381 51.8082422203532 49.2346509671993 49.3523969722456 54.1463414634146 57.0058873002523 55.2396972245584 51.3372582001682 51.152228763667 49.7560975609756 49.2514718250631 48.2758620689655 47.9226240538267 48.5281749369218 47.0142977291842 46.8460891505467 45.4667788057191 43.0613961312027 40.8746846089151 40.0841042893187 38.4861227922624 37.1909167367536 36.148023549201 33.1875525651808 19.9831791421362 15.2565180824222 12.4137931034483 8.44407064760303 7.31707317073171 5.29857022708158 3.1959629941127 3.01093355761144 2.84272497897393 2.3380992430614 2.74179983179142 2.67451640033642 3.36417157275021 5.02943650126156 7.41799831791421 8.30950378469302 11.8755256518082 12.9015979814971 15.0546677880572 16.9554247266611 16.1648444070648 14.9201009251472 -9999 -9999 -9999 -9999 -9999 -9999 -9999 -9999 -9999 -9999 -9999 -9999 -9999 -9999
45.3322119428091 42.9436501261564 45.8873002523129 49.9243061396131 48.6795626576956 51.6400336417157 52.363330529857 50.5466778805719 50.2270815811606 49.2178301093356 48.5618166526493 48.4945332211943 47.232968881413 46.9470142977292 46.7115222876367 46.1900756938604 43.5323801513877 42.8763666947014 40.67283431455 38.7216148023549 38.4188393608074 37.1236333052986 35.8284272497897 33.9613120269134 21.8502943650126 14.7182506307822 12.430613961312 9.77291841883936 8.34314550042052 6.27417998317914 4.07064760302775 2.67451640033642 3.17914213624895 2.92682926829268 2.77544154751892 3.01093355761144 4.00336417157275 5.6013456686291 6.91337258200168 11.3204373423045 13.8435660218671 14.7350714886459 16.5012615643398 16.3835155592935 16.215306980656 16.148023549201 -9999 -9999 -9999 -9999 -9999 -9999 -9999 -9999 -9999 -9999 -9999 -9999 -9999 -9999
32.3969722455845 37.5946173254836 48.174936921783 52.2792262405383 53.4566862910008 51.152228763667 53.0025231286796 49.4028595458368 48.444070647603 48.444070647603 48.713204373423 47.838519764508 46.5601345668629 45.9882253994954 45.1135407905803 42.7249789739277 42.1362489486964 41.2447434819176 39.73086627418 38.5197645079899 38.2169890664424 36.9049621530698 31.8418839360807 30.5971404541632 17.7964676198486 14.6509671993272 13.6248948696384 8.88141295206056 6.77880571909167 6.29100084104289 4.12111017661901 3.28006728343146 3.36417157275021 2.87636669470143 3.17914213624895 3.17914213624895 3.56602186711522 6.72834314550042 7.46846089150547 9.92430613961312 12.8511354079058 15.1724137931034 15.6938603868797 15.8620689655172 16.013456686291 -9999 -9999 -9999 -9999 -9999 -9999 -9999 -9999 -9999 -9999 -9999 -9999 -9999 -9999 -9999
32.3296888141295 48.2758620689655 49.2682926829268 58.9571068124474 52.1446593776283 50.0252312867956 48.8309503784693 48.0740117746005 47.7544154751892 47.7544154751892 46.8797308662742 46.1900756938604 45.2312867956266 44.053826745164 40.8074011774601 39.9158957106812 39.3608074011775 38.7216148023549 38.1497056349874 37.4264087468461 36.0639192598823 32.8174936921783 27.8216989066442 19.0580319596299 15.9293523969722 14.0117746005046 11.4550042052145 10.0420521446594 7.13204373423045 6.07232968881413 5.46677880571909 3.36417157275021 3.04457527333894 3.65012615643398 4.0201850294365 5.24810765349033 7.11522287636669 7.08158116063919 8.46089150546678 9.77291841883936 10.5466778805719 14.0285954583684 16.0975609756098 15.7106812447435 -9999 -9999 -9999 -9999 -9999 -9999 -9999 -9999 -9999 -9999 -9999 -9999 -9999 -9999 -9999 -9999
37.9142136248949 40.9924306139613 56.3835155592935 53.0025231286796 51.8755256518082 49.2514718250631 48.2085786375105 47.3338940285955 47.367535744323 46.8460891505467 45.4835996635828 43.246425567704 41.3624894869638 38.9571068124474 39.0412111017662 38.0151387720774 36.7031118587048 36.2994112699748 35.4920100925147 33.2380151387721 30.9335576114382 29.0664423885618 18.7384356602187 18.9907485281749 15.8957106812447 12.7502102607233 12.228763666947 11.3708999158957 7.973086627418 7.63666947014298 6.66105971404542 4.12111017661901 3.85197645079899 5.02943650126156 6.22371740958789 6.79562657695542 8.39360807401177 8.52817493692178 9.10008410428932 10.3616484440706 11.3204373423045 13.5071488645921 15.878889823381 -9999 -9999 -9999 -9999 -9999 -9999 -9999 -9999 -9999 -9999 -9999 -9999 -9999 -9999 -9999 -9999 -9999
44.3061396131203 50.3952901597981 53.4566862910008 51.6400336417157 49.4028595458368 56.8208578637511 47.703952901598 47.1825063078217 46.2741799831791 44.3566021867115 42.3044575273339 39.663582842725 37.4432296047098 36.5012615643398 36.2321278385198 35.1892346509672 33.9949537426409 32.9520605550883 30.7821698906644 28.2926829268293 26.3414634146341 18.0487804878049 16.1312026913373 16.1984861227923 14.1968040370059 13.2716568544996 14.1799831791421 12.8006728343146 10.3784693019344 10.9840201850294 9.35239697224558 8.25904121110177 8.88141295206056 10.0420521446594 9.94112699747687 10.4289318755257 12.0773759461733 11.8755256518082 10.7148864592094 12.2792262405383 13.3221194280908 14.8696383515559 15.1051303616484 -9999 -9999 -9999 -9999 -9999 -9999 -9999 -9999 -9999 -9999 -9999 -9999 -9999 -9999 -9999 -9999 -9999
53.0529857022708 52.363330529857 50.5466778805719 48.713204373423 48.3936080740118 47.703952901598 47.2497897392767 46.1900756938604 43.2968881412952 40.7232968881413 38.3515559293524 36.349873843566 35.5761143818335 34.7014297729184 33.5576114381834 32.0773759461733 30.7148864592094 28.4104289318755 26.2068965517241 20.8746846089151 13.8435660218671 14.3145500420521 15.4920100925147 14.3650126156434 15.677039529016 15.8452481076535 15.407905803196 15.9293523969722 15.3910849453322 14.8023549201009 14.1968040370059 12.9015979814971 13.3052985702271 13.9781328847771 14.8864592094197 15.9629941126997 15.7947855340622 15.3910849453322 14.7182506307822 15.4415475189235 15.1051303616484 14.8191757779647 -9999 -9999 -9999 -9999 -9999 -9999 -9999 -9999 -9999 -9999 -9999 -9999 -9999 -9999 -9999 -9999 -9999 -9999
50.3952901597981 51.8755256518082 48.8309503784693 47.636669470143 48.0571909167368 47.3338940285955 46.1900756938604 42.1698906644239 39.6467619848612 37.7291841883936 35.9966358284272 34.6005046257359 33.0866274179983 31.5054667788057 30.0420521446594 28.8814129520606 27.232968881413 26.0555088309504 24.121110176619 12.7502102607233 12.7502102607233 13.8099243061396 12.8847771236333 15.2565180824222 16.1648444070648 15.946173254836 17.6282590412111 17.4432296047098 17.8805719091674 17.5777964676198 15.3238015138772 15.0546677880572 15.7779646761985 15.7611438183347 16.5685449957948 16.148023549201 16.3162321278385 15.6602186711522 15.0883095037847 14.9369217830109 14.8023549201009 -9999 -9999 -9999 -9999 -9999 -9999 -9999 -9999 -9999 -9999 -9999 -9999 -9999 -9999 -9999 -9999 -9999 -9999 -9999
49.1000841042893 49.4028595458368 49.4028595458368 48.5618166526493 47.8889823380992 45.9714045416316 42.6408746846089 38.8730025231287 37.0395290159798 35.407905803196 34.1463414634146 32.8679562657696 30.3616484440706 28.9823380992431 27.3843566021867 26.2237174095879 22.2539949537426 19.9663582842725 11.9764507989907 11.555929352397 11.354079058032 11.8082422203532 13.4903280067283 14.7350714886459 16.7872161480235 18.5870479394449 18.8393608074012 18.4693019343987 18.3683767872161 17.9646761984861 17.7291841883936 16.7872161480235 16.9890664423886 16.7872161480235 16.215306980656 15.7947855340622 15.4920100925147 14.9032800672834 14.7518923465097 14.6509671993272 -9999 -9999 -9999 -9999 -9999 -9999 -9999 -9999 -9999 -9999 -9999 -9999 -9999 -9999 -9999 -9999 -9999 -9999 -9999 -9999
52.6829268292683 48.5281749369218 48.9318755256518 47.703952901598 44.4743481917578 41.2783851976451 38.7384356602187 36.3330529857023 35.3742640874685 33.9781328847771 31.1858704793945 30.3280067283431 28.6122792262405 26.9470142977292 25.8368376787216 19.3608074011775 14.9705634987384 9.26829268292683 7.83851976450799 8.46089150546678 8.040370058873 8.57863751051304 13.1539108494533 14.7182506307822 16.8040370058873 18.4693019343987 18.4188393608074 18.1160639192599 17.6955424726661 17.6955424726661 17.9310344827586 16.7872161480235 16.3835155592935 16.013456686291 16.013456686291 15.7947855340622 15.0883095037847 14.8528174936922 14.6846089150547 -9999 -9999 -9999 -9999 -9999 -9999 -9999 -9999 -9999 -9999 -9999 -9999 -9999 -9999 -9999 -9999 -9999 -9999 -9999 -9999 -9999
50.8999158957107 49.6047098402018 47.703952901598 44.188393608074 40.8915054667788 38.8898233809924 36.2489486963835 35.1387720773759 34.1799831791421 33.6080740117746 29.8906644238856 28.0908326324643 26.9470142977292 25.8368376787216 23.380992430614 17.2750210260723 8.8645920941968 7.63666947014298 7.1488645920942 6.69470142977292 7.23296888141295 8.24222035323801 11.8755256518082 14.7182506307822 16.8881412952061 18.1665264928511 17.9646761984861 17.9310344827586 17.1236333052986 17.1236333052986 17.1236333052986 16.2657695542473 15.8620689655172 15.4920100925147 15.5592935239697 15.2565180824222 15.0883095037847 -9999 -9999 -9999 -9999 -9999 -9999 -9999 -9999 -9999 -9999 -9999 -9999 -9999 -9999 -9999 -9999 -9999 -9999 -9999 -9999 -9999 -9999 -9999
50.0252312867956 48.5281749369218 45.9882253994954 43.0782169890664 39.0748528174937 36.8713204373423 35.1387720773759 32.9015979814971 32.1446593776283 30.7989907485282 28.376787216148 27.367535744323 25.8368376787216 21.5138772077376 18.1497056349874 8.93187552565181 6.3919259882254 6.69470142977292 4.8107653490328 4.57527333894029 5.6686291000841 7.36753574432296 10.5130361648444 12.0437342304458 14.6677880571909 18.1160639192599 17.4432296047098 17.1236333052986 16.6021867115223 16.3330529857023 16.0975609756098 15.6433978132885 15.5256518082422 15.273338940286 15.0210260723297 -9999 -9999 -9999 -9999 -9999 -9999 -9999 -9999 -9999 -9999 -9999 -9999 -9999 -9999 -9999 -9999 -9999 -9999 -9999 -9999 -9999 -9999 -9999 -9999 -9999
47.636669470143 46.4423885618167 43.0445752733389 40.2354920100925 37.5441547518923 35.475189234651 33.0698065601346 30.5298570227082 29.5542472666106 28.6122792262405 27.9226240538267 26.9470142977292 25.3658536585366 22.0185029436501 14.6846089150547 9.95794785534062 6.82926829268293 4.94533221194281 3.48191757779647 2.91000841042893 3.36417157275021 4.67619848612279 6.77880571909167 9.10008410428932 13.8772077375946 18.0487804878049 17.1236333052986 16.7703952901598 16.349873843566 16.0975609756098 15.7947855340622 15.475189234651 15.273338940286 15.1219512195122 -9999 -9999 -9999 -9999 -9999 -9999 -9999 -9999 -9999 -9999 -9999 -9999 -9999 -9999 -9999 -9999 -9999 -9999 -9999 -9999 -9999 -9999 -9999 -9999 -9999 -9999
46.5433137089992 44.0370058873003 40.7737594617326 38.3683767872161 36.0302775441548 33.9613120269134 31.4550042052145 30.3616484440706 28.8814129520606 26.9470142977292 26.2237174095879 25.4667788057191 24.4070647603028 16.6526492851135 14.3145500420521 10.7485281749369 6.82926829268293 5.28174936921783 4.27249789739277 2.94365012615643 3.1959629941127 5.6686291000841 7.11522287636669 8.37678721614802 14.3145500420521 16.2657695542473 16.7872161480235 16.5853658536585 15.9966358284272 16.148023549201 16.1816652649285 15.6433978132885 15.3574432296047 -9999 -9999 -9999 -9999 -9999 -9999 -9999 -9999 -9999 -9999 -9999 -9999 -9999 -9999 -9999 -9999 -9999 -9999 -9999 -9999 -9999 -9999 -9999 -9999 -9999 -9999 -9999
45.7022708158116 42.1867115222876 39.32716568545 36.5012615643398 33.9949537426409 32.3465096719933 30.8158116063919 29.9074852817494 28.3431455004205 26.9470142977292 25.1303616484441 23.8015138772077 19.5794785534062 15.7779646761985 14.8191757779647 9.82338099243061 6.03868797308663 6.71152228763667 5.5340622371741 4.55845248107654 5.14718250630782 4.96215306980656 7.28343145500421 8.37678721614802 11.5391084945332 15.1555929352397 16.2489486963835 16.5853658536585 16.3162321278385 16.4339781328848 16.1143818334735 15.6938603868797 15.6265769554247 -9999 -9999 -9999 -9999 -9999 -9999 -9999 -9999 -9999 -9999 -9999 -9999 -9999 -9999 -9999 -9999 -9999 -9999 -9999 -9999 -9999 -9999 -9999 -9999 -9999 -9999 -9999
43.8856181665265 40.0336417157275 38.0151387720774 35.0210260723297 32.0773759461733 31.7073170731707 30.1597981497056 29.0832632464256 27.6871320437342 26.4423885618167 25.3153910849453 23.380992430614 19.0580319596299 16.1312026913373 14.0117746005046 11.7241379310345 7.48528174936922 6.93019343986543 6.03868797308663 5.02943650126156 5.46677880571909 7.46846089150547 9.73927670311186 12.8006728343146 15.2565180824222 14.8528174936922 16.6358284272498 16.7872161480235 16.6694701429773 16.148023549201 15.7947855340622 15.6938603868797 15.6265769554247 -9999 -9999 -9999 -9999 -9999 -9999 -9999 -9999 -9999 -9999 -9999 -9999 -9999 -9999 -9999 -9999 -9999 -9999 -9999 -9999 -9999 -9999 -9999 -9999 -9999 -9999 -9999
40.4878048780488 39.0580319596299 36.8040370058873 33.7258200168209 31.7914213624895 30.7989907485282 29.8906644238856 28.4104289318755 27.3843566021867 25.9714045416316 24.8275862068966 22.9100084104289 18.8561816652649 15.475189234651 15.0378469301934 12.565180824222 9.03280067283431 8.54499579478553 7.28343145500421 6.77880571909167 6.99747687132044 9.57106812447435 12.228763666947 14.4995794785534 16.215306980656 16.1143818334735 16.7367535744323 16.6021867115223 16.349873843566 16.148023549201 15.7947855340622 15.677039529016 -9999 -9999 -9999 -9999 -9999 -9999 -9999 -9999 -9999 -9999 -9999 -9999 -9999 -9999 -9999 -9999 -9999 -9999 -9999 -9999 -9999 -9999 -9999 -9999 -9999 -9999 -9999 -9999
39.5458368376787 37.6282590412111 35.542472666106 33.0529857022708 31.219512195122 30.0925147182506 29.1000841042893 27.8553406223717 26.7619848612279 25.6518082422204 21.6148023549201 20.4878048780488 17.8805719091674 15.8957106812447 16.7872161480235 15.0210260723297 12.430613961312 12.8006728343146 11.9091673675357 10.3784693019344 12.430613961312 15.0883095037847 15.744322960471 16.9386038687973 17.2245584524811 16.9722455845248 16.5853658536585 16.3835155592935 16.148023549201 16.013456686291 15.677039529016 15.4247266610597 -9999 -9999 -9999 -9999 -9999 -9999 -9999 -9999 -9999 -9999 -9999 -9999 -9999 -9999 -9999 -9999 -9999 -9999 -9999 -9999 -9999 -9999 -9999 -9999 -9999 -9999 -9999 -9999
38.7552565180824 36.3330529857023 34.0790580319596 32.0773759461733 30.3784693019344 29.3019343986543 27.8216989066442 27.0479394449117 26.0891505466779 23.380992430614 19.5121951219512 17.7291841883936 18.5702270815812 19.0243902439024 18.7720773759462 18.2001682085786 16.7872161480235 15.946173254836 15.407905803196 13.9613120269134 15.3069806560135 16.8040370058873 17.8301093355761 17.3591253153911 17.1236333052986 16.8713204373423 16.349873843566 16.148023549201 15.8620689655172 15.677039529016 15.407905803196 -9999 -9999 -9999 -9999 -9999 -9999 -9999 -9999 -9999 -9999 -9999 -9999 -9999 -9999 -9999 -9999 -9999 -9999 -9999 -9999 -9999 -9999 -9999 -9999 -9999 -9999 -9999 -9999 -9999
37.8132884777124 35.3742640874685 33.2380151387721 31.4718250630782 30.1429772918419 28.5618166526493 27.502102607233 26.5601345668629 25.7863751051304 23.0109335576114 18.6038687973087 18.5534062237174 19.0412111017662 19.5121951219512 21.0260723296888 19.8149705634987 18.2338099243061 19.3439865433137 17.0563498738436 16.4003364171573 17.0899915895711 17.9646761984861 17.5777964676198 17.2918418839361 16.8544995794786 16.3835155592935 16.148023549201 15.8620689655172 15.6602186711522 15.3069806560135 15.1051303616484 -9999 -9999 -9999 -9999 -9999 -9999 -9999 -9999 -9999 -9999 -9999 -9999 -9999 -9999 -9999 -9999 -9999 -9999 -9999 -9999 -9999 -9999 -9999 -9999 -9999 -9999 -9999 -9999 -9999
36.9890664423886 34.7518923465097 32.9520605550883 31.2699747687132 30.1934398654331 28.9486963835156 27.8553406223717 26.3751051303616 25.8200168208579 24.322960470984 21.3288477712363 21.2952060555088 21.9512195121951 21.1774600504626 20.6896551724138 20.3195962994113 19.798149705635 19.4280908326325 19.1757779646762 18.5365853658537 18.1328847771236 17.8469301934399 17.4432296047098 17.1909167367536 16.753574432296 16.215306980656 15.878889823381 15.6938603868797 15.3069806560135 15.0883095037847 -9999 -9999 -9999 -9999 -9999 -9999 -9999 -9999 -9999 -9999 -9999 -9999 -9999 -9999 -9999 -9999 -9999 -9999 -9999 -9999 -9999 -9999 -9999 -9999 -9999 -9999 -9999 -9999 -9999 -9999
36.5853658536585 34.7687132043734 32.9520605550883 31.0849453322119 30.0925147182506 29.3019343986543 27.636669470143 26.0555088309504 25.6518082422204 24.4743481917578 23.246425567704 22.5063078216989 21.8166526492851 20.8410428931876 20.3700588730025 20.1177460050463 19.4449116904962 19.1757779646762 18.7216148023549 18.3515559293524 17.9646761984861 17.6955424726661 17.3423044575273 16.7872161480235 16.4003364171573 16.0975609756098 15.6938603868797 15.273338940286 15.0210260723297 -9999 -9999 -9999 -9999 -9999 -9999 -9999 -9999 -9999 -9999 -9999 -9999 -9999 -9999 -9999 -9999 -9999 -9999 -9999 -9999 -9999 -9999 -9999 -9999 -9999 -9999 -9999 -9999 -9999 -9999 -9999
