Results/Mess_RCP8.5.asc
NCOLS 581 
NROWS 855 
XLLCORNER -74.916666667 
YLLCORNER -55.833333333 
CELLSIZE 0.0833333333339071 
NODATA_value -9999 
[rows 486 to 512 of 855, columns 360 to 419 of 581]
3.33052985702271 1.34566862910008 0.95878889823382 0.319596299411273 0.0672834314550119 0.0168208578637419 -0.0119055833334403 -0.02854274184575 -0.0385883971391164 -0.0612652120892487 -0.0761139782553335 -0.0772585493569174 -0.0653734047931483 -0.0659456903439402 -0.0625835127330373 -0.064402563233769 -0.0678362765385209 -0.0786994826187329 -0.0790775998576491 -0.0891947908448645 -0.087038500644559 -0.0928226724614922 -0.10558668412112 -0.106322479829282 -0.107691877397248 -0.12185594477935 -0.12293919957192 -0.131768748069854 -0.141037730115717 -0.146781024393308 -0.150061446925526 -0.164818238628091 -0.168384803935705 -0.173300328041614 -0.186452676324995 -0.183397080259159 -0.175579250859947 -0.18108749928632 -0.180525433120363 -0.168476778399225 -0.169049063950017 -0.165094162018651 -0.142979413234475 -0.132494324393179 -0.127701432905296 -0.0918927084414552 -0.0765023148790852 -0.063901813376826 -0.0244856460660283 -0.00438411609446 0.0504625735912478 0.218671152228755 0.353238015138779 0.353238015138779 0.521446593776287 0.538267451640029 0.538267451640029 0.639192598822547 0.588730025231277 0.7232968881413
1.64844407064759 0.773759461732548 0.185029436501272 0.0841042893187538 0.100925147182496 0.0672834314550119 -0.00443521301863785 -0.0245469623750418 -0.0491245829045902 -0.0530079491421072 -0.0534065051506945 -0.0541014233195133 -0.0548678771821812 -0.055634331044849 -0.0561759584411343 -0.0521903983552615 -0.0520882045069058 -0.0620316659519165 -0.0621747373396145 -0.068572072246682 -0.0792717681695249 -0.0755110345500348 -0.082511313162401 -0.0866399446359717 -0.0942022894142943 -0.101907705580315 -0.109367856510282 -0.110491988842195 -0.117809068384464 -0.128437228613457 -0.128621177540498 -0.137716430044156 -0.147036509014197 -0.146239396997022 -0.155722986124432 -0.154333149786795 -0.148313932118643 -0.152452782977049 -0.151073166024247 -0.140516541489102 -0.13930043469367 -0.134507543205787 -0.107313760158332 -0.0966038448506535 -0.0909320862669115 -0.0571263612308424 -0.0368613211019049 -0.0187934487126152 0.0841042893187538 0.218671152228755 0.386879730866285 0.571909167367535 0.7232968881413 0.7232968881413 0.90832632464255 0.925147182506314 0.992430613961304 1.14381833473507 1.12699747687133 1.36248948696382
1.49705634987385 0.437342304457533 0.168208578637508 0.100925147182496 0.0841042893187538 0.0672834314550119 -0.00240155543635921 -0.0287266907727903 -0.0414089473537341 -0.0457521859088518 -0.0432177784696301 -0.0404176670246836 -0.0470500477829693 -0.0461405225326035 -0.0469989508587914 -0.046293813305137 -0.0421038655225529 -0.050391786624201 -0.0541627396285268 -0.0612958702437554 -0.0639631296858394 -0.0699619085843197 -0.0675603531479605 -0.0707896787560009 -0.0824193386988808 -0.0875494698863375 -0.0948972075831131 -0.0989236452083281 -0.102377797282751 -0.110880325465946 -0.118084991775024 -0.124666275609132 -0.126199183334467 -0.132760028398904 -0.130889880973995 -0.127108708584833 -0.133270997640683 -0.126291157797988 -0.124615178684954 -0.124502765451763 -0.1126482790425 -0.102193848355711 -0.0918313921324418 -0.073456938198085 -0.0618068394855339 -0.0394263866956333 -0.00706159492137962 0.0841042893187538 0.185029436501272 0.504625735912523 0.605550883095041 0.824222035323796 1.02607232968881 1.09335576114382 1.21110176619008 1.34566862910008 1.36248948696382 1.37931034482759 1.53069806560135 1.6820857863751
1.42977291841884 0.504625735912523 0.403700588730027 0.11774600504626 0.033641715727506 0.033641715727506 -0.00456806502150028 -0.0101478491417221 -0.0168108880545144 -0.0271529055081124 -0.0307501289702334 -0.0376073361949016 -0.0305661800431931 -0.0325691794709651 -0.0310056135911227 -0.025017054077478 -0.0266930331905117 -0.0351035869101867 -0.0376788718887506 -0.0411023658086669 -0.0397840651648782 -0.0421140849073885 -0.0500954244639695 -0.0537948417744462 -0.0534167245355301 -0.0676829857659873 -0.067355965451249 -0.0684596590134907 -0.0769519678118503 -0.0832471088705621 -0.0855975673827434 -0.0944986515745259 -0.0927102592283009 -0.0885305308305523 -0.0926898204586298 -0.0939570241782406 -0.0825930682410855 -0.0855260316888944 -0.084177072890599 -0.0676012306873027 -0.0618988139490541 -0.0610506050077017 -0.0366773721748646 -0.0231162484980618 -0.0153597354078633 0.134566862910002 0.319596299411273 0.386879730866285 0.7232968881413 0.90832632464255 1.02607232968881 1.48023549201008 1.5811606391926 1.56433978132884 1.81665264928512 1.83347350714886 1.90075693860388 2.18671152228764 2.18671152228764 2.37174095878889
0.622371740958783 0.386879730866285 0.11774600504626 0.100925147182496 0.134566862910002 0.0841042893187538 0.0841042893187538 -0.00295340221748004 -0.0107201346925141 -0.0100660940630375 -0.0123552362662054 -0.0176284388413601 -0.00883976788276899 -0.00938139527905426 -0.00834923741066158 -0.00984126759665496 -0.0108632060802121 -0.0208066675252227 -0.0171174695995816 -0.0166575972819809 -0.0161364086553667 -0.0139494603005545 -0.0205920604436757 -0.0274697064380151 -0.0258959211733371 -0.0347970053651196 -0.0374949229617103 -0.0445871760375967 -0.0519553525040434 -0.06137762532244 -0.056349687983339 -0.0575657947787719 -0.0567175858374195 -0.0492369961377815 -0.0511173629475266 -0.0560533258231074 -0.0415724575111032 -0.039242437768593 -0.0351138062950223 -0.0290741498571997 -0.0245060848356995 -0.0234432688128001 0.033641715727506 0.100925147182496 0.185029436501272 0.504625735912523 0.639192598822547 0.807401177460054 1.24474348191759 1.48023549201008 1.66526492851136 2.01850294365014 2.20353238015139 2.23717409587889 2.4053826745164 2.4390243902439 2.48948696383515 2.72497897392767 2.77544154751892 2.94365012615643
0.588730025231277 0.134566862910002 0.134566862910002 0.134566862910002 0.218671152228755 0.134566862910002 0.100925147182496 0.033641715727506 0.033641715727506 -0.000214607081546993 0.033641715727506 -0.00325998376254718 0.0168208578637419 0.033641715727506 0.033641715727506 0.0504625735912478 0.033641715727506 -0.00815506909878573 -0.00380161115883244 -0.00133873941345981 0.0168208578637419 -0.00403665701005058 -0.00413885085840629 -0.0101580685265577 -0.0146341590845378 -0.0155845618742459 -0.0171583471389239 -0.0235352432763202 -0.0324158886984315 -0.0356145561519652 -0.0395183611591534 -0.0361153060089082 -0.0313939502148744 -0.0343984493565323 -0.0264682067241291 -0.0283792316883809 -0.0238520442062229 -0.0129683993563397 -0.00296362160231562 -0.00255484620889277 0.033641715727506 0.0841042893187538 0.134566862910002 0.386879730866285 0.504625735912523 0.639192598822547 0.941968040370056 1.14381833473507 1.42977291841884 1.78301093355762 2.15306980656014 2.37174095878889 2.62405382674515 2.62405382674515 2.65769554247266 2.87636669470144 3.16232127838521 3.16232127838521 3.56602186711523 3.90243902439025
0.689655172413794 0.403700588730027 0.403700588730027 0.403700588730027 0.403700588730027 0.168208578637508 0.218671152228755 0.185029436501272 0.134566862910002 0.151387720773766 0.134566862910002 0.100925147182496 0.134566862910002 0.134566862910002 0.168208578637508 0.23549201009252 0.218671152228755 0.134566862910002 0.134566862910002 0.134566862910002 0.134566862910002 0.134566862910002 0.134566862910002 0.100925147182496 0.100925147182496 0.0841042893187538 0.0841042893187538 0.100925147182496 0.100925147182496 0.0672834314550119 0.0841042893187538 0.0672834314550119 0.0841042893187538 0.134566862910002 0.100925147182496 0.0841042893187538 0.185029436501272 0.168208578637508 0.218671152228755 0.437342304457533 0.470984020185039 0.504625735912523 0.7232968881413 0.874684608915044 0.925147182506314 1.42977291841884 1.59798149705634 1.64844407064759 2.23717409587889 2.4390243902439 2.62405382674515 3.34735071488645 3.70058873002523 3.63330529857022 4.13793103448277 4.27249789739277 4.52481076534903 4.9453322119428 4.92851135407906 5.14718250630781
0.521446593776287 0.437342304457533 0.403700588730027 0.504625735912523 0.571909167367535 0.403700588730027 0.454163162321275 0.353238015138779 0.319596299411273 0.403700588730027 0.403700588730027 0.353238015138779 0.353238015138779 0.336417157275015 0.386879730866285 0.437342304457533 0.403700588730027 0.319596299411273 0.386879730866285 0.370058873002521 0.353238015138779 0.403700588730027 0.386879730866285 0.252312867956261 0.353238015138779 0.269133725820025 0.252312867956261 0.370058873002521 0.353238015138779 0.252312867956261 0.386879730866285 0.403700588730027 0.353238015138779 0.454163162321275 0.437342304457533 0.403700588730027 0.538267451640029 0.538267451640029 0.588730025231277 0.740117746005042 0.874684608915044 0.891505466778808 1.26156433978133 1.42977291841884 1.53069806560135 1.90075693860388 2.20353238015139 2.32127838519764 2.70815811606393 3.22960470984019 3.71740958788898 4.52481076534903 4.7098402018503 4.82758620689656 5.55088309503784 5.68544995794786 5.78637510513036 6.12279226240537 6.35828427249789 -9999
0.538267451640029 0.454163162321275 0.487804878048781 0.571909167367535 0.672834314550053 0.538267451640029 0.504625735912523 0.470984020185039 0.487804878048781 0.538267451640029 0.571909167367535 0.521446593776287 0.504625735912523 0.470984020185039 0.487804878048781 0.504625735912523 0.538267451640029 0.454163162321275 0.454163162321275 0.504625735912523 0.538267451640029 0.538267451640029 0.571909167367535 0.538267451640029 0.504625735912523 0.504625735912523 0.504625735912523 0.504625735912523 0.538267451640029 0.504625735912523 0.504625735912523 0.571909167367535 0.622371740958783 0.588730025231277 0.706476030277536 0.706476030277536 0.7232968881413 0.824222035323796 0.925147182506314 0.941968040370056 1.31202691337258 1.34566862910008 1.48023549201008 1.73254835996637 1.93439865433138 2.18671152228764 2.60723296888141 2.79226240538268 3.34735071488645 4.0874684608915 4.52481076534903 4.82758620689656 5.65180824222036 6.05550883095038 6.17325483599664 6.94701429772919 7.16568544995795 -9999 -9999 -9999
0.588730025231277 0.571909167367535 0.588730025231277 0.672834314550053 0.824222035323796 0.7232968881413 0.874684608915044 0.874684608915044 0.941968040370056 1.11017661900756 1.12699747687133 1.12699747687133 1.22792262405382 1.22792262405382 1.12699747687133 1.22792262405382 1.22792262405382 1.16063919259883 1.34566862910008 1.36248948696382 1.46341463414634 1.5475189234651 1.49705634987385 1.5475189234651 1.59798149705634 1.56433978132884 1.48023549201008 1.56433978132884 1.5475189234651 1.49705634987385 1.64844407064759 1.64844407064759 1.64844407064759 1.96804037005887 1.91757779646762 1.96804037005887 2.3044575273339 2.37174095878889 2.28763666947014 2.59041211101767 2.70815811606393 2.67451640033642 3.34735071488645 3.65012615643399 3.78469301934399 4.9453322119428 5.5677039529016 5.87047939444911 7.31707317073171 7.838519764508 7.82169890664424 8.89823380992432 9.60470984020185 9.80656013456687 10.6307821698907 10.7653490328007 -9999 -9999 -9999 -9999
0.639192598822547 0.672834314550053 0.756938603868806 0.925147182506314 1.11017661900756 1.02607232968881 1.21110176619008 1.21110176619008 1.31202691337258 1.42977291841884 1.42977291841884 1.42977291841884 1.51387720773759 1.49705634987385 1.42977291841884 1.48023549201008 1.48023549201008 1.4465937762826 1.64844407064759 1.64844407064759 1.76619007569385 1.90075693860388 1.90075693860388 1.96804037005887 2.13624894869637 2.01850294365014 1.83347350714886 2.00168208578637 1.96804037005887 1.93439865433138 2.16989066442388 2.33809924306139 2.37174095878889 2.48948696383515 2.5399495374264 2.62405382674515 3.04457527333895 3.16232127838521 3.16232127838521 3.90243902439025 4.05382674516401 4.0874684608915 4.59209419680404 4.82758620689656 5.04625735912532 6.47603027754415 7.23296888141296 7.90580319596299 8.86459209419681 9.3860386879731 9.60470984020185 10.4962153069807 11.0849453322119 11.421362489487 -9999 -9999 -9999 -9999 -9999 -9999
0.672834314550053 0.874684608915044 0.941968040370056 1.16063919259883 1.32884777123634 1.29520605550884 1.32884777123634 1.48023549201008 1.49705634987385 1.5475189234651 1.59798149705634 1.63162321278385 1.64844407064759 1.73254835996637 1.76619007569385 1.64844407064759 1.69890664423886 1.76619007569385 1.81665264928512 2.06896551724138 2.15306980656014 2.20353238015139 2.11942809083263 2.32127838519765 2.37174095878889 2.45584524810765 2.48948696383515 2.35492010092515 2.4390243902439 2.4390243902439 2.4390243902439 2.77544154751892 2.85954583683767 2.85954583683767 3.22960470984019 3.58284272497897 3.80151387720773 4.40706476030277 4.65937762825903 4.54163162321279 5.26492851135407 5.26492851135407 5.3994953742641 5.90412111017662 6.74516400336418 7.63666947014299 8.76366694701429 9.26829268292684 9.72245584524811 10.9503784693019 11.3372582001682 11.2531539108494 -9999 -9999 -9999 -9999 -9999 -9999 -9999 -9999
1.22792262405382 1.26156433978133 1.32884777123634 1.5475189234651 1.56433978132884 1.64844407064759 1.83347350714886 1.83347350714886 1.81665264928512 1.93439865433138 1.90075693860388 1.98486122792263 2.18671152228764 2.15306980656014 2.23717409587889 2.37174095878889 2.4053826745164 2.38856181665266 2.62405382674515 2.60723296888141 2.55677039529016 2.82590412111017 2.80908326324643 2.84272497897393 3.16232127838521 3.16232127838521 3.22960470984019 3.70058873002523 3.78469301934399 3.71740958788898 4.35660218671152 4.49116904962152 4.35660218671152 4.77712363330529 4.82758620689656 4.9453322119428 5.80319596299412 6.00504625735911 6.37510513036166 7.58620689655172 7.72077375946174 7.51892346509673 8.56181665264928 9.03280067283432 8.74684608915055 10.1766190075694 10.7485281749369 10.2439024390244 11.3708999158957 12.2624053826745 -9999 -9999 -9999 -9999 -9999 -9999 -9999 -9999 -9999 -9999
1.5475189234651 1.59798149705634 1.64844407064759 1.86711522287637 1.90075693860388 2.15306980656014 2.28763666947014 2.3044575273339 2.2708158116064 2.4390243902439 2.4053826745164 2.45584524810765 2.59041211101767 2.52312867956266 2.62405382674515 2.84272497897393 2.84272497897393 2.82590412111017 3.22960470984019 3.34735071488645 3.31370899915895 3.38099243061396 3.56602186711522 3.68376787216148 3.81833473507149 4.52481076534903 4.54163162321279 4.91169049621532 5.13036164844407 4.91169049621532 5.41631623212784 5.6686291000841 5.55088309503784 6.10597140454163 6.32464255677039 6.77880571909166 7.838519764508 8.22539949537426 8.76366694701429 9.50378469301933 8.39360807401177 8.89823380992431 10.5130361648444 10.7148864592094 10.5634987384357 -9999 -9999 -9999 -9999 -9999 -9999 -9999 -9999 -9999 -9999 -9999 -9999 -9999 -9999 -9999
1.7157275021026 1.93439865433138 1.96804037005887 2.15306980656014 2.28763666947014 2.4390243902439 2.45584524810765 2.62405382674515 2.62405382674515 2.70815811606393 2.85954583683767 2.85954583683767 2.94365012615643 3.14550042052144 3.17914213624895 3.17914213624895 3.48191757779648 3.46509671993271 3.71740958788898 4.0874684608915 3.71740958788898 3.76787216148024 4.54163162321278 4.32296047098402 4.57527333894029 5.29857022708158 5.55088309503785 5.75273338940285 6.12279226240537 5.90412111017662 6.00504625735911 6.99747687132044 6.96383515559293 7.1152228763667 8.04037005887299 8.37678721614803 8.89823380992432 10.0420521446594 10.2607232968881 10.5803195962994 10.0420521446594 -9999 -9999 -9999 -9999 -9999 -9999 -9999 -9999 -9999 -9999 -9999 -9999 -9999 -9999 -9999 -9999 -9999 -9999 -9999
2.4390243902439 2.4390243902439 2.48948696383515 2.72497897392767 2.75862068965518 3.06139613120269 3.49873843566022 3.63330529857022 3.71740958788898 3.986543313709 3.986543313709 4.00336417157274 4.35660218671152 4.39024390243903 4.40706476030277 4.7098402018503 4.69301934398654 4.59209419680404 5.33221194280908 5.46677880571909 5.78637510513036 6.15643397813288 4.59209419680404 4.92851135407906 -9999 -9999 -9999 -9999 -9999 -9999 -9999 -9999 -9999 -9999 -9999 -9999 -9999 -9999 -9999 -9999 -9999 -9999 -9999 -9999 -9999 -9999 -9999 -9999 -9999 -9999 -9999 -9999 -9999 -9999 -9999 -9999 -9999 -9999 -9999 -9999
3.2632464255677 3.43145500420521 3.70058873002523 3.70058873002523 3.71740958788898 4.17157275021025 4.57527333894028 4.7098402018503 4.8444070647603 5.33221194280908 5.36585365853659 5.33221194280908 5.58452481076535 5.55088309503784 5.60134566862911 5.78637510513036 5.83683767872161 5.80319596299412 6.57695542472667 7.26661059714044 7.72077375946174 7.41799831791421 5.28174936921783 -9999 -9999 -9999 -9999 -9999 -9999 -9999 -9999 -9999 -9999 -9999 -9999 -9999 -9999 -9999 -9999 -9999 -9999 -9999 -9999 -9999 -9999 -9999 -9999 -9999 -9999 -9999 -9999 -9999 -9999 -9999 -9999 -9999 -9999 -9999 -9999 -9999
3.91925988225399 4.45752733389402 4.55845248107654 5.13036164844407 5.23128679562657 5.28174936921784 5.51724137931036 5.6686291000841 5.82001682085787 5.93776282590412 6.34146341463415 6.17325483599664 6.17325483599664 6.66105971404543 6.89655172413792 7.67031118587047 7.77123633305299 8.09083263246426 8.61227922624055 8.6963835155593 9.11690496215307 8.52817493692178 -9999 -9999 -9999 -9999 -9999 -9999 -9999 -9999 -9999 -9999 -9999 -9999 -9999 -9999 -9999 -9999 -9999 -9999 -9999 -9999 -9999 -9999 -9999 -9999 -9999 -9999 -9999 -9999 -9999 -9999 -9999 -9999 -9999 -9999 -9999 -9999 -9999 -9999
5.78637510513036 6.00504625735911 6.12279226240537 7.41799831791421 7.61984861227922 7.70395290159798 8.30950378469302 8.04037005887299 8.17493692178302 8.67956265769554 8.57863751051304 8.32632464255676 8.84777123633305 8.6963835155593 8.9318755256518 10.2607232968881 10.2775441547519 10.4289318755256 11.2531539108494 10.8494533221194 11.1185870479394 -9999 -9999 -9999 -9999 -9999 -9999 -9999 -9999 -9999 -9999 -9999 -9999 -9999 -9999 -9999 -9999 -9999 -9999 -9999 -9999 -9999 -9999 -9999 -9999 -9999 -9999 -9999 -9999 -9999 -9999 -9999 -9999 -9999 -9999 -9999 -9999 -9999 -9999 -9999
7.67031118587047 7.75441547518922 8.37678721614803 8.9318755256518 9.06644238856182 9.30193439865432 9.63835155592936 9.63835155592936 9.62153069806559 10.2102607232969 10.6644238856182 10.7821698906644 10.4289318755256 10.3952901597981 11.1017661900757 11.555929352397 11.6568544995795 11.825063078217 12.4474348191758 -9999 -9999 -9999 -9999 -9999 -9999 -9999 -9999 -9999 -9999 -9999 -9999 -9999 -9999 -9999 -9999 -9999 -9999 -9999 -9999 -9999 -9999 -9999 -9999 -9999 -9999 -9999 -9999 -9999 -9999 -9999 -9999 -9999 -9999 -9999 -9999 -9999 -9999 -9999 -9999 -9999
8.96551724137931 9.58788898233809 9.72245584524811 9.90748528174936 10.5130361648444 10.7821698906644 10.7821698906644 11.1690496215307 11.3372582001682 11.421362489487 11.892346509672 12.0605550883095 12.1446593776283 12.0437342304458 12.2792262405383 12.363330529857 12.7838519764508 12.9857022708158 -9999 -9999 -9999 -9999 -9999 -9999 -9999 -9999 -9999 -9999 -9999 -9999 -9999 -9999 -9999 -9999 -9999 -9999 -9999 -9999 -9999 -9999 -9999 -9999 -9999 -9999 -9999 -9999 -9999 -9999 -9999 -9999 -9999 -9999 -9999 -9999 -9999 -9999 -9999 -9999 -9999 -9999
11.4550042052145 11.3372582001682 11.3372582001682 11.8755256518082 11.892346509672 12.0437342304458 12.6156433978133 12.5315391084945 12.8679562657696 13.5912531539109 13.5744322960471 13.6921783010933 14.0117746005046 13.9613120269134 13.6417157275021 14.0790580319596 -9999 -9999 -9999 -9999 -9999 -9999 -9999 -9999 -9999 -9999 -9999 -9999 -9999 -9999 -9999 -9999 -9999 -9999 -9999 -9999 -9999 -9999 -9999 -9999 -9999 -9999 -9999 -9999 -9999 -9999 -9999 -9999 -9999 -9999 -9999 -9999 -9999 -9999 -9999 -9999 -9999 -9999 -9999 -9999
12.9352396972246 12.7838519764508 12.7670311185871 13.1875525651808 13.3894028595458 13.6248948696384 13.9613120269134 13.9276703111859 14.2640874684609 14.9032800672834 14.9873843566022 15.2060555088309 15.5592935239697 15.1724137931035 14.7855340622372 -9999 -9999 -9999 -9999 -9999 -9999 -9999 -9999 -9999 -9999 -9999 -9999 -9999 -9999 -9999 -9999 -9999 -9999 -9999 -9999 -9999 -9999 -9999 -9999 -9999 -9999 -9999 -9999 -9999 -9999 -9999 -9999 -9999 -9999 -9999 -9999 -9999 -9999 -9999 -9999 -9999 -9999 -9999 -9999 -9999
13.6921783010933 14.0454163162321 14.1126997476871 14.3650126156434 14.7182506307822 14.7182506307822 14.7014297729184 15.0042052144659 15.3910849453322 15.744322960471 16.5349032800673 16.7031118587048 -9999 -9999 -9999 -9999 -9999 -9999 -9999 -9999 -9999 -9999 -9999 -9999 -9999 -9999 -9999 -9999 -9999 -9999 -9999 -9999 -9999 -9999 -9999 -9999 -9999 -9999 -9999 -9999 -9999 -9999 -9999 -9999 -9999 -9999 -9999 -9999 -9999 -9999 -9999 -9999 -9999 -9999 -9999 -9999 -9999 -9999 -9999 -9999
14.4659377628259 15.1724137931035 15.744322960471 16.2994112699748 16.3330529857023 16.215306980656 16.7367535744323 16.6526492851135 16.820857863751 -9999 -9999 -9999 -9999 -9999 -9999 -9999 -9999 -9999 -9999 -9999 -9999 -9999 -9999 -9999 -9999 -9999 -9999 -9999 -9999 -9999 -9999 -9999 -9999 -9999 -9999 -9999 -9999 -9999 -9999 -9999 -9999 -9999 -9999 -9999 -9999 -9999 -9999 -9999 -9999 -9999 -9999 -9999 -9999 -9999 -9999 -9999 -9999 -9999 -9999 -9999
12.699747687132 16.7367535744323 17.3254835996636 17.7796467619849 17.9646761984861 17.8805719091674 -9999 -9999 -9999 -9999 -9999 -9999 -9999 -9999 -9999 -9999 -9999 -9999 -9999 -9999 -9999 -9999 -9999 -9999 -9999 -9999 -9999 -9999 -9999 -9999 -9999 -9999 -9999 -9999 -9999 -9999 -9999 -9999 -9999 -9999 -9999 -9999 -9999 -9999 -9999 -9999 -9999 -9999 -9999 -9999 -9999 -9999 -9999 -9999 -9999 -9999 -9999 -9999 -9999 -9999
12.094196804037 16.282590412111 18.6543313708999 -9999 -9999 -9999 -9999 -9999 -9999 -9999 -9999 -9999 -9999 -9999 -9999 -9999 -9999 -9999 -9999 -9999 -9999 -9999 -9999 -9999 -9999 -9999 -9999 -9999 -9999 -9999 -9999 -9999 -9999 -9999 -9999 -9999 -9999 -9999 -9999 -9999 -9999 -9999 -9999 -9999 -9999 -9999 -9999 -9999 -9999 -9999 -9999 -9999 -9999 -9999 -9999 -9999 -9999 -9999 -9999 -9999
