Results/Mess_RCP8.5.asc
NCOLS 581 
NROWS 855 
XLLCORNER -74.916666667 
YLLCORNER -55.833333333 
CELLSIZE 0.0833333333339071 
NODATA_value -9999 
[rows 756 to 782 of 855, columns 180 to 239 of 581]
-9999 -9999 -9999 -9999 -9999 -9999 -9999 -9999 -9999 -9999 -9999 -9999 -9999 -9999 -9999 -9999 -9999 -9999 -9999 -9999 -9999 -9999 -9999 -9999 -9999 -9999 -9999 -9999 -9999 -9999 -9999 -9999 -9999 -9999 -9999 -9999 -9999 -9999 -9999 -9999 -9999 -9999 -9999 -9999 -9999 -9999 -9999 -9999 -9999 -9999 -9999 -9999 -9999 -9999 -9999 -9999 -9999 -9999 -9999 -9999
-9999 -9999 -9999 -9999 -9999 -9999 -9999 -9999 -9999 -9999 -9999 -9999 -9999 -9999 -9999 -9999 -9999 -9999 -9999 -9999 -9999 -9999 -9999 -9999 -9999 -9999 -9999 -9999 -9999 -9999 -9999 -9999 -9999 -9999 -9999 -9999 -9999 -9999 -9999 -9999 -9999 -9999 -9999 -9999 -9999 -9999 -9999 -9999 -9999 -9999 -9999 -9999 -9999 -9999 -9999 -9999 -9999 -9999 -9999 -9999
-9999 -9999 -9999 -9999 -9999 -9999 -9999 -9999 -9999 -9999 -9999 -9999 -9999 -9999 -9999 -9999 -9999 -9999 -9999 -9999 -9999 -9999 -9999 -9999 -9999 -9999 -9999 -9999 -9999 -9999 -9999 -9999 -9999 -9999 -9999 -9999 -9999 -9999 -9999 -9999 -9999 -9999 -9999 -9999 -9999 -9999 -9999 -9999 -9999 -9999 -9999 -9999 -9999 -9999 -9999 -9999 -9999 -9999 -9999 -9999
-9999 -9999 -9999 -9999 -9999 -9999 -9999 -9999 -9999 -9999 -9999 -9999 -9999 -9999 -9999 -9999 -9999 -9999 -9999 -9999 -9999 -9999 -9999 -9999 -9999 -9999 -9999 -9999 -9999 -9999 -9999 -9999 -9999 -9999 -9999 -9999 -9999 -9999 -9999 -9999 -9999 -9999 -9999 -9999 -9999 -9999 -9999 -9999 -9999 -9999 -9999 -9999 -9999 -9999 -9999 -9999 -9999 -9999 -9999 -9999
-26.4594521535067 -27.0399269765719 -27.2074847484448 -27.7885904462119 -9999 -9999 -9999 -9999 -9999 -9999 -9999 -30.0736759692434 -9999 -9999 -9999 -9999 -9999 -9999 -9999 -9999 -9999 -9999 -9999 -9999 -9999 -9999 -9999 -9999 -9999 -9999 -9999 -9999 -9999 -9999 -9999 -9999 -9999 -9999 -9999 -9999 -9999 -9999 -9999 -9999 -9999 -9999 -9999 -9999 -9999 -9999 -9999 -9999 -9999 -9999 -9999 -9999 -9999 -9999 -9999 -9999
-26.5011663535022 -27.0663854792271 -27.2282908686686 -27.7854615625887 -28.0845152887705 -28.2907539640916 -28.593656663203 -29.1357054816894 -29.2776841520069 -29.7628140529315 -29.9107828466825 -30.0943355226172 -30.3880236275958 -30.7043276347717 -30.8308530611251 -30.9984618127719 -31.0659845233053 -31.0687374310961 -31.2189238450118 -31.0870391699269 -31.0688202732286 -31.1580539949726 -9999 -9999 -9999 -9999 -9999 -9999 -9999 -9999 -9999 -9999 -9999 -9999 -9999 -9999 -9999 -9999 -9999 -9999 -9999 -9999 -9999 -9999 -9999 -9999 -9999 -9999 -9999 -9999 -9999 -9999 -9999 -9999 -9999 -9999 -9999 -9999 -9999 -9999
-26.5930255336021 -27.0001627529282 -27.2464141782908 -27.6208415001869 -28.00754220265 -28.2923088471956 -28.7464494180595 -29.0939466743918 -29.3253374956619 -29.794612686903 -30.0346445798496 -30.2746637278526 -30.7306650604639 -30.842521056877 -31.0075298400548 -31.3703019111425 -31.3218902433507 -31.3612912361053 -31.603604473934 -31.4881289135739 -31.5066409439721 -31.6816863701369 -31.5326342561904 -31.5241524963075 -31.6984523432789 -31.5281161737284 -31.5272049102699 -31.7054174548883 -31.5092472849128 -31.5054492917571 -31.7133384372584 -9999 -9999 -9999 -9999 -9999 -9999 -9999 -9999 -9999 -9999 -9999 -9999 -9999 -9999 -9999 -9999 -9999 -9999 -9999 -9999 -9999 -9999 -9999 -9999 -9999 -9999 -9999 -9999 -9999
-26.4533536980537 -27.0108175256737 -27.1844227732258 -27.7335068005107 -27.9839321948615 -28.1987800795004 -28.8201406812351 -29.0516716968834 -29.221740222621 -29.82720150737 -30.0297377766115 -30.1852961842022 -30.6714839154353 -30.8517037886511 -30.9918216972212 -31.2868862560951 -31.4374613907869 -31.4740330060899 -31.5279568619349 -31.7534149120172 -31.7875331257012 -31.7496169188615 -31.9652486175241 -31.9709009999555 -31.8661311921149 -32.1089988349847 -32.1265040148484 -31.9546766869112 -32.2519588659498 -32.2642577364037 -32.01506860157 -32.3372607726316 -32.3288618548812 -32.0430118901401 -9999 -9999 -9999 -9999 -9999 -9999 -9999 -9999 -9999 -9999 -9999 -9999 -9999 -9999 -9999 -9999 -9999 -9999 -9999 -9999 -9999 -9999 -9999 -9999 -9999 -9999
-26.4198854764869 -27.0036548674405 -27.1806375250135 -27.4303874373602 -27.998646232104 -28.173831852647 -28.6828521501166 -29.0246779066022 -29.2060320797874 -29.7529048593793 -30.0329622473108 -30.23409657277 -30.6336314333129 -30.8675712432782 -30.995957431379 -31.1613167005024 -31.4717452887361 -31.567517166483 -31.7822567191023 -31.8571523794363 -31.9102924212576 -31.9555114807088 -32.1244074716466 -32.1968242404747 -32.2957632366753 -32.3516816761742 -32.3878645707012 -32.4676861516885 -32.5161742891412 -32.5220751979704 -32.6858604665745 -32.6344919718964 -32.6635695604358 -32.8280239385724 -32.7139503219946 -32.791923886178 -32.9994115659597 -32.8616578444044 -9999 -9999 -9999 -9999 -9999 -9999 -9999 -9999 -9999 -9999 -9999 -9999 -9999 -9999 -9999 -9999 -9999 -9999 -9999 -9999 -9999 -9999
-26.5127323897062 -26.8892626272758 -27.1225588175955 -27.5118913508863 -27.8924489905941 -28.1387004159567 -28.5178688568257 -28.8881285822053 -29.16728107915 -29.5985444764753 -29.9577861982203 -30.1792869433534 -30.5897952002288 -30.7905726672707 -30.9718312533798 -31.3326597205875 -31.4332937942704 -31.5736920915969 -31.8969739553257 -31.8880524948928 -31.9811224446229 -32.285102091458 -32.2413423280347 -32.3277657897423 -32.6143995685072 -32.5284094348777 -32.5957792060894 -32.9057935836602 -32.7667207604551 -32.830611162098 -33.1640507457767 -33.0021708462222 -33.0633274574896 -33.4177133557704 -33.2217789672492 -33.2876512076025 -33.6867782299542 -33.4541893839974 -33.4911688374916 -33.8449238610704 -9999 -9999 -9999 -9999 -9999 -9999 -9999 -9999 -9999 -9999 -9999 -9999 -9999 -9999 -9999 -9999 -9999 -9999 -9999 -9999
-26.3813766297756 -26.8915121097992 -27.0553674755925 -27.3643367677982 -27.8577445095102 -28.0304894733777 -28.3362725297145 -28.8071854461922 -28.9727868692416 -29.3678482546246 -29.8164192851896 -30.0067204086947 -30.2731215896921 -30.6357152315712 -30.7622470303963 -31.0106268613193 -31.3116687986833 -31.4168846795456 -31.6018201818474 -31.8095818779139 -31.8914235324421 -32.0414697519796 -32.250423100261 -32.3037606887062 -32.3769867614449 -32.5645604670461 -32.6374870336131 -32.6821134531927 -32.9020720601653 -32.9404598299136 -32.9618139827069 -33.1912357102101 -33.2432988043076 -33.3261982891443 -33.5320609886329 -33.5810652962964 -33.5560788346126 -33.8245192065661 -33.8712867766496 -33.8260804621418 -34.0936924127695 -34.1301174612226 -9999 -9999 -9999 -9999 -9999 -9999 -9999 -9999 -9999 -9999 -9999 -9999 -9999 -9999 -9999 -9999 -9999 -9999
-26.5925794605805 -26.8685266042411 -27.0271437982659 -27.3069717772148 -27.8302218040748 -28.0099892317973 -28.2477971321073 -28.8006409177175 -28.9620874891939 -29.4562599275144 -29.7701296504865 -29.8904036820651 -30.1066025307124 -30.5688807479854 -30.7001090584813 -30.9790640088022 -31.2216831252743 -31.3386370990775 -31.5342528640118 -31.7756038586081 -31.8543930991739 -31.9898654758471 -32.1994050915284 -32.2602112168502 -32.3400901500832 -32.5459655945153 -32.619045100404 -32.7077881418242 -32.8779649995813 -32.9454112404539 -32.9610237962114 -33.2206382948081 -33.3074887121222 -33.3260134874639 -33.5627253226351 -33.646905674291 -33.7099357922493 -33.936209518714 -34.0275589010749 -34.0971526649231 -34.2673486400954 -34.3447231919354 -34.5230950483473 -34.4992492591046 -9999 -9999 -9999 -9999 -9999 -9999 -9999 -9999 -9999 -9999 -9999 -9999 -9999 -9999 -9999 -9999
-26.4738093323319 -26.8078925356562 -27.0211919096628 -27.3501898805404 -27.7009179800437 -27.9411729095011 -28.3424283374132 -28.6656146140659 -28.8842923542192 -29.2447958253683 -29.5840725931588 -29.7832378248511 -30.1700596042771 -30.3933127791382 -30.557397553914 -30.8322613773792 -31.0146032836837 -31.1640122560474 -31.387883560667 -31.5040600929183 -31.6545906203079 -31.8584714810861 -31.9602589721534 -32.0713630169015 -32.2283552306331 -32.3224766382 -32.4214411242875 -32.6147819168115 -32.6773149819742 -32.7716211912214 -32.9744697115781 -33.0445414108066 -33.1368657813434 -33.3768084596856 -33.4910222706417 -33.6114173791834 -33.8419415442972 -33.9121406929604 -34.0528066340999 -34.3665998874112 -34.3777007331784 -34.5164804226835 -34.8389147476711 -34.7714493893834 -34.846402401963 -35.1751454739711 -9999 -9999 -9999 -9999 -9999 -9999 -9999 -9999 -9999 -9999 -9999 -9999 -9999 -9999
-26.5728375431369 -26.8143351045831 -26.9715503548256 -27.462785083675 -27.6686605281071 -27.8316556102158 -28.0981396333458 -28.5561228046676 -28.7169831087441 -28.9896484294597 -29.4275519423358 -29.5805358713444 -30.1260895492865 -30.1938352963308 -30.3148357896875 -30.7487628801992 -30.7921020604878 -30.8905440038928 -31.2444328493781 -31.2510092402115 -31.3658602983413 -31.5491389579913 -31.6843245734363 -31.7962442945667 -32.0749507184898 -32.0877785040979 -32.1537080966969 -32.3443342162605 -32.4734404936677 -32.5511464140381 -32.8183059191723 -32.8495374031591 -32.9174679518838 -33.1539312606572 -33.3275110183223 -33.4136795811604 -33.6594785610296 -33.8359004410897 -33.9452839184686 -34.2281643113799 -34.3736096063227 -34.492628260969 -34.6394882446377 -34.8939665310137 -34.9591314270042 -35.0374236147744 -35.2660870181408 -9999 -9999 -9999 -9999 -9999 -9999 -9999 -9999 -9999 -9999 -9999 -9999 -9999
-26.2869111087349 -26.8219247184228 -26.9884565223459 -27.1932741364695 -27.6419216366954 -27.7417591514111 -28.1292181780109 -28.4120730810353 -28.5915282576426 -28.9584042005295 -29.3071568337941 -29.526694857632 -29.7127519149596 -30.1322326120418 -30.2635819995007 -30.3704929578452 -30.7400134765032 -30.7576588507451 -30.7847354831589 -31.0915381349738 -31.1842257363996 -31.2056945936842 -31.506666433859 -31.6481353064375 -31.6516146760063 -31.9854366079894 -32.0495181837844 -32.0511495365493 -32.3634452590021 -32.459510270449 -32.5467621534825 -32.7589335999915 -32.8232891920713 -32.9755530317735 -33.213278089951 -33.3300345171304 -33.5608326985289 -33.8022346728991 -33.9129691142863 -34.0038851685691 -34.3879731576196 -34.4795838113218 -34.709540826451 -34.8993002898582 -34.9799757820584 -35.0517680486561 -35.3257843333802 -35.3880497547299 -35.4538200355355 -9999 -9999 -9999 -9999 -9999 -9999 -9999 -9999 -9999 -9999 -9999
-26.4660030544532 -26.7272042985126 -26.9210803786625 -27.2476823001666 -27.5136119182555 -27.6700560994177 -27.9636358723767 -28.2859108855709 -28.485299153774 -28.8067075108119 -29.1275550903368 -29.3629414513865 -29.6757979513523 -29.8952595055293 -30.0362886775579 -30.2813739405925 -30.4295785157978 -30.4980188622614 -30.6837764134174 -30.7994176580427 -30.9156642874831 -31.0711016181108 -31.2030946252152 -31.3631647427962 -31.4743070223746 -31.6402206965392 -31.741804268511 -31.8419412893983 -32.0116210943599 -32.1231074874121 -32.2294258058851 -32.4270616443603 -32.5326981083573 -32.6744919769944 -32.9199340984463 -33.0692347387905 -33.282827246497 -33.5305507128311 -33.6974584925867 -33.9620690090258 -34.1654591894802 -34.308597649654 -34.5840668579343 -34.7399438891119 -34.8865808362697 -35.1903247016504 -35.2786726498229 -35.3988192319668 -35.7291554219092 -35.7496492910179 -9999 -9999 -9999 -9999 -9999 -9999 -9999 -9999 -9999 -9999
-26.2231927638289 -26.6315280078417 -26.7489280546666 -27.0249516679881 -27.3984231191235 -27.5047095752378 -27.7584996346662 -28.1473223702179 -28.2923407095543 -28.7847734630905 -28.9969257921843 -29.1181302046366 -29.3966135920489 -29.6200706860055 -29.7089794116909 -29.9681096024355 -30.1269880678016 -30.1641778128632 -30.4954698735663 -30.4913086495216 -30.5704037687308 -30.8308466886534 -30.9257965175462 -31.056151799414 -31.3438880157895 -31.3374390743908 -31.4204787536057 -31.6243277520252 -31.7174231916423 -31.8131058547849 -32.1398097358368 -32.1644202216881 -32.2462873661032 -32.477493385693 -32.6856692924224 -32.7998639859632 -33.0868100158432 -33.3186086753046 -33.4260166864447 -33.7094387394537 -33.9533450952168 -34.0533610391411 -34.3017918498381 -34.5590294164766 -34.6705476718875 -34.9062271666372 -35.1808679535916 -35.2960631251952 -35.4767163264893 -35.7414861547218 -35.817082786947 -9999 -9999 -9999 -9999 -9999 -9999 -9999 -9999 -9999
-25.9593660614135 -26.4836675461103 -26.6025523788501 -27.0055666089618 -27.2778368364297 -27.4196625674255 -27.6001500844544 -28.0241297465834 -28.1554982514575 -28.4026481953351 -28.885318322169 -28.996568933767 -29.2245823450161 -29.4370086903946 -29.5157150888278 -29.6985667928713 -29.9052260513272 -30.0455606239364 -30.1854618684673 -30.3718949016275 -30.4505821826455 -30.5685302620399 -30.7391340754034 -30.9351959133594 -31.0405456161282 -31.2130802884283 -31.2859303853344 -31.4013294760337 -31.5705377180867 -31.6944822933863 -31.890015216188 -32.0898941647149 -32.1709392602758 -32.3610046023265 -32.5680270916714 -32.6826742307057 -32.9616737883287 -33.2216324003992 -33.3297859907326 -33.4272274560749 -33.8405013656844 -33.9679380554963 -34.0907674482418 -34.5210686023347 -34.6317393190045 -34.7293273511967 -35.1119050644454 -35.2292796213834 -35.4810687246862 -35.6877216106703 -35.8030378592369 -35.8840956997414 -9999 -9999 -9999 -9999 -9999 -9999 -9999 -9999
-26.0384739255662 -26.2454008278351 -26.4461400600465 -26.8831323094641 -27.0945964116102 -27.2825715829309 -27.5827213742516 -27.8291830911815 -27.988998309893 -28.2241934967906 -28.5913944357361 -28.7436200406079 -28.943906827326 -29.1443210634789 -29.2596819193477 -29.4192486116614 -29.6045855796827 -29.7989204777977 -29.9310281893934 -30.0889252941119 -30.1866981279845 -30.2845538039896 -30.4755304094989 -30.6123155153501 -30.7253504190346 -30.9175441666457 -31.0195993015261 -31.09522779611 -31.3120384020441 -31.4699801140647 -31.607102960918 -31.8475745544145 -31.9633878557767 -32.0756835527397 -32.3629163438479 -32.4897476488447 -32.6508819692059 -32.9666251988689 -33.1359162830545 -33.3093813362283 -33.6038405102871 -33.7897127659344 -33.9612979399456 -34.2768882302869 -34.4318667429494 -34.6272658438446 -34.9123511119772 -35.0493911166979 -35.2561778245885 -35.4987841961171 -35.6652204129642 -35.8839045255892 -36.1115419610058 -9999 -9999 -9999 -9999 -9999 -9999 -9999
-25.740159406106 -25.9342967575972 -26.0932389476806 -26.4424057916082 -26.8535767855443 -27.0113336958845 -27.4759251203983 -27.6161959682901 -27.7338126791541 -28.1542811093556 -28.3140772106519 -28.4193122089294 -28.7225590215146 -28.9101327271159 -28.9941665119218 -29.2039164191705 -29.3577351419768 -29.5293967856488 -29.8297186337064 -29.8471409714374 -29.9149823055577 -30.1317801665484 -30.2820749124837 -30.4081351484002 -30.551005964761 -30.6922836631873 -30.8018137074161 -30.9946000948988 -31.149393805881 -31.2884666290861 -31.6071921755223 -31.6783280775311 -31.7647324218235 -32.1339343168946 -32.2388698090005 -32.3387646759617 -32.7260580182964 -32.8279729587985 -32.9378088816707 -33.2154256129266 -33.4723126936196 -33.6032988501894 -34.0052934848231 -34.1226106895155 -34.2293113562927 -34.4687060020654 -34.7617249975115 -34.8719305237445 -35.0806417180999 -35.3540844803676 -35.4828785066597 -35.871274286605 -36.0169617354739 -36.1331191503099 -9999 -9999 -9999 -9999 -9999 -9999
-25.3887175897681 -25.7805799943387 -25.9575180446096 -26.1293708624338 -26.7056780889824 -26.805808737398 -27.2093200203052 -27.4597008073539 -27.5972442373419 -27.7585569869118 -28.1535801374644 -28.2999749306962 -28.6107922397059 -28.7870165731422 -28.917760575786 -29.0167441792887 -29.2806855861954 -29.3675742383399 -29.5403255746791 -29.6834258000224 -29.7719075701013 -29.9829064818106 -30.1898588739664 -30.3193602446213 -30.3916368190711 -30.672535373272 -30.79783091258 -30.8849872085375 -31.1589588859594 -31.2396088882726 -31.3323538419441 -31.6109200714889 -31.6977832337465 -31.9643437265374 -32.1781720156982 -32.2790801056658 -32.478270827245 -32.8180127854724 -32.9289893807856 -33.1227635013877 -33.479277805229 -33.6051723568803 -33.9091711211306 -34.107603518573 -34.1980161475885 -34.3309905153405 -34.6706050241332 -34.8126155568094 -34.9608328769582 -35.3425949138244 -35.4757859456155 -35.6519465543344 -36.0221616724119 -36.150420411078 -36.2959294307382 -9999 -9999 -9999 -9999 -9999
-25.0210259704988 -25.381695125913 -25.6747842185483 -26.2136021938636 -26.4067773021223 -26.5740992925409 -27.0084979459612 -27.1794076379682 -27.403635801005 -27.7090237640942 -27.9464047087978 -28.1385857114654 -28.3933507590697 -28.639487479941 -28.7605644429587 -28.9282624092098 -29.1190096057364 -29.22463332479 -29.3220620451887 -29.511069556931 -29.6050252802326 -29.754517094729 -30.005471404234 -30.133660045711 -30.2600325327427 -30.5149122848383 -30.6736250659392 -30.7835884382461 -31.0280237091634 -31.161616206674 -31.2831774775437 -31.502900303062 -31.623919913834 -31.7639486077997 -32.0557122263135 -32.2095946738371 -32.4516721302115 -32.7196154493695 -32.9006637439113 -33.1004662227773 -33.3741383940275 -33.5382677761055 -33.7222219177597 -33.9945048901711 -34.1254145770801 -34.2843249048048 -34.5453222297686 -34.70796045346 -34.921298062297 -35.2407628154549 -35.4187586960342 -35.6085627667437 -35.9352284129652 -36.0858672723744 -36.3006514322959 -36.5740368423179 -9999 -9999 -9999 -9999
-24.5262991271371 -25.0018002232659 -25.197811081448 -25.630489167499 -26.048612528101 -26.1759854931955 -26.5557465739362 -26.9138221333532 -27.0524361385931 -27.4423294493968 -27.7608765666244 -27.9529237473855 -28.3396563122073 -28.485566797587 -28.5811793635405 -28.8898172872158 -28.9843082981435 -29.080965949462 -29.2379709081371 -29.4057071092187 -29.4785189712944 -29.7661978354243 -29.8736695712818 -30.0578977292207 -30.3304228555581 -30.4617276357148 -30.5941985781996 -30.8643404001071 -30.9863413715267 -31.0692536013068 -31.2319428047721 -31.4803098907516 -31.5708372242584 -31.8665262853626 -32.0655959299788 -32.2111176945825 -32.3509042346222 -32.7110444748822 -32.8206637337153 -33.0610970923813 -33.3546832378121 -33.4737528722323 -33.657331038054 -33.9515544306585 -34.0521502695109 -34.2368181279998 -34.5399247462068 -34.6629644305196 -35.0308918312432 -35.1983667609835 -35.3294739945164 -35.5351710097398 -35.8800236903009 -35.9893052081319 -36.1996605001957 -36.5225727605637 -9999 -9999 -9999 -9999
-24.228029214979 -24.7417014168171 -24.9414146810788 -25.413117784052 -25.806745363294 -26.0599045480203 -26.2172281302824 -26.8353387714308 -27.0299413133588 -27.3392037392645 -27.6477715657507 -27.8669973384735 -28.1499478285739 -28.4398889201706 -28.5888008397388 -28.8121432292042 -28.9985890073078 -28.9978880354167 -29.0869815627824 -29.3397647716762 -29.4258122575513 -29.6323376941007 -29.8741347617186 -29.9663444277641 -30.2607908568795 -30.3924524954536 -30.5077687440202 -30.6890974273185 -30.9413580935298 -31.0612688942194 -31.223269870737 -31.4835407339227 -31.5790067330262 -31.9132811105026 -32.0932652022642 -32.1842704711513 -32.3571237670382 -32.7287472013697 -32.8369135366466 -33.2145270944116 -33.3675301408354 -33.4938962553954 -33.6706941112881 -33.9742021952146 -34.0818969675828 -34.4101812216258 -34.5680146016268 -34.6925645617415 -35.0130680277926 -35.1885531545073 -35.3473041704386 -35.5403199669039 -35.881406516668 -36.0177200596106 -36.3583350464662 -36.5473744205671 -36.6593132591127 -9999 -9999 -9999
-23.710030104831 -24.2694247913876 -24.559518822306 -24.9626222670221 -25.3580468832942 -25.7046519935832 -26.2094919495927 -26.4686858650548 -26.7411855015052 -27.2402966054225 -27.4301134210755 -27.6707443263654 -28.1094635156238 -28.2143480279558 -28.4067966744364 -28.7183085828655 -28.8331723859388 -28.8632695699563 -29.0856242263023 -29.2254872360028 -29.3532043145712 -29.5594047550619 -29.7476093353652 -29.8880904748243 -30.1421864128961 -30.3524333729404 -30.5153838477469 -30.6601600331572 -30.8917802634099 -31.0503528501326 -31.2441397156782 -31.4753584802114 -31.609849496237 -31.7774136405816 -32.0478358512456 -32.2150303922295 -32.4458731809301 -32.7363049528507 -32.9077371875402 -33.1145876201482 -33.3536062900884 -33.5207179889397 -33.7176146206933 -33.9897127914243 -34.130812060642 -34.3173279359347 -34.5788286861658 -34.7324371174048 -34.8902450075189 -35.16384708158 -35.404962294722 -35.5776116715134 -35.8595489386075 -36.0174779056846 -36.2051918056641 -36.4955789702825 -36.6773409816589 -36.9147792786082 -9999 -9999
-23.6456426503926 -23.9033008001658 -24.0905431372367 -24.8044638909624 -24.9538537459109 -25.2135702040555 -25.6310117101815 -26.055125194217 -26.2290490653559 -26.713051038783 -27.0761863407598 -27.2814818902637 -27.6243208697557 -27.9669176953217 -28.0884534763044 -28.3590732335923 -28.6225112152316 -28.6392644434302 -28.8813418998046 -29.1257962881372 -29.2223328624926 -29.4373910386989 -29.6900977779319 -29.8475042023265 -30.1803320287184 -30.4213707721996 -30.5151289488774 -30.6544184361215 -30.9391022385346 -31.0644997373904 -31.2188027680488 -31.5366680308005 -31.6406285347304 -31.9287216095232 -32.1213295677973 -32.2251817397077 -32.5402877221969 -32.8288077525962 -32.9342849047997 -33.2354734090137 -33.4130487064583 -33.5417662630895 -33.8342882057401 -34.0612692765677 -34.1691169882577 -34.4862557892313 -34.6602879923897 -34.765261719326 -34.9294293362344 -35.2501112314942 -35.4129151394507 -35.5858449049986 -35.9263069525324 -36.0263993661175 -36.1966845558942 -36.5440161279613 -36.6782904799478 -37.048390893534 -37.2259152112047 -9999
-23.4227080991184 -23.7436448932477 -23.906162039976 -24.1003057639389 -24.7125218687299 -24.9902915393075 -25.40606983031 -25.8089311211 -26.0065988219339 -26.137699682995 -26.7916236153097 -27.0731594166843 -27.3923947608596 -27.7402488756092 -27.8702472990597 -28.1356352570509 -28.4014437981767 -28.507704764404 -28.8095241433199 -29.0716047884792 -29.1875646566914 -29.4809978628004 -29.6607907804099 -29.7917578195645 -30.175845808615 -30.3889094011674 -30.4886577012787 -30.6494287907508 -30.9118344319687 -31.0035215553317 -31.1952564849777 -31.4923729797512 -31.6256595986184 -31.8269404909276 -32.1410778577126 -32.2610587555914 -32.6362698915112 -32.8360086456599 -32.9565312036363 -33.3237321425818 -33.4588030535355 -33.5621008204048 -33.895795302953 -34.0408709945351 -34.1743933948566 -34.3803389364778 -34.716270156606 -34.839112294295 -35.0388128136132 -35.3149383864825 -35.4731796046748 -35.661556241715 -35.9661667632521 -36.0715483283796 -36.4608107644812 -36.6200715781515 -36.7338074537273 -37.1031176808179 -37.2451983106832 -9999
