Results/Mess_RCP6.0.asc
NCOLS 581 
NROWS 855 
XLLCORNER -74.916666667 
YLLCORNER -55.833333333 
CELLSIZE 0.0833333333339071 
NODATA_value -9999 
[rows 182 to 207 of 855, columns 420 to 479 of 581]
-5.20084182900645 -5.18596847997049 -5.17383529378178 -5.19536150331196 -5.17533919711189 -5.15429729543378 -5.1742941117469 -5.15936978293704 -5.14807776301772 -5.16979514670003 -5.15416984599902 -5.15631099650292 -5.17936659925016 -5.1778372060331 -9999 -9999 -9999 -9999 -9999 -9999 -9999 -9999 -9999 -9999 -9999 -9999 -9999 -9999 -9999 -9999 -9999 -9999 -9999 -9999 -9999 -9999 -9999 -9999 -9999 -9999 -9999 -9999 -9999 -9999 -9999 -9999 -9999 -9999 -9999 -9999 -9999 -9999 -9999 -9999 -9999 -9999 -9999 -9999 -9999 -9999
-5.15554629989438 -5.17138826463448 -5.15820999308077 -5.14317095977963 -5.15689726390279 -5.14574543836169 -5.12492020072266 -5.14856207086979 -5.12898583769136 -5.11244290106011 -5.14286508113622 -5.14092784972794 -5.11764283799813 -5.15865606610241 -5.16084819638021 -5.14043079693239 -9999 -9999 -9999 -9999 -9999 -9999 -9999 -9999 -9999 -9999 -9999 -9999 -9999 -9999 -9999 -9999 -9999 -9999 -9999 -9999 -9999 -9999 -9999 -9999 -9999 -9999 -9999 -9999 -9999 -9999 -9999 -9999 -9999 -9999 -9999 -9999 -9999 -9999 -9999 -9999 -9999 -9999 -9999 -9999
-5.15541885045963 -5.16096290087149 -5.14696895293535 -5.14758071022217 -5.15028263823899 -5.14145039241044 -5.13719358128961 -5.13965335538039 -5.1199496727672 -5.11844576943709 -5.12841231523496 -5.12146632104079 -5.1216702401364 -5.14506995635749 -5.14740228101351 -5.14368075751866 -5.16147269861051 -5.16911966469583 -9999 -9999 -9999 -9999 -9999 -9999 -9999 -9999 -9999 -9999 -9999 -9999 -9999 -9999 -9999 -9999 -9999 -9999 -9999 -9999 -9999 -9999 -9999 -9999 -9999 -9999 -9999 -9999 -9999 -9999 -9999 -9999 -9999 -9999 -9999 -9999 -9999 -9999 -9999 -9999 -9999 -9999
-5.17179610282569 -5.16951475794357 -5.15239829885592 -5.15118752922575 -5.14444545412719 -5.13028582192586 -5.13278383084707 -5.1328220656775 -5.12067613454531 -5.13275834096012 -5.13260540163841 -5.12913877701307 -5.13911806775441 -5.14634445070504 -5.14754247539175 -5.1564766807681 -5.15589041336822 -5.15363455837305 -5.16168936264959 -5.15763647062437 -9999 -9999 -9999 -9999 -9999 -9999 -9999 -9999 -9999 -9999 -9999 -9999 -9999 -9999 -9999 -9999 -9999 -9999 -9999 -9999 -9999 -9999 -9999 -9999 -9999 -9999 -9999 -9999 -9999 -9999 -9999 -9999 -9999 -9999 -9999 -9999 -9999 -9999 -9999 -9999
-5.14703267765272 -5.17579801507701 -5.1588727301415 -5.1305279758519 -5.15724137737663 -5.14735130123961 -5.11961830423684 -5.1460003372312 -5.12550646812254 -5.10995763708238 -5.12665351303534 -5.12462706702273 -5.11077331346482 -5.14701993270925 -5.14625523610072 -5.13927100707612 -5.15893645485888 -5.15113654945185 -5.15125125394313 -5.15934429305009 -5.15156987753002 -5.14430525974896 -9999 -9999 -9999 -9999 -9999 -9999 -9999 -9999 -9999 -9999 -9999 -9999 -9999 -9999 -9999 -9999 -9999 -9999 -9999 -9999 -9999 -9999 -9999 -9999 -9999 -9999 -9999 -9999 -9999 -9999 -9999 -9999 -9999 -9999 -9999 -9999 -9999 -9999
-5.19531052353806 -5.18094697224113 -5.16254327386245 -5.17270099381246 -5.16174034242349 -5.16365208394483 -5.17570880047268 -5.14823070233942 -5.12599077597461 -5.14015040817593 -5.13196815446464 -5.12599077597461 -5.13351029262518 -5.14628072598767 -5.14141215758001 -5.15048655733459 -5.15399141679037 -5.14643366530937 -5.15478160328585 -5.17068729274332 -5.15192673594733 -5.14538857994438 -5.13925826213264 -9999 -9999 -9999 -9999 -9999 -9999 -9999 -9999 -9999 -9999 -9999 -9999 -9999 -9999 -9999 -9999 -9999 -9999 -9999 -9999 -9999 -9999 -9999 -9999 -9999 -9999 -9999 -9999 -9999 -9999 -9999 -9999 -9999 -9999 -9999 -9999 -9999
-5.23507474718174 -5.24925986927002 -5.22946697205251 -5.21440244886442 -5.22182000596718 -5.2085780096961 -5.19309290337332 -5.19745167404195 -5.17842347343297 -5.17245883988642 -5.18168617896271 -5.17476567465549 -5.17470194993812 -5.19088802815205 -5.18632533838781 -5.18050089921949 -5.18875962259164 -5.18553515189232 -5.17935385430669 -5.18098520707156 -5.16626479735731 -5.16292562216672 -5.16524520187927 -5.14029060255416 -5.14603857206163 -9999 -9999 -9999 -9999 -9999 -9999 -9999 -9999 -9999 -9999 -9999 -9999 -9999 -9999 -9999 -9999 -9999 -9999 -9999 -9999 -9999 -9999 -9999 -9999 -9999 -9999 -9999 -9999 -9999 -9999 -9999 -9999 -9999 -9999 -9999
-5.24725891314436 -5.27712031570754 -5.25041965912629 -5.2292630529569 -5.24862262209624 -5.22583466316198 -5.19820362570701 -5.22178177113676 -5.19255761574735 -5.17702152965066 -5.19910851669377 -5.18576456087488 -5.17485488925982 -5.20119868742376 -5.19051842479126 -5.17640977236384 -5.19676344709427 -5.18572632604446 -5.1748676342033 -5.1937301505471 -5.17523723756409 -5.15814626836339 -5.16846967257858 -5.13807298238942 -5.12449961758797 -5.14336213393177 -5.11913399638477 -9999 -9999 -9999 -9999 -9999 -9999 -9999 -9999 -9999 -9999 -9999 -9999 -9999 -9999 -9999 -9999 -9999 -9999 -9999 -9999 -9999 -9999 -9999 -9999 -9999 -9999 -9999 -9999 -9999 -9999 -9999 -9999 -9999
-5.34856846883141 -5.31892373030731 -5.29029858726125 -5.31042285300913 -5.27764285839004 -5.25281570849969 -5.27346251693006 -5.25331276129524 -5.22138667788901 -5.24943829847867 -5.22281411155827 -5.21080837480432 -5.23524043144692 -5.23541886065558 -5.22257195763224 -5.24264524360621 -5.23128949896951 -5.20959760517414 -5.22566897889679 -5.21538380951204 -5.19282525956033 -5.21138189726072 -5.18349596093624 -5.15971389641088 -5.18754885296146 -5.17052160847814 -5.14930127759137 -5.17104415116064 -5.15691000884626 -9999 -9999 -9999 -9999 -9999 -9999 -9999 -9999 -9999 -9999 -9999 -9999 -9999 -9999 -9999 -9999 -9999 -9999 -9999 -9999 -9999 -9999 -9999 -9999 -9999 -9999 -9999 -9999 -9999 -9999 -9999
-5.38950522727484 -5.41615490408219 -5.3880140688882 -5.34817337558367 -5.36791529302728 -5.3422724667545 -5.30756798567061 -5.32501581328862 -5.28805547720956 -5.26744690360961 -5.28285554027154 -5.26984295298301 -5.25061083327842 -5.28481826156677 -5.27532327867749 -5.25684311063796 -5.27699286627279 -5.26181363859342 -5.24608637834461 -5.26700083058797 -5.24606088845766 -5.22605132720106 -5.23459043932967 -5.21491224660344 -5.19703109090726 -5.20961035011762 -5.18363615531447 -5.17359313985575 -5.19422720334264 -5.17509704318586 -5.15682079424194 -9999 -9999 -9999 -9999 -9999 -9999 -9999 -9999 -9999 -9999 -9999 -9999 -9999 -9999 -9999 -9999 -9999 -9999 -9999 -9999 -9999 -9999 -9999 -9999 -9999 -9999 -9999 -9999 -9999
-5.4678866296494 -5.4689826947883 -5.43445664291307 -5.41616764902567 -5.42294795895465 -5.39702474392541 -5.36715059641875 -5.37337012883481 -5.32261976391522 -5.29639067024256 -5.32188055719363 -5.29911808814632 -5.27956734485485 -5.31772570562061 -5.30636996098391 -5.2825624065716 -5.30944149236151 -5.2955367590297 -5.2777703078248 -5.31707571350336 -5.29599557699482 -5.24871183670057 -5.26283323407146 -5.23859235158099 -5.21082111974779 -5.23757275610295 -5.21190443994321 -5.19380662020795 -5.22361704299723 -5.20368395140149 -5.18022051046303 -5.20458884238825 -9999 -9999 -9999 -9999 -9999 -9999 -9999 -9999 -9999 -9999 -9999 -9999 -9999 -9999 -9999 -9999 -9999 -9999 -9999 -9999 -9999 -9999 -9999 -9999 -9999 -9999 -9999 -9999
-5.5353583604089 -5.49523727834791 -5.45585540300849 -5.4884187335885 -5.44591434709757 -5.40780696610572 -5.43343704743502 -5.39422085636079 -5.3494096351008 -5.38470038358456 -5.35457133720839 -5.33126083559163 -5.36095655388964 -5.34215776226322 -5.32412366724533 -5.35279979006529 -5.32838047836616 -5.31553357534282 -5.34492341499741 -5.31636199666873 -5.30371901274099 -5.32681285031867 -5.28766038396181 -5.26821160021814 -5.29653086462079 -5.2630753879975 -5.23924234369824 -5.27259586077373 -5.24312955145828 -5.21820044202013 -5.24256877394536 -5.21684947801172 -5.19764284819409 -5.24116683016305 -9999 -9999 -9999 -9999 -9999 -9999 -9999 -9999 -9999 -9999 -9999 -9999 -9999 -9999 -9999 -9999 -9999 -9999 -9999 -9999 -9999 -9999 -9999 -9999 -9999 -9999
-5.57914998619085 -5.61212115496207 -5.57340201668339 -5.5333828941702 -5.55520223740032 -5.51258314641812 -5.4737747935351 -5.49522453340443 -5.45192996041803 -5.42409500386745 -5.44766040435372 -5.42771456781451 -5.4014599842549 -5.43713308104293 -5.41960878376406 -5.39094540588758 -5.42494891508031 -5.41112065140935 -5.3815014027722 -5.41987642757705 -5.39981588654655 -5.36517513018004 -5.38435627011072 -5.35134686650908 -5.33412844787363 -5.36202712914158 -5.33748036800769 -5.30944149236151 -5.3382578095597 -5.30865130586603 -5.2777703078248 -5.30634447109695 -5.28271534589331 -5.27481348093847 -5.30462390372776 -5.27093901812191 -9999 -9999 -9999 -9999 -9999 -9999 -9999 -9999 -9999 -9999 -9999 -9999 -9999 -9999 -9999 -9999 -9999 -9999 -9999 -9999 -9999 -9999 -9999 -9999
-5.66470679174214 -5.66001665254314 -5.61964067161264 -5.61066823140586 -5.5991340575605 -5.5576620114911 -5.53292407620508 -5.54686704436731 -5.49303240312664 -5.47081796664878 -5.49146477507915 -5.46968366667945 -5.44548101901941 -5.47821003386459 -5.46791211953635 -5.4452261201499 -5.46856211165361 -5.45553677942161 -5.43895560795993 -5.46718565775825 -5.44495847633691 -5.42445186228477 -5.43216255308747 -5.40251781456337 -5.38346412406744 -5.40853342788382 -5.37491226699535 -5.35355174173035 -5.38361706338914 -5.35617720008631 -5.32857165251829 -5.35301645410437 -5.31493456299947 -5.3328921883565 -5.3489380721922 -5.30796307891835 -5.27924872126796 -5.28172124030221 -9999 -9999 -9999 -9999 -9999 -9999 -9999 -9999 -9999 -9999 -9999 -9999 -9999 -9999 -9999 -9999 -9999 -9999 -9999 -9999 -9999 -9999
-5.71849045320891 -5.67970759021285 -5.64063159351685 -5.66705186134164 -5.62333670522055 -5.58863222413665 -5.61171331677085 -5.57120988640559 -5.51715858112583 -5.55156992850979 -5.51466057220463 -5.48830402909722 -5.52608004155871 -5.50141857593354 -5.48960401333172 -5.52416830003738 -5.4937333750178 -5.48177861803774 -5.52128794281191 -5.48974420770995 -5.47592868898247 -5.51141061161837 -5.46232983429407 -5.43565466759977 -5.47600515864332 -5.43198412387881 -5.39919138431625 -5.44489475161953 -5.40514327291933 -5.38016318370727 -5.4127647491177 -5.37409659061292 -5.33954504885073 -5.40547464144969 -5.37242700301762 -5.3245569953235 -5.34493615994088 -5.30365528802361 -5.25703428479009 -9999 -9999 -9999 -9999 -9999 -9999 -9999 -9999 -9999 -9999 -9999 -9999 -9999 -9999 -9999 -9999 -9999 -9999 -9999 -9999 -9999
-5.75561647355316 -5.78155243352588 -5.73959607960441 -5.70101713570395 -5.72603545974643 -5.69107607979303 -5.65460005156604 -5.66893811297602 -5.62631902199382 -5.59325863861827 -5.62522295685493 -5.600434041795 -5.56500309893301 -5.6103878426494 -5.59310569929657 -5.56040217433834 -5.59991149911251 -5.59143611170127 -5.56223744619881 -5.62105536033842 -5.61320447515749 -5.56008355075145 -5.59059494543189 -5.56352468548984 -5.52122421809453 -5.55326500599203 -5.52112225854673 -5.48962950321867 -5.52281733602897 -5.48249233487237 -5.44276634605912 -5.4725257890745 -5.44526435498032 -5.44094381914211 -5.4831040921592 -5.42668222739299 -5.37584264786906 -5.40906871550979 -5.35870069889447 -5.31474338884733 -9999 -9999 -9999 -9999 -9999 -9999 -9999 -9999 -9999 -9999 -9999 -9999 -9999 -9999 -9999 -9999 -9999 -9999 -9999 -9999
-5.82529307953393 -5.81814316624415 -5.77640347636176 -5.77087217089338 -5.76169581159099 -5.7241237182251 -5.71014251523244 -5.70685431981575 -5.66628716473311 -5.66087056375601 -5.67018711743663 -5.65129911120588 -5.63637478239602 -5.64984618764966 -5.63738163293059 -5.63210522633172 -5.64077178789508 -5.64191883280788 -5.64384331927269 -5.65132460109283 -5.65249713589258 -5.64168942382532 -5.62988760616697 -5.61891420983453 -5.60950844154959 -5.61213389990555 -5.57880587271701 -5.56971872801896 -5.57883136260396 -5.53198095038789 -5.51407430480475 -5.52717610669761 -5.49043243465763 -5.50479598595456 -5.51685270248242 -5.46795035436678 -5.43950364052938 -5.45375248733503 -5.40725893353627 -5.38218962971988 -5.38718564756229 -5.34491067005393 -9999 -9999 -9999 -9999 -9999 -9999 -9999 -9999 -9999 -9999 -9999 -9999 -9999 -9999 -9999 -9999 -9999 -9999
-5.85446625514944 -5.82279507061272 -5.78391024806885 -5.80208453746497 -5.76485655757292 -5.73271381012762 -5.75547627917493 -5.72070807337366 -5.67178023537107 -5.71223268596243 -5.68525164062471 -5.66428620860745 -5.68856532592835 -5.65598925040487 -5.64864816296296 -5.68407910582496 -5.65495690998336 -5.65170694939709 -5.69094863035828 -5.66807145681969 -5.66210682327313 -5.69715541783086 -5.64594623494615 -5.6169514885393 -5.67417628474447 -5.6269052893937 -5.58999593308854 -5.63127680500581 -5.58459207705491 -5.54988759597102 -5.58377640067247 -5.5422916096596 -5.49633334348681 -5.52540455955451 -5.5288456942929 -5.48052961357714 -5.50359796126786 -5.45075742561828 -5.41637156812128 -5.44175949552455 -5.39049933286593 -5.34986845306592 -5.38232982409811 -9999 -9999 -9999 -9999 -9999 -9999 -9999 -9999 -9999 -9999 -9999 -9999 -9999 -9999 -9999 -9999 -9999
-5.8749091444842 -5.89127365190679 -5.85246529902378 -5.82496171100356 -5.84098210495232 -5.8097824833242 -5.78166713801716 -5.80672369689007 -5.7618997306866 -5.73559416735309 -5.76904964397638 -5.74587933673785 -5.71121309048438 -5.75272337138421 -5.74666952323333 -5.71558460609649 -5.75571843310096 -5.75055673099337 -5.72245413062981 -5.77631426175743 -5.76850161140693 -5.73990195824782 -5.77203196074965 -5.74209408852561 -5.71785320603514 -5.75245572757123 -5.71543166677479 -5.67870073967828 -5.71154445901475 -5.67473706225739 -5.62686705456327 -5.65685590656121 -5.60629671579375 -5.56143451475986 -5.64133256540801 -5.59972032496037 -5.54896996004078 -5.57099322236651 -5.53603384241311 -5.48923440997093 -5.52161931134227 -5.48806187517118 -5.43926148660334 -5.4730993115309 -9999 -9999 -9999 -9999 -9999 -9999 -9999 -9999 -9999 -9999 -9999 -9999 -9999 -9999 -9999 -9999
-5.92679380937312 -5.90658032902091 -5.87286995352811 -5.87464150067121 -5.85997207073087 -5.83092634455012 -5.82666953342929 -5.82079411448706 -5.7886258771548 -5.78579649970323 -5.79037193441095 -5.76964865631973 -5.76084190037813 -5.779143639209 -5.77026041360655 -5.76551929463365 -5.7766966100617 -5.7844582806383 -5.79146799954985 -5.79715224433994 -5.81008836196761 -5.81291773941918 -5.81149030574992 -5.79606892414452 -5.79253857480179 -5.78491709860342 -5.75319493429281 -5.75217533881476 -5.75195867477568 -5.70193477163419 -5.68203991486888 -5.68855258098488 -5.64908149104113 -5.6316464083666 -5.682498732834 -5.63427186672256 -5.60390066642035 -5.61218487967945 -5.5713118459534 -5.54485334329818 -5.55405519248752 -5.52962313584491 -5.50598126569779 -5.50540774324139 -5.46642096114972 -9999 -9999 -9999 -9999 -9999 -9999 -9999 -9999 -9999 -9999 -9999 -9999 -9999 -9999 -9999
-5.92637322623842 -5.91151262214595 -5.87766205227492 -5.8856403868906 -5.86689257503808 -5.84179778133475 -5.85858287189203 -5.82990674907207 -5.79799341060932 -5.82422250428198 -5.79727969377469 -5.78190929194319 -5.80674918677702 -5.79223269615838 -5.78360436942544 -5.81393733489722 -5.79002782093711 -5.79585226010543 -5.83592236239253 -5.82000392799158 -5.83966937577433 -5.85978089657873 -5.81967255946121 -5.81317263828869 -5.845315385734 -5.80469725087746 -5.77450447978391 -5.81456183712752 -5.77321724049288 -5.72231393625158 -5.74886165351112 -5.7057327647899 -5.66937144105419 -5.70781019057641 -5.71007879051506 -5.65145205052758 -5.67755369476549 -5.63309933192281 -5.59411254983114 -5.62602588829388 -5.57586179077416 -5.55288265768777 -5.58585382645899 -5.53131821332716 -5.49136281553135 -5.52484378204158 -9999 -9999 -9999 -9999 -9999 -9999 -9999 -9999 -9999 -9999 -9999 -9999 -9999 -9999
-5.91427827488014 -5.91459689846703 -5.88676194191645 -5.87377484451488 -5.88249238585214 -5.86654846156425 -5.85456821469724 -5.87297191307592 -5.83425277479723 -5.82327937846479 -5.84871828564197 -5.83192045014121 -5.80787074180287 -5.8417213116739 -5.83905761848751 -5.81837257522671 -5.85502703266236 -5.85672211014461 -5.83913408814836 -5.88225023192611 -5.89567065740585 -5.87321406700195 -5.90088333928735 -5.89491870574079 -5.86462397509944 -5.8914265912285 -5.85836620785295 -5.8245283829254 -5.85070649682415 -5.81392458995375 -5.77134373380197 -5.79912771057865 -5.7524174927408 -5.71708850942661 -5.79846497351792 -5.74817342656344 -5.69972989641292 -5.73086579332366 -5.69530740102691 -5.65198733815356 -5.68776239448939 -5.6588441177434 -5.61396917176602 -5.65068735391905 -5.60885844943233 -5.55812082945622 -5.59921052722135 -9999 -9999 -9999 -9999 -9999 -9999 -9999 -9999 -9999 -9999 -9999 -9999 -9999
-5.94676513579928 -5.90670777845567 -5.88747565875108 -5.90121470781771 -5.87391503889311 -5.86676512560333 -5.89068738450691 -5.86958175811142 -5.84452519923851 -5.86798864017698 -5.85444076526248 -5.84350560376047 -5.85119080467622 -5.85335744506706 -5.86003579544825 -5.86393574815176 -5.87095821200678 -5.87752185789668 -5.88702958572944 -5.90252743699569 -5.91274888166307 -5.92256248813924 -5.92225660949582 -5.90779109865109 -5.93486135859313 -5.91896841407913 -5.89154129571978 -5.89750592926633 -5.88428942288219 -5.84632223626857 -5.83444394894936 -5.83133418274133 -5.78259751889087 -5.77400742698836 -5.83079889511536 -5.7861788480075 -5.76311050031677 -5.76225658910391 -5.74037352115641 -5.72440410698157 -5.72615016423771 -5.70607687826374 -5.70369357383382 -5.69334467973168 -5.66013135703442 -5.65080205841033 -5.65280301453599 -5.61441524478767 -9999 -9999 -9999 -9999 -9999 -9999 -9999 -9999 -9999 -9999 -9999 -9999
-5.86603866382522 -5.86750433232491 -5.84921533843751 -5.84175954650432 -5.84382422734736 -5.83496649163186 -5.84019191845683 -5.83704391741837 -5.8233813380126 -5.82986851424165 -5.83152535689347 -5.82344506272997 -5.84142817797396 -5.83724783651398 -5.83612628148814 -5.85890149547892 -5.847137912651 -5.85957697748313 -5.88643057338609 -5.8867364520295 -5.8990863022573 -5.92894770482048 -5.91165281652418 -5.9027823358652 -5.93574075969294 -5.90470682233001 -5.87971398817448 -5.90664405373829 -5.87349445575841 -5.83034007715024 -5.84762222050307 -5.81637161910105 -5.77594465839664 -5.79697381513128 -5.82956263559823 -5.7885748973809 -5.81504614497959 -5.76848886646345 -5.74051371553465 -5.7714329484063 -5.73174519442347 -5.70545237603344 -5.73638435384857 -5.69231233931016 -5.66403130973794 -5.69543485046167 -5.658270595287 -5.62555432538529 -5.66902732758035 -9999 -9999 -9999 -9999 -9999 -9999 -9999 -9999 -9999 -9999 -9999
-5.83854782074849 -5.81976177406554 -5.80780701708549 -5.81885688307878 -5.81002463725023 -5.80650703285098 -5.8204627459567 -5.82916754235049 -5.82010588753938 -5.8275489345291 -5.84218012963902 -5.8382291971616 -5.84155562740871 -5.87102193672416 -5.86976018732008 -5.86389751332133 -5.89113345752856 -5.90410780998666 -5.8950716450625 -5.92045957246577 -5.9406603078745 -5.93999757081377 -5.96999916775519 -5.96700410603844 -5.95080528288103 -5.96867369363374 -5.94489162910838 -5.92483108807788 -5.94138676965261 -5.90401859538233 -5.86961999294185 -5.88901779691162 -5.85185354173695 -5.81718729548349 -5.90599406162104 -5.86589846944699 -5.83539981971003 -5.86654846156425 -5.83803802300947 -5.79770027690939 -5.827599914303 -5.80723349462909 -5.76948297205454 -5.79944633416554 -5.7653918451989 -5.72450606652937 -5.77217215512788 -5.7417372301083 -5.71120034554091 -5.7501743826891 -5.70911017481092 -5.66534403891592 -9999 -9999 -9999 -9999 -9999 -9999 -9999 -5.64985893259314
-5.80951483951121 -5.79187583774107 -5.77423683597092 -5.79869438250048 -5.77628877187048 -5.78180733239539 -5.82135489199999 -5.79543167697074 -5.80627762386842 -5.84096936000884 -5.81523731913173 -5.83152535689347 -5.86225341561299 -5.85969168197441 -5.8732395568889 -5.89791376745755 -5.88775604750754 -5.90654209419049 -5.93603389339288 -5.93162414295034 -5.9489955009075 -5.97516086986278 -5.97904807762282 -5.98443918871298 -5.99940175235326 -5.97765887878399 -5.95823558492727 -5.9748932260498 -5.95692285574929 -5.91927429272255 -5.91755372535335 -5.90349605269983 -5.87369837485402 -5.87794244103138 -5.92605460265153 -5.89266285074562 -5.88576783632536 -5.88622665429048 -5.85625054723601 -5.85553683040138 -5.85277117766719 -5.83649588484893 -5.83573118824039 -5.82032255157847 -5.79683362075305 -5.8003512251523 -5.78840921311572 -5.77357409891019 -5.80694036092915 -5.78802686481145 -5.7496008602327 -5.75518314547499 -5.74339407276012 -5.71117485565396 -5.69781815489159 -5.70699451419398 -5.70392298281638 -5.68936825736731 -5.7021386907298 -5.68418106537277
