Results/Mess_RCP2.6.asc
NCOLS 581 
NROWS 855 
XLLCORNER -74.916666667 
YLLCORNER -55.833333333 
CELLSIZE 0.0833333333339071 
NODATA_value -9999 
[rows 0 to 25 of 855, columns 59 to 117 of 581]
-9999 -9999 -9999 -9999 -9999 -9999 -9999 -9999 -9999 -9999 -9999 -9999 -9999 -9999 -9999 -9999 -9999 -9999 -9999 -9999 -9999 -9999 -9999 -9999 -9999 -9999 -9999 -9999 -9999 -9999 -9999 -9999 -9999 -9999 -9999 -9999 -9999 -9999 -9999 -9999 -9999 -9999 -9999 -9999 -9999 -9999 -9999 -9999 -9999 -9999 -9999 -9999 -9999 -9999 -9999 -9999 -9999 -9999 -9999
2.94365012615643 2.91000841042892 2.91000841042892 2.84272497897393 2.82590412111017 2.87636669470144 2.84272497897393 2.87636669470144 2.84272497897393 2.80908326324643 2.82590412111017 2.80908326324643 -9999 -9999 -9999 -9999 -9999 -9999 -9999 -9999 -9999 -9999 -9999 -9999 -9999 -9999 -9999 -9999 -9999 -9999 -9999 -9999 -9999 -9999 -9999 -9999 -9999 -9999 -9999 -9999 -9999 -9999 -9999 -9999 -9999 -9999 -9999 -9999 -9999 -9999 -9999 -9999 -9999 -9999 -9999 -9999 -9999 -9999 -9999
2.80908326324643 2.79226240538268 2.84272497897393 2.80908326324643 2.79226240538268 2.79226240538268 2.79226240538268 2.82590412111017 2.82590412111017 2.77544154751892 2.77544154751892 2.77544154751892 2.74179983179141 2.69133725820017 2.65769554247266 2.62405382674515 2.65769554247266 2.65769554247266 2.62405382674515 -9999 -9999 -9999 -9999 -9999 -9999 -9999 -9999 -9999 -9999 -9999 -9999 -9999 -9999 -9999 -9999 -9999 -9999 -9999 -9999 -9999 -9999 -9999 -9999 -9999 -9999 -9999 -9999 -9999 -9999 -9999 -9999 -9999 -9999 -9999 -9999 -9999 -9999 -9999 -9999
2.82590412111017 2.77544154751892 2.80908326324643 2.79226240538268 2.79226240538268 2.79226240538268 2.79226240538268 2.79226240538268 2.77544154751892 2.79226240538268 2.79226240538268 2.77544154751892 2.77544154751892 2.74179983179141 2.65769554247266 2.62405382674515 2.65769554247266 2.62405382674515 2.62405382674515 2.62405382674515 2.65769554247266 2.65769554247266 2.65769554247266 2.62405382674515 2.65769554247266 2.65769554247266 -9999 -9999 -9999 -9999 -9999 -9999 -9999 -9999 -9999 -9999 -9999 -9999 -9999 -9999 -9999 -9999 -9999 -9999 -9999 -9999 -9999 -9999 -9999 -9999 -9999 -9999 -9999 -9999 -9999 -9999 -9999 -9999 -9999
2.79226240538268 2.77544154751892 2.80908326324643 2.79226240538268 2.77544154751892 2.77544154751892 2.77544154751892 2.77544154751892 2.77544154751892 2.75862068965518 2.77544154751892 2.79226240538268 2.77544154751892 2.74179983179141 2.65769554247266 2.62405382674515 2.62405382674515 2.62405382674515 2.62405382674515 2.62405382674515 2.65769554247266 2.62405382674515 2.65769554247266 2.62405382674515 2.65769554247266 2.65769554247266 2.65769554247266 2.65769554247266 2.62405382674515 2.62405382674515 2.62405382674515 2.62405382674515 2.62405382674515 -9999 -9999 -9999 -9999 -9999 -9999 -9999 -9999 -9999 -9999 -9999 -9999 -9999 -9999 -9999 -9999 -9999 -9999 -9999 -9999 -9999 -9999 -9999 -9999 -9999 -9999
2.79226240538268 2.75862068965518 2.65769554247266 2.74179983179141 2.69133725820017 2.72497897392767 2.72497897392767 2.67451640033642 2.65769554247266 2.65769554247266 2.69133725820017 2.77544154751892 2.80908326324643 2.72497897392767 2.62405382674515 2.60723296888141 2.59041211101767 2.62405382674515 2.62405382674515 2.62405382674515 2.62405382674515 2.62405382674515 2.62405382674515 2.62405382674515 2.62405382674515 2.65769554247266 2.74179983179141 2.65769554247266 2.62405382674515 2.62405382674515 2.60723296888141 2.62405382674515 2.62405382674515 2.62405382674515 2.62405382674515 2.62405382674515 2.62405382674515 2.62405382674515 2.62405382674515 -9999 -9999 -9999 -9999 -9999 -9999 -9999 -9999 -9999 -9999 -9999 -9999 -9999 -9999 -9999 -9999 -9999 -9999 -9999 -9999
2.77544154751892 2.72497897392767 2.65769554247266 2.62405382674515 2.62405382674515 2.62405382674515 2.65769554247266 2.65769554247266 2.65769554247266 2.65769554247266 2.65769554247266 2.72497897392767 2.77544154751892 2.65769554247266 2.62405382674515 2.60723296888141 2.5399495374264 2.5399495374264 2.5399495374264 2.55677039529016 2.60723296888141 2.60723296888141 2.60723296888141 2.62405382674515 2.62405382674515 2.65769554247266 2.75862068965518 2.67451640033642 2.65769554247266 2.62405382674515 2.60723296888141 2.62405382674515 2.60723296888141 2.60723296888141 2.60723296888141 2.62405382674515 2.62405382674515 2.60723296888141 2.62405382674515 2.62405382674515 2.62405382674515 2.62405382674515 2.60723296888141 -9999 -9999 -9999 -9999 -9999 -9999 -9999 -9999 -9999 -9999 -9999 -9999 -9999 -9999 -9999 -9999
2.65769554247266 2.65769554247266 2.65769554247266 2.62405382674515 2.62405382674515 2.62405382674515 2.62405382674515 2.62405382674515 2.62405382674515 2.62405382674515 2.62405382674515 2.65769554247266 2.62405382674515 2.62405382674515 2.62405382674515 2.5399495374264 2.52312867956266 2.52312867956266 2.5399495374264 2.5399495374264 2.60723296888141 2.60723296888141 2.60723296888141 2.62405382674515 2.62405382674515 2.62405382674515 2.64087468460892 2.62405382674515 2.62405382674515 2.60723296888141 2.59041211101767 2.60723296888141 2.52312867956266 2.27081581160639 1.85029436501262 2.16989066442389 2.62405382674515 2.62405382674515 2.62405382674515 2.62405382674515 2.62405382674515 2.62405382674515 2.5399495374264 2.52312867956266 2.48948696383515 -9999 -9999 -9999 -9999 -9999 -9999 -9999 -9999 -9999 -9999 -9999 -9999 -9999 -9999
2.62405382674515 2.62405382674515 2.62405382674515 2.62405382674515 2.60723296888141 2.62405382674515 2.62405382674515 2.62405382674515 2.62405382674515 2.62405382674515 2.62405382674515 2.62405382674515 2.60723296888141 2.57359125315391 2.5399495374264 2.52312867956266 2.52312867956266 2.52312867956266 2.52312867956266 2.59041211101767 2.59041211101767 2.57359125315391 2.60723296888141 2.60723296888141 2.62405382674515 2.62405382674515 2.60723296888141 2.60723296888141 2.60723296888141 2.59041211101767 2.53994953742641 2.4053826745164 2.59041211101766 2.3717409587889 1.69890664423886 1.37931034482759 2.3380992430614 2.45584524810765 2.62405382674515 2.60723296888141 2.60723296888141 2.60723296888141 2.52312867956266 2.52312867956266 2.47266610597141 2.45584524810765 2.45584524810765 -9999 -9999 -9999 -9999 -9999 -9999 -9999 -9999 -9999 -9999 -9999 -9999
2.5399495374264 2.52312867956266 2.60723296888141 2.60723296888141 2.52312867956266 2.57359125315391 2.59041211101767 2.59041211101767 2.47266610597141 2.60723296888141 2.62405382674515 2.60723296888141 2.60723296888141 2.5399495374264 2.52312867956266 2.48948696383515 2.45584524810765 2.47266610597141 2.47266610597141 2.52312867956266 2.5399495374264 2.5399495374264 2.60723296888141 2.60723296888141 2.60723296888141 2.60723296888141 2.5399495374264 2.5399495374264 2.52312867956266 2.52312867956266 2.3380992430614 2.5399495374264 2.59041211101767 2.52312867956266 2.3717409587889 2.22035323801514 2.50630782169891 1.51387720773759 2.50630782169891 2.60723296888141 2.52312867956266 2.52312867956266 2.47266610597141 2.47266610597141 2.45584524810765 2.45584524810765 2.45584524810765 2.42220353238014 2.45584524810765 -9999 -9999 -9999 -9999 -9999 -9999 -9999 -9999 -9999 -9999
2.52312867956266 2.47266610597141 2.4390243902439 2.52312867956266 2.52312867956266 2.52312867956266 2.52312867956266 2.37174095878889 2.38856181665266 2.33809924306139 2.42220353238014 2.45584524810765 2.37174095878889 2.33809924306139 2.2708158116064 2.16989066442388 2.13624894869637 2.37174095878889 2.4053826745164 2.47266610597141 2.48948696383515 2.48948696383515 2.35492010092515 2.4053826745164 2.4053826745164 2.37174095878889 2.52312867956266 2.47266610597141 2.2708158116064 2.16989066442388 2.22035323801514 2.28763666947014 2.52312867956266 2.38856181665265 2.08578637510513 2.4053826745164 2.27081581160639 1.76619007569386 2.3717409587889 2.52312867956266 2.52312867956266 2.45584524810765 2.37174095878889 2.18671152228764 2.16989066442388 2.35492010092515 2.42220353238014 2.42220353238014 2.45584524810765 2.4390243902439 2.33809924306139 -9999 -9999 -9999 -9999 -9999 -9999 -9999 -9999
2.45584524810765 2.45584524810765 2.42220353238014 2.33809924306139 2.47266610597141 2.52312867956266 2.28763666947014 2.28763666947014 2.33809924306139 2.28763666947014 2.28763666947014 2.28763666947014 2.2708158116064 2.20353238015139 2.16989066442388 2.13624894869637 2.11942809083263 2.11942809083263 2.37174095878889 2.4390243902439 2.47266610597141 2.18671152228764 2.25399495374263 2.2708158116064 2.28763666947014 2.2708158116064 2.2708158116064 2.23717409587889 2.16989066442388 2.16989066442388 2.18671152228764 2.22035323801514 2.22035323801514 1.76619007569386 1.51387720773759 2.3380992430614 2.23717409587889 2.27081581160639 2.45584524810765 2.35492010092515 2.28763666947014 2.28763666947014 2.16989066442388 2.16989066442388 2.20353238015139 2.13624894869637 2.37174095878889 2.4053826745164 2.4390243902439 2.38856181665266 2.16989066442388 2.16989066442388 2.15306980656014 -9999 -9999 -9999 -9999 -9999 -9999
2.45584524810765 2.4390243902439 2.33809924306139 2.3044575273339 2.28763666947014 2.23717409587889 2.2708158116064 2.25399495374263 2.28763666947014 2.28763666947014 2.2708158116064 2.16989066442388 2.16989066442388 2.16989066442388 2.13624894869637 2.11942809083263 2.11942809083263 2.10260723296889 2.11942809083263 2.4390243902439 2.16989066442388 2.16989066442388 2.16989066442388 2.16989066442388 1.88393608074012 2.16989066442388 2.16989066442388 2.16989066442388 2.16989066442388 2.13624894869637 2.16989066442388 2.16989066442388 2.18671152228764 2.16989066442389 2.15306980656013 2.22035323801514 2.23717409587889 1.88393608074012 2.4053826745164 2.35492010092515 2.22035323801514 2.20353238015139 2.16989066442388 2.16989066442388 2.16989066442388 2.13624894869637 2.13624894869637 2.35492010092515 2.4390243902439 2.18671152228764 2.15306980656014 2.15306980656014 2.16989066442388 2.13624894869637 2.13624894869637 -9999 -9999 -9999 -9999
2.13624894869637 2.13624894869637 2.11942809083263 2.10260723296889 2.03532380151388 2.03532380151388 2.10260723296889 2.10260723296889 2.11942809083263 2.10260723296889 2.10260723296889 2.10260723296889 2.01850294365014 1.96804037005887 1.96804037005887 1.91757779646762 1.88393608074011 1.88393608074011 1.88393608074011 1.88393608074011 2.01850294365014 2.01850294365014 2.01850294365014 0.941968040370059 2.03532380151388 2.03532380151388 2.03532380151388 2.03532380151388 1.96804037005887 1.96804037005887 2.01850294365014 2.03532380151388 2.10260723296889 2.10260723296889 2.08578637510513 2.13624894869637 2.13624894869637 2.13624894869637 2.37174095878889 2.28763666947014 2.2708158116064 2.22035323801515 2.13624894869637 2.13624894869637 2.16989066442388 2.11942809083263 2.11942809083263 2.11942809083263 2.16989066442388 2.16989066442388 2.16989066442388 2.13624894869637 2.13624894869637 2.13624894869637 2.13624894869637 2.13624894869637 2.16989066442388 2.13624894869637 -9999
2.16989066442388 2.13624894869637 2.11942809083263 2.08578637510513 2.08578637510513 2.08578637510513 2.03532380151388 2.10260723296889 2.10260723296889 2.08578637510513 2.06896551724138 2.08578637510513 1.95121951219512 1.93439865433138 1.91757779646762 1.88393608074011 1.88393608074011 1.88393608074011 1.86711522287637 1.86711522287637 1.88393608074011 1.95121951219512 1.95121951219512 1.95121951219512 1.96804037005887 1.96804037005887 1.96804037005887 1.95121951219512 1.96804037005887 1.96804037005887 2.03532380151388 2.05214465937762 2.08578637510513 2.08578637510513 2.10260723296889 2.11942809083263 1.81665264928511 2.11942809083263 2.11942809083263 2.10260723296889 2.10260723296889 2.00168208578638 1.49705634987384 2.10260723296889 2.10260723296889 2.05214465937762 2.03532380151388 2.01850294365014 1.96804037005887 2.05214465937762 2.05214465937762 2.03532380151388 2.03532380151388 2.03532380151388 2.03532380151388 2.10260723296889 2.10260723296889 2.10260723296889 2.08578637510513
2.16989066442388 2.11942809083263 2.10260723296889 2.10260723296889 2.03532380151388 2.03532380151388 2.05214465937762 1.95121951219512 2.08578637510513 2.08578637510513 1.98486122792263 1.83347350714886 1.85029436501261 1.88393608074011 1.88393608074011 1.88393608074011 1.88393608074011 1.86711522287637 1.86711522287637 1.79983179142136 1.6484440706476 1.86711522287637 1.88393608074011 1.91757779646762 1.95121951219512 1.93439865433138 1.95121951219512 1.93439865433138 1.91757779646762 1.95121951219512 2.01850294365014 2.01850294365014 2.03532380151388 2.05214465937762 2.08578637510513 2.08578637510513 2.10260723296889 2.10260723296889 2.10260723296889 2.10260723296889 1.98486122792262 2.10260723296889 2.10260723296889 2.10260723296889 2.08578637510513 2.08578637510513 2.03532380151388 1.96804037005887 2.01850294365014 1.93439865433138 2.03532380151388 2.03532380151388 2.01850294365014 2.01850294365014 2.03532380151388 2.10260723296889 2.10260723296889 2.10260723296889 2.08578637510513
2.10260723296889 2.11942809083263 2.11942809083263 2.08578637510513 2.05214465937762 2.08578637510513 2.01850294365014 2.03532380151388 1.90075693860388 1.86711522287637 1.86711522287637 1.86711522287637 1.79983179142136 1.79983179142136 1.78301093355762 1.74936921783011 1.85029436501261 1.86711522287637 1.83347350714886 1.86711522287637 1.86711522287637 1.86711522287637 1.88393608074011 1.93439865433138 1.79983179142136 1.79983179142136 1.78301093355762 1.79983179142136 1.78301093355762 1.93439865433138 1.96804037005887 2.01850294365014 1.85029436501262 1.83347350714886 2.05214465937762 2.05214465937762 2.06896551724138 1.91757779646762 2.10260723296889 1.95121951219512 1.93439865433138 1.95121951219512 1.93439865433138 2.10260723296889 2.10260723296889 2.05214465937762 2.03532380151388 2.03532380151388 2.01850294365014 1.96804037005887 2.00168208578637 2.03532380151388 2.03532380151388 2.05214465937762 1.93439865433138 1.95121951219512 2.10260723296889 2.10260723296889 2.10260723296889
2.11942809083263 2.11942809083263 2.13624894869637 2.11942809083263 2.11942809083263 2.11942809083263 2.10260723296889 2.10260723296889 2.03532380151388 1.88393608074011 1.90075693860388 1.88393608074011 1.88393608074011 1.86711522287637 1.81665264928512 1.85029436501261 1.88393608074011 1.88393608074011 1.88393608074011 1.91757779646762 1.91757779646762 1.88393608074011 1.88393608074011 1.86711522287637 1.86711522287637 1.86711522287637 1.86711522287637 1.88393608074011 1.88393608074011 1.86711522287637 1.6484440706476 2.08578637510513 1.85029436501262 2.00168208578638 2.03532380151388 2.03532380151388 2.05214465937762 1.95121951219512 2.01850294365014 1.81665264928511 2.08578637510513 2.10260723296889 2.05214465937762 2.08578637510513 2.08578637510513 2.10260723296889 2.10260723296889 2.10260723296889 2.10260723296889 2.08578637510513 2.08578637510513 2.10260723296889 2.08578637510513 2.08578637510513 2.03532380151388 2.08578637510513 2.08578637510513 1.93439865433138 1.95121951219512
2.16989066442388 2.11942809083263 2.13624894869637 2.05214465937762 1.95121951219512 2.01850294365014 2.08578637510513 1.95121951219512 1.88393608074011 1.95121951219512 1.88393608074011 1.95121951219512 1.93439865433138 1.86711522287637 1.81665264928512 1.74936921783011 1.74936921783011 1.79983179142136 1.78301093355762 1.74936921783011 1.78301093355762 1.88393608074011 1.78301093355762 1.85029436501262 0.891505466778806 1.81665264928511 1.88393608074011 1.74936921783011 1.74936921783011 1.74936921783011 1.79983179142136 1.88393608074011 1.91757779646762 2.01850294365014 2.01850294365014 2.03532380151388 2.05214465937762 1.85029436501262 2.01850294365014 1.95121951219512 1.95121951219512 2.03532380151388 1.96804037005887 1.91757779646762 1.88393608074011 2.11942809083263 2.11942809083263 2.11942809083263 2.11942809083263 2.08578637510513 2.08578637510513 1.91757779646762 1.88393608074011 1.95121951219512 2.03532380151388 1.95121951219512 1.93439865433138 2.00168208578637 1.95121951219512
2.16989066442388 2.10260723296889 2.10260723296889 2.03532380151388 2.00168208578637 1.95121951219512 1.91757779646762 1.86711522287637 1.91757779646762 1.88393608074011 1.90075693860388 2.08578637510513 1.96804037005887 1.86711522287637 1.79983179142136 1.74936921783011 1.7157275021026 1.74936921783011 1.74936921783011 1.74936921783011 1.78301093355762 1.79983179142136 1.74936921783011 1.88393608074011 1.53069806560135 1.88393608074011 1.88393608074011 1.83347350714886 1.74936921783011 1.74936921783011 1.74936921783011 1.88393608074011 1.91757779646762 1.93439865433138 1.96804037005887 2.00168208578638 1.85029436501262 1.95121951219512 1.95121951219512 2.01850294365014 2.03532380151388 2.03532380151388 1.95121951219512 1.91757779646762 1.93439865433138 2.10260723296889 2.10260723296889 2.13624894869637 2.11942809083263 2.08578637510513 2.03532380151388 1.93439865433138 1.95121951219512 2.01850294365014 2.03532380151388 2.05214465937762 2.05214465937762 1.93439865433138 1.93439865433138
2.25399495374263 2.13624894869637 2.11942809083263 2.06896551724138 2.01850294365014 1.91757779646762 1.88393608074011 1.95121951219512 2.10260723296889 2.03532380151388 2.08578637510513 2.10260723296889 2.08578637510513 1.95121951219512 1.91757779646762 1.86711522287637 1.78301093355762 1.74936921783011 1.74936921783011 1.73254835996637 1.74936921783011 1.74936921783011 1.86711522287637 1.88393608074011 1.91757779646762 1.96804037005887 2.05214465937762 1.93439865433138 1.88393608074011 1.85029436501261 1.86711522287637 1.79983179142136 1.88393608074011 1.88393608074011 1.91757779646762 1.95121951219512 2.08578637510513 2.10260723296889 2.00168208578638 2.08578637510513 2.2708158116064 2.16989066442388 2.11942809083263 2.10260723296889 2.10260723296889 2.08578637510513 2.16989066442388 2.18671152228764 2.13624894869637 2.13624894869637 2.11942809083263 2.10260723296889 2.10260723296889 2.13624894869637 2.16989066442388 2.28763666947014 2.15306980656014 2.10260723296889 2.05214465937762
2.28763666947014 2.13624894869637 2.10260723296889 2.10260723296889 2.01850294365014 1.88393608074011 1.91757779646762 1.88393608074011 2.08578637510513 2.08578637510513 2.01850294365014 2.03532380151388 2.03532380151388 1.93439865433138 1.88393608074011 1.86711522287637 1.74936921783011 1.74936921783011 1.74936921783011 1.7157275021026 1.74936921783011 1.74936921783011 1.78301093355762 1.86711522287637 1.88393608074011 1.88393608074011 1.91757779646762 1.88393608074011 1.86711522287637 1.81665264928512 1.83347350714886 1.78301093355762 1.88393608074011 1.88393608074011 1.88393608074011 1.95121951219512 2.08578637510513 2.08578637510513 2.10260723296889 2.13624894869637 2.11942809083263 2.13624894869637 2.11942809083263 2.08578637510513 2.10260723296889 2.08578637510513 2.05214465937762 2.03532380151388 2.11942809083263 2.10260723296889 2.10260723296889 2.11942809083263 2.10260723296889 2.13624894869637 2.18671152228764 2.15306980656014 2.13624894869637 2.10260723296889 2.01850294365014
2.23717409587889 2.11942809083263 2.11942809083263 2.08578637510513 2.06896551724138 1.95121951219512 1.88393608074011 1.88393608074011 1.96804037005887 2.03532380151388 2.01850294365014 2.03532380151388 1.95121951219512 1.93439865433138 1.90075693860388 1.81665264928512 1.74936921783011 1.74936921783011 1.74936921783011 1.73254835996637 1.73254835996637 1.74936921783011 1.78301093355762 1.79983179142136 1.86711522287637 1.86711522287637 1.88393608074011 1.86711522287637 1.85029436501261 1.79983179142136 1.79983179142136 1.79983179142136 1.81665264928512 1.88393608074011 1.91757779646762 1.95121951219512 1.98486122792263 2.10260723296889 2.10260723296889 2.10260723296889 2.11942809083263 2.11942809083263 2.10260723296889 2.10260723296889 2.10260723296889 2.10260723296889 2.08578637510513 2.08578637510513 2.10260723296889 2.10260723296889 2.10260723296889 2.11942809083263 2.11942809083263 2.15306980656014 2.13624894869637 2.13624894869637 2.11942809083263 2.10260723296889 2.08578637510513
2.35492010092515 2.2708158116064 2.25399495374263 2.11942809083263 2.13624894869637 2.10260723296889 2.08578637510513 2.03532380151388 1.96804037005887 2.10260723296889 2.08578637510513 2.08578637510513 2.01850294365014 2.01850294365014 1.95121951219512 1.88393608074011 1.88393608074011 1.86711522287637 1.86711522287637 1.79983179142136 1.78301093355762 1.76619007569385 1.78301093355762 1.85029436501262 1.88393608074011 1.88393608074011 1.88393608074011 1.88393608074011 1.90075693860388 1.88393608074011 1.88393608074011 1.88393608074011 1.88393608074011 1.93439865433138 2.00168208578637 2.03532380151388 2.10260723296889 2.13624894869637 2.16989066442388 2.16989066442388 2.2708158116064 2.28763666947014 2.28763666947014 2.28763666947014 2.2708158116064 2.16989066442388 2.16989066442388 2.16989066442388 2.3044575273339 2.3044575273339 2.3044575273339 2.32127838519764 2.37174095878889 2.42220353238014 2.33809924306139 2.28763666947014 2.28763666947014 2.13624894869637 2.11942809083263
2.45584524810765 2.20353238015139 2.20353238015139 2.16989066442388 2.11942809083263 2.10260723296889 2.10260723296889 1.95121951219512 1.95121951219512 1.93439865433138 1.88393608074011 1.88393608074011 1.88393608074011 1.86711522287637 1.78301093355762 1.74936921783011 1.74936921783011 1.86711522287637 1.88393608074011 1.79983179142136 1.78301093355762 1.74936921783011 1.7157275021026 1.7157275021026 1.73254835996637 1.86711522287637 1.86711522287637 1.86711522287637 1.73254835996637 1.74936921783011 1.74936921783011 1.88393608074011 1.91757779646762 1.93439865433138 1.88393608074012 2.03532380151388 2.10260723296889 1.93439865433138 2.01850294365014 2.16989066442388 2.18671152228764 2.28763666947014 2.28763666947014 2.10260723296889 2.10260723296889 2.2708158116064 2.15306980656014 2.16989066442388 2.35492010092515 2.28763666947014 2.28763666947014 2.15306980656014 2.33809924306139 2.4053826745164 2.37174095878889 2.25399495374263 2.2708158116064 2.16989066442388 2.11942809083263
2.45584524810765 2.4053826745164 2.35492010092515 2.16989066442388 2.16989066442388 2.11942809083263 2.03532380151388 2.01850294365014 2.01850294365014 1.90075693860388 1.88393608074011 1.88393608074011 1.86711522287637 1.83347350714886 1.79983179142136 1.74936921783011 1.74936921783011 1.74936921783011 1.86711522287637 1.79983179142136 1.78301093355762 1.7157275021026 1.7157275021026 1.69890664423886 1.7157275021026 1.7157275021026 1.73254835996637 1.73254835996637 1.74936921783011 1.74936921783011 1.74936921783011 1.74936921783011 1.93439865433138 1.96804037005887 2.03532380151388 1.86711522287637 1.91757779646762 1.95121951219512 2.01850294365014 2.08578637510513 2.08578637510513 2.10260723296889 2.10260723296889 2.10260723296889 2.10260723296889 2.10260723296889 2.28763666947014 2.28763666947014 2.4053826745164 2.4053826745164 2.28763666947014 2.16989066442388 2.2708158116064 2.28763666947014 2.16989066442388 2.16989066442388 2.13624894869637 2.10260723296889 2.10260723296889
