Results/Mess_RCP6.0.asc
NCOLS 581 
NROWS 855 
XLLCORNER -74.916666667 
YLLCORNER -55.833333333 
CELLSIZE 0.0833333333339071 
NODATA_value -9999 
[rows 260 to 285 of 855, columns 480 to 539 of 581]
-4.19849025948577 -4.20360098181947 -4.22157135211997 -4.26410122849785 -4.33804739054292 -4.43628541485237 -4.50866394884995 -4.5742876628055 -4.68775589456822 -4.72084176783072 -4.74167975041322 -4.78875957161186 -4.80174666901344 -4.79180561310252 -4.78600666382115 -4.79402323326726 -4.77805381909241 -4.7635245835303 -4.76802354857716 -4.7536727422237 -4.72420643290826 -4.7447130469604 -4.771235274333 -4.73510335957985 -4.74752967946849 -4.73881213813123 -4.66578361201639 -4.65563863700986 -4.65102496747172 -4.60181674071266 -4.58453459735983 -4.57446609201416 -4.54264196815574 -4.54441351529884 -4.52939997188465 -4.47955449795182 -4.51965009012587 -4.5007748288386 -4.44989701448425 -4.43673148787401 -4.39866234171258 -4.34304340838533 -4.32838672338846 -4.30401839146323 -4.22710265758836 -4.21865276006408 -4.19655302807749 -4.11478147073844 -4.09612287349025 -4.05188517468666 -3.99415058074247 -3.96922147130431 -3.92121126923196 -3.82547125384372 -3.77335717997224 -3.73275179005917 -3.64167642398298 -3.62314527616954 -9999 -9999
-4.14399288118437 -4.19772556287724 -4.20687643229268 -4.1481987125313 -4.28083533928123 -4.41800916590845 -4.46708994323275 -4.49228669648389 -4.65226122698884 -4.73844253477044 -4.6921401551238 -4.77653717081882 -4.78692429975138 -4.74849829517264 -4.74807771203794 -4.76683826883394 -4.76998626987239 -4.75339235346724 -4.7262711137513 -4.72676816654684 -4.69282838207148 -4.71318205680192 -4.7316877147284 -4.68771765973779 -4.7131948017454 -4.6942813056277 -4.64755834284637 -4.63169088821933 -4.61470187856643 -4.56593972482902 -4.57714253014402 -4.56057410362582 -4.50439439278565 -4.50523555905503 -4.50004836706049 -4.46548408035483 -4.46837718252378 -4.45723810192616 -4.39863685182563 -4.4009436865947 -4.36017261241646 -4.29686847817346 -4.29103129406166 -4.25654347701685 -4.2013451268243 -4.19694812132523 -4.14550952945796 -4.0659810821706 -4.05336358812982 -4.0250825585576 -3.93398170259445 -3.90903984821282 -3.87326479187698 -3.78444528079596 -3.73185964401589 -3.6906934765899 -3.61070621133742 -9999 -9999 -9999
-4.20678721768835 -4.19164622483941 -4.20832935584889 -4.21769688930341 -4.25557486131271 -4.37480380752637 -4.40557010107632 -4.47301634194887 -4.61500775720985 -4.64137704526074 -4.66053269530447 -4.72010256110914 -4.73440238768869 -4.72744364855105 -4.72879461255945 -4.7316877147284 -4.73558766743192 -4.69556854491872 -4.68923430801138 -4.69290485173234 -4.6565562729401 -4.64986517761544 -4.65372689548853 -4.63385752861017 -4.63543790160113 -4.63880256667868 -4.59897461831762 -4.59186293985827 -4.58259736595155 -4.53795182895674 -4.53331266953164 -4.52603530680711 -4.4784711777564 -4.46968991170176 -4.47308006666625 -4.42406301405933 -4.40207798656403 -4.40019173492965 -4.36625195045429 -4.32588871446726 -4.31998780563808 -4.25957677356403 -4.2305183024398 -4.21456163320843 -4.14339386884102 -4.10258455983235 -4.08495830300568 -4.0084631522655 -3.97705961154177 -3.96729698483951 -3.8735196907465 -3.8346476131461 -3.82804573242577 -3.72530874306946 -3.69152189791581 -9999 -9999 -9999 -9999 -9999
-4.20803622214895 -4.19046094509619 -4.1955589224864 -4.19647655841664 -4.20630290983628 -4.30192822073325 -4.36840584590165 -4.39063302732299 -4.53842339186534 -4.56679363604188 -4.60988428993268 -4.65103771241519 -4.71360263993661 -4.70793114009 -4.71590947470568 -4.71167815347181 -4.70285865258673 -4.67596682185335 -4.67279333092794 -4.66336207275604 -4.63872609701782 -4.63491535891864 -4.63304185222773 -4.58860023432853 -4.59448839821423 -4.60778137425922 -4.56497110912488 -4.57101221233229 -4.55634278239194 -4.51768736883063 -4.5149981857573 -4.50471301637254 -4.45828318729115 -4.44919604259309 -4.44776860892383 -4.39601139346967 -4.37855082090818 -4.35595403612605 -4.29769689949937 -4.30225958926361 -4.27541873830412 -4.21688121292098 -4.1972794898556 -4.15864956618124 -4.08815728381804 -4.06808399784406 -4.02997661685221 -3.95139129538204 -3.94336198099245 -3.91680151878942 -3.82298598986599 -3.81184690926836 -3.76967389130781 -3.69607184273657 -9999 -9999 -9999 -9999 -9999 -9999
-4.19981573360723 -4.18620413397536 -4.16870532658344 -4.12723328051404 -4.19063937430484 -4.2730354338742 -4.30595562287152 -4.33899051636011 -4.46712817806317 -4.54313902095129 -4.51610699583967 -4.58661202314635 -4.69616755726207 -4.67628544544023 -4.69360582362349 -4.71863689260945 -4.67699916227487 -4.65055340456312 -4.6469720754465 -4.63831825882661 -4.61703420322246 -4.61291758647986 -4.59573740267483 -4.56112213619527 -4.56899851126315 -4.57904152672188 -4.53572146384852 -4.54034787833014 -4.53412834591408 -4.49491215483985 -4.48950829880622 -4.47696727442629 -4.42921197122345 -4.43325211830519 -4.43210507339239 -4.36625195045429 -4.34020128599029 -4.31610059787804 -4.26062185892902 -4.25988265220744 -4.24195051673736 -4.18429239245402 -4.15531039099065 -4.12547447831442 -4.04665974786169 -4.02681587087027 -3.98846633595238 -3.9109770796211 -3.89903506758452 -3.86434333144411 -3.79131480532927 -3.75752796017562 -3.73057240472486 -9999 -9999 -9999 -9999 -9999 -9999 -9999
-4.1784679532857 -4.16683181989254 -4.16099463578074 -4.15624077186436 -4.18050714424179 -4.24384951331522 -4.27679519219948 -4.3418071488682 -4.41863366813875 -4.45474009300495 -4.51539327900504 -4.56336524624697 -4.62726839283331 -4.63755356221807 -4.65477198085353 -4.65020929108928 -4.646449532764 -4.61344012916236 -4.60589512262484 -4.6003893070434 -4.57928368064791 -4.5836679412035 -4.57449158190111 -4.53569597396157 -4.54294784679915 -4.53677929415699 -4.51199037909707 -4.49939837494324 -4.48918967521933 -4.44072065518186 -4.43117469251868 -4.42550319267206 -4.37372048733095 -4.37533909515235 -4.37918806808196 -4.33588075015208 -4.29389890634365 -4.27622166974308 -4.22836440699244 -4.19775105276419 -4.20147257625905 -4.13354202753443 -4.09300036233874 -4.07506822686866 -3.99801229861556 -3.96214802767539 -3.9452099977964 -3.86907170547353 -3.83734954116292 -3.83318194464642 -3.74698789192135 -9999 -9999 -9999 -9999 -9999 -9999 -9999 -9999 -9999
-4.15668684488601 -4.13547925894271 -4.13372045674309 -4.12335881769748 -4.13301948485193 -4.19281875963916 -4.23251925856546 -4.27497266528248 -4.35299720923973 -4.42096599279477 -4.43648933394798 -4.5453693860595 -4.59065217022809 -4.59070315000199 -4.61380973252315 -4.62773995574191 -4.61605284257484 -4.58666300292025 -4.58695613662019 -4.57904152672188 -4.54265471309921 -4.55251929934928 -4.55060755782795 -4.50941590051501 -4.51828638117399 -4.50907178704117 -4.46635073651117 -4.47401044753996 -4.46201745572948 -4.41458077611353 -4.40921515491033 -4.39671236536082 -4.34485319035886 -4.35134036658791 -4.33071904804449 -4.27801870677313 -4.27225799232219 -4.23978387634652 -4.18485316996695 -4.17349742533024 -4.14057723633293 -4.08108384018911 -4.06067918568478 -4.02264827435377 -3.94484039443561 -3.92832294769131 -3.89394983513778 -3.81862721919735 -3.80903027676027 -3.77377776310693 -9999 -9999 -9999 -9999 -9999 -9999 -9999 -9999 -9999 -9999
-4.14301152053676 -4.12073335934152 -4.09669639594665 -4.04974402418277 -4.0966199262858 -4.13268811632157 -4.13047049615683 -4.22743402611872 -4.3351415434305 -4.40137701467287 -4.3961515878479 -4.52491375178126 -4.58095326824321 -4.55785943066553 -4.60564022375533 -4.62252727386041 -4.58732573998098 -4.55988587667814 -4.56022999015198 -4.55231538025367 -4.51901284295209 -4.52131967772116 -4.51887264857386 -4.48461424051161 -4.4866024516938 -4.48628382810691 -4.44193142481203 -4.44552549887214 -4.44077163495576 -4.38738306673673 -4.37842337147343 -4.36200788427693 -4.31397219231763 -4.30833892730144 -4.30454093414573 -4.24382402342826 -4.23397218212167 -4.2180664926642 -4.14800753837917 -4.13425574436906 -4.11299717865186 -4.03869415818947 -4.02202377212347 -3.98804575281768 -3.89856350467593 -3.86740211787824 -3.84927880825602 -3.7759826383282 -9999 -9999 -9999 -9999 -9999 -9999 -9999 -9999 -9999 -9999 -9999 -9999
-4.1388184341333 -4.11130210116962 -4.07352608870812 -4.05502043078164 -4.09669639594665 -4.12409802441906 -4.13281556575633 -4.17514152303859 -4.31014870927497 -4.30821147786668 -4.37987629502964 -4.48788969098483 -4.51808246207838 -4.53163033699287 -4.59165902076266 -4.57345924147959 -4.56384955409904 -4.52188045523409 -4.52045302156483 -4.52160006647763 -4.48763479211532 -4.49882485248684 -4.49148376504493 -4.44747547522389 -4.45866553559542 -4.4546636233441 -4.41135630541422 -4.40410443257664 -4.40817006954533 -4.35908929222103 -4.33874836243407 -4.33023474019241 -4.2873097705668 -4.27800596182966 -4.26798843625789 -4.21955765105084 -4.19651479324707 -4.19169720461331 -4.12477350642326 -4.10249534522802 -4.08559555017946 -4.00163186256261 -3.97038126116059 -3.94001006085838 -3.84531513083513 -3.80908125653417 -9999 -9999 -9999 -9999 -9999 -9999 -9999 -9999 -9999 -9999 -9999 -9999 -9999 -9999
-4.13904784311586 -4.07803779869846 -4.02222769121908 -4.05532630942505 -4.05595081165535 -4.02647175739643 -4.05721256105943 -4.06705165742255 -4.20241570207624 -4.26445808691516 -4.27841380002088 -4.39202222616183 -4.48085448218633 -4.48349268548577 -4.55070951737576 -4.55807609470462 -4.52302750014689 -4.48690833033721 -4.49886308731726 -4.50239343665999 -4.46742131176311 -4.45679202890451 -4.44792154824554 -4.4056848055676 -4.43023156670149 -4.4304354857971 -4.38387820728096 -4.38496152747638 -4.38679679933685 -4.32708673915396 -4.30877225537961 -4.29341459849159 -4.25031119965731 -4.25909246571196 -4.2422946302112 -4.18427964751055 -4.17676013085998 -4.15875152572905 -4.09111411070436 -4.07268492243873 -4.04288724459293 -3.96580582645287 -3.94756781233937 -9999 -9999 -9999 -9999 -9999 -9999 -9999 -9999 -9999 -9999 -9999 -9999 -9999 -9999 -9999 -9999 -9999
-9999 -4.06724283157468 -4.03689712115942 -3.96686365676134 -3.94974719767369 -3.98335561361869 -3.94868936736522 -4.02236788559731 -4.15422707079523 -4.20836759067932 -4.21003717827461 -4.36050398094682 -4.47287614757064 -4.45610380195683 -4.52134516760811 -4.57046417976284 -4.52060596088653 -4.48354366525967 -4.49347197622711 -4.47517023739624 -4.45331265933569 -4.44612451121549 -4.42102971751215 -4.37907336359068 -4.41245237055311 -4.39829273835179 -4.3594206607514 -4.36156181125529 -4.3493649003492 -4.31556531025207 -4.3092438182882 -4.2889793581621 -4.23216240014815 -4.22260369254149 -4.22243800827631 -4.15719664262503 -4.14860655072252 -4.13247145228249 -4.07147415280856 -4.04282351987555 -4.01302584202974 -9999 -9999 -9999 -9999 -9999 -9999 -9999 -9999 -9999 -9999 -9999 -9999 -9999 -9999 -9999 -9999 -9999 -9999 -9999
-9999 -4.06939672702205 -3.97129889709083 -3.90864475496508 -3.93427483629439 -3.95985393784979 -3.92707394323071 -4.00003874462817 -4.11905102680274 -4.1351224005254 -4.19181190910459 -4.35996869332085 -4.38433702524608 -4.42730022970212 -4.50004836706049 -4.51450113296175 -4.51529131945723 -4.5038463602162 -4.48116036082974 -4.46911638924536 -4.42835806001059 -4.40827202909314 -4.39452023508303 -4.35452660245679 -4.36228827303339 -4.36663429875855 -4.32297012241136 -4.31523394172171 -4.32395148305898 -4.2889793581621 -4.27936967078154 -4.27367268104798 -4.22544581493654 -4.20611173568415 -4.18603844971017 -4.11776378751171 -4.0984934329767 -4.0896866770351 -4.01206997126907 -3.9777733283764 -3.95555889189854 -9999 -9999 -9999 -9999 -9999 -9999 -9999 -9999 -9999 -9999 -9999 -9999 -9999 -9999 -9999 -9999 -9999 -9999 -9999
-9999 -3.90759966960009 -3.87567358619386 -3.84080342084479 -3.82362323703976 -3.84664060495659 -3.84065048152308 -3.89601451598082 -4.04486271083163 -4.11098347758273 -4.1356959229818 -4.3086702958318 -4.3613451472162 -4.36093730902499 -4.44811272239767 -4.46990657574084 -4.49143278527103 -4.47650845646117 -4.47208596107516 -4.44631568536762 -4.410948467223 -4.39669962041735 -4.37805376811264 -4.32887103124053 -4.34629336897159 -4.34051990957717 -4.29530085012596 -4.29238225807007 -4.28487548636297 -4.23793585954257 -4.25289842318285 -4.23996230555518 -4.17706600950339 -4.1777924712815 -4.15641920107302 -4.09094842643918 -4.08678082992268 -4.05159204098672 -3.97909880249786 -3.96516857927909 -3.9286925510521 -9999 -9999 -9999 -9999 -9999 -9999 -9999 -9999 -9999 -9999 -9999 -9999 -9999 -9999 -9999 -9999 -9999 -9999 -9999
-9999 -3.85370130364203 -3.82432420893092 -3.79885981186679 -3.77407089680687 -3.79583926026309 -3.73889485281438 -3.84005146917973 -4.01064253759981 -4.05484200157298 -4.11676968192062 -4.30499975211085 -4.408080854941 -4.35433542830466 -4.43719030583913 -4.49103769202328 -4.46199196584253 -4.46371253321173 -4.46874678588457 -4.43029529141887 -4.39237908457914 -4.38483407804162 -4.35336681260052 -4.31161437777465 -4.32823378406676 -4.31626628214322 -4.27785302250795 -4.27719028544722 -4.26340025660669 -4.22220859929375 -4.23853487188592 -4.22299878578924 -4.15505549212114 -4.15314375059981 -4.13737825552057 -4.07392118195586 -4.05076361966081 -4.02652273717033 -3.96495191524001 -3.94082573724081 -3.91478781772029 -9999 -9999 -9999 -9999 -9999 -9999 -9999 -9999 -9999 -9999 -9999 -9999 -9999 -9999 -9999 -9999 -9999 -9999 -9999
-9999 -3.86267374384881 -3.84404063648758 -3.77131798901615 -3.79461574568944 -3.81597627095444 -3.76903664413403 -3.84961017678639 -3.9794429159717 -3.97986349910639 -4.06146937218026 -4.21532632981696 -4.24874357160982 -4.25774150170355 -4.33630133328677 -4.34137382079004 -4.34207479268119 -4.32080348202052 -4.30259095779397 -4.28922151208813 -4.25883756684245 -4.22879773507061 -4.20530880424519 -4.14333014412364 -4.14799479343569 -4.16412989187572 -4.11710105045099 -4.10761881250519 -4.11196483823034 -4.08237107948014 -4.06944770679595 -4.07439274486446 -4.02097868675848 -4.00400242204906 -3.99826719748507 -3.93863360696302 -3.90222130345341 -3.89541550363747 -3.8350681962808 -3.80343524657451 -3.78763151666484 -9999 -9999 -9999 -9999 -9999 -9999 -9999 -9999 -9999 -9999 -9999 -9999 -9999 -9999 -9999 -9999 -9999 -9999 -9999
-3.82400558534403 -3.76183575107035 -3.71016775022052 -3.67801225783174 -3.66311341890883 -3.68591412278657 -3.72277249931783 -3.73183415412893 -3.86124631017955 -3.95643829299835 -3.96529602871385 -4.1352243600732 -4.20663427836664 -4.23225161475248 -4.29212735920056 -4.30863206100138 -4.299188057886 -4.27842654496435 -4.26160321957664 -4.2435436346718 -4.1962344044906 -4.15857309652039 -4.12468429181893 -4.06798203829626 -4.06604480688798 -4.081402463776 -4.04477349622731 -4.061864465428 -4.0641075754797 -4.03300991339938 -4.02582176527918 -4.02947956405666 -3.97621844527238 -3.97077635440833 -3.97137536675168 -3.89861448444983 -3.86917366502134 -3.84950821723858 -3.79228342103341 -3.75957989607518 -3.7364350787236 -9999 -9999 -9999 -9999 -9999 -9999 -9999 -9999 -9999 -9999 -9999 -9999 -9999 -9999 -9999 -9999 -9999 -9999 -9999
-9999 -3.70113158529636 -3.65383510005864 -3.60865427543786 -3.64386855426077 -3.6125414831979 -3.56297639802153 -3.74236147743973 -3.77489931813278 -3.89907330241495 -4.00098187044536 -4.049884218561 -4.233283955174 -4.2528729332959 -4.24656418627551 -4.33031120985327 -4.28812544694924 -4.21963412071169 -4.22000372407248 -4.17438957137353 -4.14756146535752 -4.12572937718393 -4.04092452329769 -4.02299238782761 -4.03980296827185 -4.0333157920428 -4.03516380884675 -4.01139448926487 -3.99367901783387 -4.00076520640627 -3.98883593931317 -3.95470498068568 -3.94029044961484 -3.92957195215191 -3.90966435044312 -3.90872122462593 -3.85842967767146 -3.80910674642112 -3.79857942311033 -3.75829265678415 -3.69091014062898 -9999 -9999 -9999 -9999 -9999 -9999 -9999 -9999 -9999 -9999 -9999 -9999 -9999 -9999 -9999 -9999 -9999 -9999 -9999
-3.67296526021542 -3.66432418853901 -3.64704204518618 -3.61851886168792 -3.60237101830442 -3.6375470622969 -3.63489611405399 -3.6759475769887 -3.81885662817991 -3.8535101294899 -3.89955761026702 -4.13137538714359 -4.17677287580346 -4.19414423376062 -4.24586321438435 -4.24896023564891 -4.24395147286302 -4.22905263394012 -4.21156657149168 -4.19010408667887 -4.11717752011184 -4.11408049884728 -4.07695447850304 -4.02477667991419 -4.02043065418903 -4.03009132134349 -3.97869096430664 -3.97262437121228 -3.97369494646423 -3.94063456308868 -3.93050233302563 -3.93085919144294 -3.89841056535422 -3.89134986666877 -3.88827833529117 -3.83204764467709 -3.82457910780043 -3.81069986435557 -3.7358615562672 -3.71367260967629 -3.65976149877476 -9999 -9999 -9999 -9999 -9999 -9999 -9999 -9999 -9999 -9999 -9999 -9999 -9999 -9999 -9999 -9999 -9999 -9999 -9999
-9999 -3.54332369518225 -3.49465075604916 -3.46784813992011 -3.47771272617017 -3.52527685522088 -3.5297503303808 -3.62060903241791 -3.81384786539402 -3.78327274599621 -3.8588757506931 -4.08532790636647 -4.12899208271366 -4.09743560266823 -4.19856672914663 -4.19620891460365 -4.19606872022542 -4.18391004414976 -4.1731023320825 -4.14930752261367 -4.1002649801198 -4.05402632519055 -4.05503317572511 -4.00193774120602 -3.98975357524341 -3.97640961942452 -3.92871804093905 -3.93240132960348 -3.91991128499746 -3.88191860849688 -3.87262754470321 -3.87320106715961 -3.83632994568487 -3.82826239646486 -3.83148686716417 -3.78225315051816 -3.77724438773228 -3.772439544042 -3.70218941560483 -3.66223401780902 -3.62421585142149 -9999 -9999 -9999 -9999 -9999 -9999 -9999 -9999 -9999 -9999 -9999 -9999 -9999 -9999 -9999 -9999 -9999 -9999 -9999
-9999 -3.47512550264464 -3.43653381380071 -3.36864149990652 -3.46807754890267 -3.45891393454375 -3.43709459131363 -3.65159199000695 -3.71298438272861 -3.8121400429683 -3.95308637286428 -4.01775421605916 -4.20100101335046 -4.16238383461957 -4.14860655072252 -4.20904307268352 -4.15913387403331 -4.15200945063049 -4.17105039618294 -4.12259412108894 -4.09888852622444 -4.04041472555867 -4.02505706867065 -4.01042587356073 -3.97675373289836 -3.93947477323241 -3.9238494725314 -3.90238698771859 -3.87981569282341 -3.85050232282967 -3.83394664125495 -3.81098025311203 -3.79284419854634 -3.79999411183611 -3.77644145629332 -3.76944448232525 -3.75801226802769 -3.70723641322115 -3.69978062128796 -3.65946836507483 -3.57651152799255 -9999 -9999 -9999 -9999 -9999 -9999 -9999 -9999 -9999 -9999 -9999 -9999 -9999 -9999 -9999 -9999 -9999 -9999 -9999
-3.43887888340021 -3.43162701056263 -3.41686836601795 -3.39998131591287 -3.40306559223395 -3.51134663200212 -3.52340334852998 -3.55336671064097 -3.77307679121578 -3.83269763679435 -3.88031274561896 -4.07163983707374 -4.14793106871831 -4.09096117138266 -4.19244915627837 -4.17395624329536 -4.15550156514278 -4.1274626894966 -4.12279804018455 -4.10397375867118 -4.05434494877743 -4.03204129769524 -4.01656893631594 -3.94221493607965 -3.93237583971653 -3.94212572147532 -3.89485472612455 -3.83462212325915 -3.83797404339322 -3.80518130383066 -3.80821460037784 -3.78665015601723 -3.74942217612518 -3.73414098889801 -3.73496941022392 -3.71599218938884 -3.70472565935646 -3.68430825990865 -3.61073170122437 -3.6001916329701 -3.57542820779713 -9999 -9999 -9999 -9999 -9999 -9999 -9999 -9999 -9999 -9999 -9999 -9999 -9999 -9999 -9999 -9999 -9999 -9999 -9999
-3.35501715533116 -3.35127014194936 -3.31462842945718 -3.29446592887888 -3.32399596291171 -3.42700059608101 -3.44796602809827 -3.53432576508852 -3.72727146436469 -3.73649880344098 -3.83176725592063 -4.02387178892742 -4.04783228266144 -4.05452337798609 -4.14089585991982 -4.1475232305271 -4.13254792194334 -4.09440230612105 -4.08178481208027 -4.05565767795542 -4.01004352525646 -3.98125269794522 -3.94268649898824 -3.875864760346 -3.88987145322561 -3.87234715594675 -3.79206675699433 -3.79548240184577 -3.78275020331371 -3.74981726937292 -3.75278684120272 -3.7422212830615 -3.69604635284962 -3.68804252834698 -3.69048955749429 -3.64681263620362 -3.61572771906678 -3.63980291729207 -3.58526730416024 -3.51706911162264 -3.50386535018198 -9999 -9999 -9999 -9999 -9999 -9999 -9999 -9999 -9999 -9999 -9999 -9999 -9999 -9999 -9999 -9999 -9999 -9999 -9999
-3.3309801919363 -3.29214634916633 -3.28698464705874 -3.2084885401929 -3.34024576584302 -3.36453762810739 -3.39275493296223 -3.59574364769714 -3.6421352419481 -3.79812060514521 -3.87902550632793 -3.92758374096973 -4.11039721018285 -4.12074610428499 -4.09793265546378 -4.17874834204217 -4.13510965558192 -4.08220539521496 -4.08795336472243 -4.03148052018232 -3.99937600756744 -3.94193454732319 -3.86259727418796 -3.82932022677333 -3.81340179237238 -3.79735590853668 -3.79047363905989 -3.76304652070053 -3.74484674141746 -3.74584084700855 -3.72202054765277 -3.70667563570822 -3.69690026406248 -3.6770946219015 -3.67060744567245 -3.66587907164302 -3.63307358713699 -3.57322333257586 -3.55321377131926 -3.52244747776931 -3.45760120536577 -9999 -9999 -9999 -9999 -9999 -9999 -9999 -9999 -9999 -9999 -9999 -9999 -9999 -9999 -9999 -9999 -9999 -9999 -9999
-3.28904932790178 -3.29984429502556 -3.31016769924075 -3.29491200190053 -3.31113631494489 -3.40203325181243 -3.46464915910775 -3.50469377150789 -3.71650198712786 -3.78840895821685 -3.80811264083003 -3.96889010277395 -4.03437362235127 -4.04418722882743 -4.0950013184644 -4.11770006279434 -4.11144229554785 -4.10624235860983 -4.08323773563648 -4.04103922778897 -3.95829905474578 -3.91148687736012 -3.87080501778621 -3.79043540422946 -3.79521475803279 -3.78492958864803 -3.71954802861852 -3.72140879036594 -3.71244909510264 -3.70229137515264 -3.70318352119592 -3.69311501585025 -3.65744191906222 -3.63724118365349 -3.63362161970644 -3.595552473545 -3.58044971552649 -3.56180386322178 -3.48866063261566 -3.43371718129261 -3.40705475954179 -9999 -9999 -9999 -9999 -9999 -9999 -9999 -9999 -9999 -9999 -9999 -9999 -9999 -9999 -9999 -9999 -9999 -9999 -9999
-3.18220846674634 -3.20592680655432 -3.2274020363106 -3.22834516212779 -3.24937431886243 -3.36670426849823 -3.39446275538796 -3.49535172794032 -3.68577392840834 -3.70541388630414 -3.78735112790838 -3.964174473688 -4.02947956405666 -4.00165735244956 -4.05133714211721 -4.0475391489615 -4.04505388498377 -4.04983323878709 -4.02741488321362 -4.00011521428902 -3.91864953559338 -3.88572934659606 -3.86529920220477 -3.77612283270643 -3.76336514428742 -3.74420949424368 -3.67478778713242 -3.65968502911391 -3.65804093140557 -3.61941100773121 -3.61974237626157 -3.6115473776068 -3.57547918757103 -3.56017251045691 -3.5487657860463 -3.51791027789202 -3.50651629842489 -3.48258129457783 -3.40824003928501 -3.39223239027974 -3.35005937231918 -9999 -9999 -9999 -9999 -9999 -9999 -9999 -9999 -9999 -9999 -9999 -9999 -9999 -9999 -9999 -9999 -9999 -9999 -9999
-3.17888203649922 -3.18835152950155 -3.18347021615042 -3.11784650219487 -3.27746417428251 -3.30292857134664 -3.38328543995991 -3.57202530788916 -3.65222923718072 -3.77038760814244 -3.87759807265867 -3.88848225438678 -4.05303221959946 -4.02410119790998 -4.00261322321022 -4.07567998415549 -4.03770005259838 -4.02998936179568 -4.03229619656475 -3.97828312611542 -3.95341774139465 -3.89159202059481 -3.84601610272628 -3.79511279848498 -3.76657687004325 -3.71460299055001 -3.67694168257979 -3.64240288576108 -3.61924532346603 -3.61468263370178 -3.58208106829136 -3.57275176966726 -3.55387650837999 -3.52827191693763 -3.50593003102502 -3.50607022540325 -3.49133707074552 -3.41076353809317 -3.39931857885214 -3.37570219859196 -3.29803451305203 -9999 -9999 -9999 -9999 -9999 -9999 -9999 -9999 -9999 -9999 -9999 -9999 -9999 -9999 -9999 -9999 -9999 -9999 -9999
