Results/RCP2.6.asc
NCOLS 581 
NROWS 855 
XLLCORNER -74.916666667 
YLLCORNER -55.833333333 
CELLSIZE 0.0833333333339071 
NODATA_value -9999 
[rows 390 to 415 of 855, columns 406 to 463 of 581]
-9999 -9999 -9999 -9999 -9999 -9999 -9999 -9999 -9999 -9999 -9999 -9999 -9999 -9999 -9999 -9999 -9999 -9999 -9999 -9999 -9999 -9999 0.946528553962708 0.839325368404388 0.820780158042908 0.74012416601181 0.662723660469055 0.468720436096191 0.322420448064804 0.0778211802244186 0.0151016321033239 0.0101991686969995 0.00785836204886436 0.00675744330510497 0.00499287946149707 0.00259005231782794 0.00275499210692942 0.00286636990495026 0.0032505402341485 0.00496168527752161 0.00781920924782753 0.0154955182224512 0.0200279150158167 0.00911514274775982 0.00611961353570223 0.00781856384128332 0.00971229746937752 0.0193018279969692 0.0612381584942341 0.0951073914766312 0.100368365645409 0.0806591883301735 0.0145850898697972 0.00109464209526777 0.00029105567955412 0.000208784855203703 0.000236263251281343 0.000259377062320709
-9999 -9999 -9999 -9999 -9999 -9999 -9999 -9999 -9999 -9999 -9999 -9999 -9999 -9999 -9999 -9999 -9999 -9999 -9999 -9999 -9999 -9999 0.914531648159027 0.78871488571167 0.730041980743408 0.599988102912903 0.544286668300629 0.450057685375214 0.393334627151489 0.123216278851032 0.0356641374528408 0.0156889334321022 0.0118171703070402 0.00915765948593616 0.00714128091931343 0.00426829699426889 0.00331290764734149 0.00248238816857338 0.00242389645427465 0.00346878310665488 0.00505636772140861 0.0063493144698441 0.00641855224967003 0.00475221686065197 0.00224461173638701 0.00149119773413986 0.00223238277249038 0.00234931986778975 0.0128858126699924 0.0446910187602043 0.0626398175954819 0.00866117049008608 0.000754280481487513 0.000335134129272774 0.000213298102607951 0.000195280357729644 0.000190058068255894 0.000184334217919968
-9999 -9999 -9999 -9999 -9999 -9999 -9999 -9999 -9999 -9999 -9999 -9999 -9999 -9999 -9999 -9999 -9999 -9999 -9999 -9999 -9999 -9999 0.94037938117981 0.798224449157715 0.750851154327393 0.705408155918121 0.60949569940567 0.512177228927612 0.457502275705338 0.350421339273453 0.0874323025345802 0.037750992923975 0.0177505910396576 0.0103049483150244 0.00872265174984932 0.00771031249314547 0.00635684002190828 0.00311105605214834 0.00230457726866007 0.00227214046753943 0.00349264335818589 0.00526949064806104 0.00457664066925645 0.00271055684424937 0.00115506863221526 0.000666923937387764 0.000791980302892625 0.000814151135273278 0.000979325734078884 0.00200361316092312 0.00909766368567944 0.00113325205165893 0.000256599334534258 0.000202920229639858 0.000193124389625154 0.000211679391213693 0.000220642177737318 0.000208585159271024
-9999 -9999 -9999 -9999 -9999 -9999 -9999 -9999 -9999 -9999 -9999 -9999 -9999 -9999 -9999 -9999 -9999 -9999 -9999 -9999 -9999 -9999 0.916055798530579 0.879035294055939 0.725798726081848 0.681553661823273 0.550262808799744 0.539313733577728 0.55609256029129 0.360860198736191 0.224353238940239 0.10886288434267 0.0409230068325996 0.0163540225476027 0.0102997105568647 0.00950636714696884 0.00667930999770761 0.00386860058642924 0.00195456435903907 0.00160118087660521 0.00170993502251804 0.0021753425244242 0.00190605828538537 0.00123932433780283 0.000737567723263055 0.000418286130297929 0.000454532855655998 0.000403727375669405 0.000294223049422726 0.000319647864671424 0.00043544452637434 0.000229325945838355 0.000212620885577053 0.000209396326681599 0.000213664257898927 0.000221461290493608 0.000231777914450504 0.000218170011066832
-9999 -9999 -9999 -9999 -9999 -9999 -9999 -9999 -9999 -9999 -9999 -9999 -9999 -9999 -9999 -9999 -9999 -9999 -9999 -9999 -9999 -9999 0.856987833976746 0.814677894115448 0.850088059902191 0.734606266021729 0.552843749523163 0.395130693912506 0.359569072723389 0.228949040174484 0.347999185323715 0.174721881747246 0.123001985251904 0.059278842061758 0.0262933894991875 0.0213726907968521 0.00862162932753563 0.00512620573863387 0.00290064723230898 0.00199538841843605 0.00118142471183091 0.000868454633746296 0.000741218158509582 0.0007776731508784 0.000616096833255142 0.000356957636540756 0.000308203074382618 0.000299899693345651 0.000258965970715508 0.000247881282120943 0.000231096157222055 0.000229184530326165 0.00024069425126072 0.000233847895287909 0.000228271150263026 0.000231889163842425 0.000224877396249212 0.000215445150388405
-9999 -9999 -9999 -9999 -9999 -9999 -9999 -9999 -9999 -9999 -9999 -9999 -9999 -9999 -9999 -9999 -9999 -9999 -9999 -9999 -9999 -9999 0.744849383831024 0.827751278877258 0.829963743686676 0.693238377571106 0.569308817386627 0.43040868639946 0.417491674423218 0.386503845453262 0.386510878801346 0.236773103475571 0.233093947172165 0.348415344953537 0.107924118638039 0.0655370056629181 0.0346847884356976 0.0108216544613242 0.0121192457154393 0.00404277024790645 0.00207247748039663 0.00146497704554349 0.00143444410059601 0.00209719524718821 0.000550301396287978 0.000338505284162238 0.000311077252263203 0.000294745754217729 0.00027561467140913 0.000273859215667471 0.000280923879472539 0.000272428034804761 0.00026209867792204 0.000259463820839301 0.000248167285462841 0.000247791729634628 0.00024059257702902 0.000247344170929864
-9999 -9999 -9999 -9999 -9999 -9999 -9999 -9999 -9999 -9999 -9999 -9999 -9999 -9999 -9999 -9999 -9999 -9999 -9999 -9999 -9999 -9999 0.9035364985466 0.85709273815155 0.841325283050537 0.73381507396698 0.631687462329865 0.526462852954865 0.440812349319458 0.511306703090668 0.476898968219757 0.231348261237144 0.346122711896896 0.242324262857437 0.166933760046959 0.215459540486336 0.109328150749207 0.0553210005164146 0.0796080306172371 0.0160541646182537 0.00723108137026429 0.00575625337660313 0.0106115229427814 0.00694079929962754 0.00106677401345223 0.000443790282588452 0.00031498190946877 0.000273297686362639 0.000277413957519457 0.000286047492409125 0.000292761193122715 0.000278054911177605 0.000259563355939463 0.00025905788061209 0.000253657810389996 0.000248573196586221 0.000269796437351033 0.000330559356370941
-9999 -9999 -9999 -9999 -9999 -9999 -9999 -9999 -9999 -9999 -9999 -9999 -9999 -9999 -9999 -9999 -9999 -9999 -9999 -9999 -9999 -9999 -9999 0.889653980731964 0.869052529335022 0.855029046535492 0.71215432882309 0.590842843055725 0.48323917388916 0.489337384700775 0.458849996328354 0.349817395210266 0.427130192518234 0.319472044706345 0.33689084649086 0.23623089492321 0.146372377872467 0.121991373598576 0.121912121772766 0.100080698728561 0.0689927935600281 0.0756107419729233 0.0691219791769981 0.0234222915023565 0.00628355843946338 0.00170238374266773 0.000661054800730199 0.000567966082599014 0.000315579934976995 0.000289585208520293 0.000288555485894904 0.000287266389932483 0.000263921043369919 0.000269069307250902 0.000253842532401904 0.000269549345830455 0.000344242085702717 0.000468729966087267
-9999 -9999 -9999 -9999 -9999 -9999 -9999 -9999 -9999 -9999 -9999 -9999 -9999 -9999 -9999 -9999 -9999 -9999 -9999 -9999 -9999 -9999 0.870423555374146 0.829349219799042 0.862769484519958 0.884838402271271 0.81870824098587 0.562388598918915 0.683725655078888 0.526881039142609 0.500211715698242 0.492255359888077 0.478297710418701 0.439903974533081 0.349395394325256 0.277888804674149 0.161179646849632 0.121823899447918 0.128263592720032 0.1568962931633 0.174587160348892 0.229762181639671 0.385023266077042 0.123150825500488 0.0604818314313889 0.0179823655635118 0.00529238767921925 0.00114820571616292 0.000312287855194882 0.000320956693030894 0.000354145799065009 0.000361678306944668 0.000309724127873778 0.000295508652925491 0.000289862102363259 0.00032606755848974 0.000447288068244234 0.00089841295266524
-9999 -9999 -9999 -9999 -9999 -9999 -9999 -9999 -9999 -9999 -9999 -9999 -9999 -9999 -9999 -9999 -9999 -9999 -9999 -9999 -9999 0.910845935344696 0.852617740631104 0.747846066951752 0.685699045658112 0.861444711685181 0.763815939426422 0.648053467273712 0.74084210395813 0.653776347637177 0.440589398145676 0.45268926024437 0.475109785795212 0.364907562732697 0.27032008767128 0.234987437725067 0.176106125116348 0.124704264104366 0.123458258807659 0.177183911204338 0.147446915507317 0.182068035006523 0.335983216762543 0.351816117763519 0.297283917665482 0.109661132097244 0.0107288789004087 0.000785453536082059 0.000337520323228091 0.000326813780702651 0.000342514627845958 0.000336868921294808 0.000318348116707057 0.000303360924590379 0.000304230663459748 0.000348769623087719 0.000447872065706179 0.00103081751149148
-9999 -9999 -9999 -9999 -9999 -9999 -9999 -9999 -9999 -9999 -9999 -9999 -9999 -9999 -9999 -9999 -9999 -9999 -9999 0.876390397548676 0.850350737571716 0.837094008922577 0.792447566986084 0.638297855854034 0.598625361919403 0.738826334476471 0.714353024959564 0.65241664648056 0.724961996078491 0.674886286258698 0.490471541881561 0.323778688907623 0.430159360170364 0.233913362026215 0.196263656020164 0.187962099909782 0.169083073735237 0.122732028365135 0.121390901505947 0.187630668282509 0.11763846129179 0.120346486568451 0.135678961873055 0.260540843009949 0.180063456296921 0.099077045917511 0.0110500603914261 0.000988895422779024 0.000349050096701831 0.000330001639667898 0.000339041143888608 0.000344035885063931 0.000329033879097551 0.000314795761369169 0.000317766738589853 0.000355267053237185 0.00051843177061528 0.0013973661698401
-9999 -9999 -9999 -9999 -9999 -9999 -9999 -9999 -9999 -9999 -9999 -9999 -9999 -9999 -9999 -9999 -9999 -9999 0.875740528106689 0.817494094371796 0.798829138278961 0.750789761543274 0.686530649662018 0.623185217380524 0.796179473400116 0.741605758666992 0.623716950416565 0.557445704936981 0.627749502658844 0.671380877494812 0.345394283533096 0.243077874183655 0.21373151242733 0.164054781198502 0.182972684502602 0.143839612603188 0.128773510456085 0.122748985886574 0.116225317120552 0.117151968181133 0.116902239620686 0.137893348932266 0.121780790388584 0.138357385993004 0.14648625254631 0.0888041779398918 0.0101578272879124 0.0010931605938822 0.000330934504745528 0.000322476349538192 0.000339682126650587 0.000332022784277797 0.000330265611410141 0.000320431048749015 0.00031987379770726 0.00033974475809373 0.000631527858786285 0.00253875879570842
-9999 -9999 -9999 -9999 -9999 -9999 -9999 -9999 -9999 -9999 -9999 -9999 -9999 -9999 -9999 -9999 -9999 0.891169667243958 0.825430691242218 0.740018963813782 0.714091658592224 0.635798096656799 0.589015662670135 0.480687111616135 0.491066455841064 0.465994030237198 0.383871823549271 0.392406463623047 0.424681514501572 0.562741756439209 0.361769318580627 0.158341750502586 0.145333826541901 0.230956539511681 0.197226330637932 0.124561972916126 0.11469741910696 0.117012001574039 0.113179810345173 0.23772306740284 0.118912287056446 0.123320959508419 0.117264300584793 0.113363072276115 0.0789068788290024 0.0153622254729271 0.00283131003379822 0.000750441220588982 0.00037329681799747 0.000329829112160951 0.000323780986946076 0.000326847075484693 0.000326305336784571 0.000313764146994799 0.000305874680634588 0.000315404584398493 0.000361715559847653 0.000764149182941765
-9999 -9999 -9999 -9999 -9999 -9999 -9999 -9999 -9999 -9999 -9999 -9999 -9999 -9999 -9999 -9999 -9999 0.833133339881897 0.7369624376297 0.696725368499756 0.625713169574738 0.542308866977692 0.481302350759506 0.37782883644104 0.311310917139053 0.271198660135269 0.231933429837227 0.239063918590546 0.191061794757843 0.219818308949471 0.180733576416969 0.146937295794487 0.356733918190002 0.174813494086266 0.19581250846386 0.119181476533413 0.110787972807884 0.109806947410107 0.109712660312653 0.111886113882065 0.108481518924236 0.0759799852967262 0.038827620446682 0.00996487773954868 0.00544820446521044 0.00344591028988361 0.00153123750351369 0.000750363629776984 0.000579908082727343 0.000403971498599276 0.000304579705698416 0.000317615427775308 0.000329755508573726 0.000311528390739113 0.000296597747365013 0.000296145677566528 0.000297555379802361 0.000342421582899988
-9999 -9999 -9999 -9999 -9999 -9999 -9999 -9999 -9999 -9999 -9999 -9999 -9999 -9999 -9999 -9999 -9999 0.822707235813141 0.6909339427948 0.61921501159668 0.570037841796875 0.485337495803833 0.339703112840652 0.346355676651001 0.311862349510193 0.293546676635742 0.244736969470978 0.230234324932098 0.137372225522995 0.157978281378746 0.162682458758354 0.186516895890236 0.170508995652199 0.15362086892128 0.203212946653366 0.109570659697056 0.104042790830135 0.117785453796387 0.114583283662796 0.114482924342155 0.0582944676280022 0.01120800152421 0.0027613858692348 0.00165245437528938 0.00122709339484572 0.000995393493212759 0.000833834812510759 0.00126759707927704 0.000982980476692319 0.000506527780089527 0.000316970748826861 0.000302657048450783 0.000308124610455707 0.000309533003019169 0.000301732390653342 0.00029288386576809 0.000288693961920217 0.00028987426776439
-9999 -9999 -9999 -9999 -9999 -9999 -9999 -9999 -9999 -9999 -9999 -9999 -9999 -9999 -9999 -9999 0.820260286331177 0.682983040809631 0.570399522781372 0.539331197738647 0.44024857878685 0.405606389045715 0.428882956504822 0.325186997652054 0.217197954654694 0.179187089204788 0.156113818287849 0.169821307063103 0.153892308473587 0.124984346330166 0.14481395483017 0.143923431634903 0.167365103960037 0.175180241465569 0.189770072698593 0.112019091844559 0.167175248265266 0.112695090472698 0.150181874632835 0.0866502225399017 0.0160699561238289 0.00308283395133913 0.00114692840725183 0.000888959912117571 0.000805000774562359 0.000738031638320535 0.000755728513468057 0.000952162372414023 0.000770779501181096 0.000466727040475234 0.000328648893628269 0.000301313324598595 0.000295420468319207 0.000303388689644635 0.000299257051665336 0.000296734186122194 0.00028890889370814 0.000279524509096518
-9999 -9999 -9999 -9999 -9999 -9999 -9999 -9999 -9999 -9999 -9999 -9999 -9999 -9999 -9999 -9999 0.758599996566772 0.627665638923645 0.552241563796997 0.498722046613693 0.434287905693054 0.338618755340576 0.282704532146454 0.2122832685709 0.186163812875748 0.141872733831406 0.12814636528492 0.162567183375359 0.154237881302834 0.120127081871033 0.116730906069279 0.121842280030251 0.145490989089012 0.266579389572144 0.162526682019234 0.117472380399704 0.109173528850079 0.108842954039574 0.109835334122181 0.037280835211277 0.00585535913705826 0.00159486278425902 0.000753654516302049 0.000716122332960367 0.000712749373633415 0.000686478510033339 0.000744377495720983 0.00074646231951192 0.000641827122308314 0.0004627269518096 0.000312831107294187 0.000293019897071645 0.000293484539724886 0.000309480528812855 0.000298580824164674 0.00029916744097136 0.000291177653707564 0.000282014283584431
-9999 -9999 -9999 -9999 -9999 -9999 -9999 -9999 -9999 -9999 -9999 -9999 -9999 -9999 -9999 -9999 0.764667153358459 0.597879409790039 0.557469546794891 0.502068281173706 0.397930979728699 0.267396837472916 0.230659857392311 0.174518123269081 0.133538842201233 0.118739128112793 0.1184461414814 0.118199586868286 0.117864526808262 0.116812534630299 0.114014208316803 0.110696516931057 0.153872072696686 0.199890375137329 0.164030015468597 0.117807023227215 0.107013046741486 0.10953426361084 0.0981523469090462 0.0136900572106242 0.00213655969128013 0.000857430743053555 0.000642215076368302 0.000631143397185951 0.000657996046356857 0.000628892157692462 0.000651905545964837 0.000774513930082321 0.000528263044543564 0.000537447049282491 0.000348400819348171 0.000300094427075237 0.00030234141740948 0.000307266600430012 0.000296971877105534 0.000292833661660552 0.000284893263597041 0.00026986506418325
-9999 -9999 -9999 -9999 -9999 -9999 -9999 -9999 -9999 -9999 -9999 -9999 -9999 -9999 -9999 -9999 0.730554223060608 0.608553171157837 0.59510213136673 0.462711900472641 0.363129764795303 0.243894681334496 0.155266955494881 0.167079150676727 0.146806046366692 0.117677740752697 0.127529993653297 0.118076294660568 0.119388721883297 0.116234384477139 0.114131189882755 0.106604143977165 0.110917307436466 0.250201106071472 0.170721560716629 0.107875056564808 0.108138412237167 0.108928360044956 0.0830811336636543 0.00944284908473492 0.00109114474616945 0.000722554919775575 0.00068083091173321 0.000642238999716938 0.000626602326519787 0.000562443572562188 0.000511987484060228 0.00048834178596735 0.000480988674098626 0.000472380866995081 0.00035276758717373 0.000313503202050924 0.000310385221382603 0.00030756977503188 0.000305776862660423 0.000297640479402617 0.000284834182821214 0.000269138836301863
-9999 -9999 -9999 -9999 -9999 -9999 -9999 -9999 -9999 -9999 -9999 -9999 -9999 -9999 -9999 -9999 0.684241354465485 0.588609218597412 0.505201160907745 0.449123173952103 0.391147017478943 0.25277042388916 0.191547721624374 0.125067710876465 0.126763522624969 0.118178904056549 0.117552727460861 0.116591922938824 0.117691405117512 0.116070903837681 0.112197227776051 0.106833599507809 0.117435462772846 0.105369813740253 0.21529620885849 0.10718034952879 0.110576026141644 0.109602801501751 0.0788991451263428 0.0043139299377799 0.00108818663284183 0.000971604604274035 0.000679005985148251 0.000628743844572455 0.000610619725193828 0.000561005261261016 0.000503915071021765 0.000467680249130353 0.000438058603322133 0.000406506063882262 0.000366349355317652 0.000323317857692018 0.00032149875187315 0.000316819350700825 0.000304702291032299 0.000290341849904507 0.000276432052487507 0.000258507905527949
-9999 -9999 -9999 -9999 -9999 -9999 -9999 -9999 -9999 -9999 -9999 -9999 -9999 -9999 -9999 -9999 0.795114576816559 0.53424859046936 0.521871089935303 0.466587454080582 0.302664577960968 0.160086914896965 0.151174753904343 0.125022321939468 0.145525947213173 0.185782507061958 0.117981463670731 0.139897555112839 0.115998990833759 0.116094224154949 0.113697879016399 0.108530506491661 0.11090961098671 0.146876767277718 0.235128939151764 0.108540058135986 0.107437573373318 0.115357436239719 0.0622062087059021 0.00252626836299896 0.00219190353527665 0.00100781652145088 0.000670197070576251 0.000610051269177347 0.000589802977629006 0.000544783484656364 0.000499660789500922 0.000465229735709727 0.000434402405517176 0.000408197491196916 0.000374831375665963 0.00033429911127314 0.000334623880917206 0.000323620304698125 0.000311788404360414 0.000298564293188974 0.000275011087069288 0.000263079244177788
-9999 -9999 -9999 -9999 -9999 -9999 -9999 -9999 -9999 -9999 -9999 -9999 -9999 -9999 -9999 -9999 0.773341238498688 0.62520968914032 0.675199687480927 0.5155930519104 0.250871509313583 0.190528705716133 0.174644708633423 0.115240104496479 0.202264577150345 0.458347529172897 0.245322644710541 0.117891877889633 0.116964071989059 0.1164186373353 0.114004395902157 0.11156115680933 0.110720202326775 0.199827998876572 0.189343646168709 0.107123158872128 0.104189850389957 0.108793452382088 0.0445956625044346 0.00933536048978567 0.00110812624916434 0.000728837621863931 0.000644636922515929 0.000598179001826793 0.000568341871257871 0.000523109862115234 0.000506367010530084 0.000465320015791804 0.000414470821851864 0.00038808022509329 0.000365786196198314 0.000340541620971635 0.000331811257638037 0.000319926592055708 0.000303011300275102 0.00029264367185533 0.000267121475189924 0.000251949211815372
-9999 -9999 -9999 -9999 -9999 -9999 -9999 -9999 -9999 -9999 -9999 -9999 -9999 -9999 -9999 -9999 0.837563812732697 0.67277318239212 0.60610419511795 0.549374282360077 0.426417917013168 0.209626913070679 0.143667489290237 0.115776695311069 0.185222372412682 0.361954152584076 0.319513022899628 0.117243759334087 0.122763574123383 0.161687269806862 0.112181566655636 0.110339872539043 0.110500678420067 0.175646558403969 0.14338344335556 0.110450588166714 0.108083002269268 0.094207763671875 0.0885922536253929 0.0112243285402656 0.00109650113154203 0.000677757721859962 0.000615796830970794 0.000580984284169972 0.000540060922503471 0.000522509508300573 0.000492604216560721 0.000441279233200476 0.000408383901230991 0.000378578843083233 0.000357957032974809 0.000338515324983746 0.000329560047248378 0.000311402283841744 0.000294159748591483 0.00027582433540374 0.000257025036262348 0.000241728805121966
-9999 -9999 -9999 -9999 -9999 -9999 -9999 -9999 -9999 -9999 -9999 -9999 -9999 -9999 -9999 -9999 0.952719390392303 0.728964149951935 0.605323433876038 0.578815519809723 0.42613810300827 0.139507502317429 0.114715419709682 0.201301455497742 0.126492872834206 0.214529529213905 0.118600487709045 0.116012290120125 0.140428096055984 0.1539106965065 0.111718781292439 0.109610132873058 0.179787218570709 0.170226261019707 0.120400175452232 0.110854640603065 0.109165661036968 0.109830483794212 0.102466277778149 0.0119846556335688 0.00113355135545135 0.000637253047898412 0.000576708291191608 0.000539747823495418 0.000518134620506316 0.000507506832946092 0.000475730572361499 0.000436358328443021 0.000408431864343584 0.000385995139367878 0.00036081369034946 0.000346221670042723 0.000327779649524018 0.000310731964418665 0.000293589109787717 0.000269592390395701 0.000263155758148059 0.000248660508077592
-9999 -9999 -9999 -9999 -9999 -9999 -9999 -9999 -9999 -9999 -9999 -9999 -9999 -9999 -9999 -9999 0.974251329898834 0.886360347270966 0.755857169628143 0.811559915542603 0.388163536787033 0.196533888578415 0.159250423312187 0.138118922710419 0.154505118727684 0.117972232401371 0.118100568652153 0.115668542683125 0.116310685873032 0.117668710649014 0.113350622355938 0.111991554498672 0.136179983615875 0.118131153285503 0.112354785203934 0.111535519361496 0.109861247241497 0.192087560892105 0.0603864565491676 0.00539632700383663 0.000840414431877434 0.000631792529020458 0.000556547427549958 0.000548949523363262 0.000506307405885309 0.000475627981359139 0.000458620284916833 0.000432919798186049 0.000412775407312438 0.000384545332053676 0.000358558201696724 0.000342254817951471 0.000327713409205899 0.000306347094010562 0.000288921932224184 0.000268573698122054 0.000259336607996374 0.00025089702103287
-9999 -9999 -9999 -9999 -9999 -9999 -9999 -9999 -9999 -9999 -9999 -9999 -9999 -9999 -9999 -9999 0.966015100479126 0.869194746017456 0.826729714870453 0.858172059059143 0.464235454797745 0.165896847844124 0.16212198138237 0.14539347589016 0.118419110774994 0.118278160691261 0.117779210209846 0.116928368806839 0.116554744541645 0.115018658339977 0.112709708511829 0.112611927092075 0.114193834364414 0.113586582243443 0.127610489726067 0.111492939293385 0.108954422175884 0.0770166665315628 0.0161301400512457 0.00206975685432553 0.00075605878373608 0.000622855382971466 0.000561037450097501 0.000526321993675083 0.000487358658574522 0.000460733252111822 0.000444245350081474 0.00042191450484097 0.000404474412789568 0.000380688172299415 0.00036080987774767 0.000340533966664225 0.000321243773214519 0.000291680509690195 0.000281454966170713 0.000265241891611367 0.000258071668213233 0.00025736857787706
