Results/RCP4.5.asc
NCOLS 581 
NROWS 855 
XLLCORNER -74.916666667 
YLLCORNER -55.833333333 
CELLSIZE 0.0833333333339071 
NODATA_value -9999 
[rows 338 to 363 of 855, columns 406 to 463 of 581]
-9999 -9999 -9999 -9999 -9999 -9999 -9999 -9999 -9999 -9999 -9999 -9999 -9999 -9999 -9999 -9999 -9999 -9999 -9999 -9999 -9999 -9999 -9999 -9999 -9999 -9999 -9999 0.143388897180557 0.100783444941044 0.152301117777824 0.159932091832161 0.237335294485092 -9999 -9999 0.0798544809222221 0.0987575873732567 0.0329091362655163 0.0126831782981753 0.000548724201507866 0.000178835951373912 0.000116380091640167 9.4549497589469e-05 5.96819809288718e-05 3.17099402309395e-05 2.31281956075691e-05 1.75614513864275e-05 1.36097833092208e-05 1.19799615276861e-05 1.03761694845161e-05 9.55992163653718e-06 8.61949683894636e-06 7.40012774258503e-06 6.18878357272479e-06 5.45833290743758e-06 4.92592198497732e-06 4.97578366775997e-06 4.55120562037337e-06 3.87215823138831e-06
-9999 -9999 -9999 -9999 -9999 -9999 -9999 -9999 -9999 -9999 -9999 -9999 -9999 -9999 -9999 -9999 -9999 -9999 -9999 -9999 -9999 -9999 -9999 -9999 -9999 -9999 0.0400522798299789 0.149246886372566 0.129493966698647 0.0625327005982399 0.0951196998357773 -9999 -9999 0.0983157679438591 0.0315880738198757 0.0297357961535454 0.0104871485382318 0.0012386393500492 0.000356914009898901 0.000212297585676424 0.000104104183265008 5.49150245205965e-05 3.97059884562623e-05 2.62861049122876e-05 1.8552291294327e-05 1.46280135595589e-05 1.24807265819982e-05 1.05442786662024e-05 9.4910892585176e-06 8.73161479830742e-06 7.32621992938221e-06 6.46039052298875e-06 5.78358321945416e-06 4.85730788568617e-06 4.65181665276759e-06 4.29901638199226e-06 4.05941273129429e-06 3.74482124243514e-06
-9999 -9999 -9999 -9999 -9999 -9999 -9999 -9999 -9999 -9999 -9999 -9999 -9999 -9999 -9999 -9999 -9999 -9999 -9999 -9999 -9999 -9999 -9999 -9999 -9999 -9999 -9999 0.0665821135044098 0.148460119962692 0.112444028258324 0.0717129856348038 0.191985309123993 0.105505533516407 0.0249529667198658 0.014266723766923 0.00395486410707235 0.000753764703404158 0.000215457155718468 0.000149117418914102 8.36751860333607e-05 4.70370359835215e-05 3.92189831472933e-05 3.02163862215821e-05 2.21813897951506e-05 1.75980494532268e-05 1.418266674591e-05 1.15820339487982e-05 9.89826003205962e-06 8.73122917255387e-06 7.72153907746542e-06 7.00960890753777e-06 6.28404723101994e-06 5.5058189900592e-06 4.67631389255985e-06 4.38933375335182e-06 3.93303434975678e-06 3.6373826333147e-06 3.59650698555924e-06
-9999 -9999 -9999 -9999 -9999 -9999 -9999 -9999 -9999 -9999 -9999 -9999 -9999 -9999 -9999 -9999 -9999 -9999 -9999 -9999 -9999 -9999 -9999 -9999 -9999 -9999 -9999 -9999 0.205696791410446 0.13786107301712 0.0580914542078972 0.0516442768275738 0.0259350221604109 0.0148704946041107 0.00223102117888629 0.000632041657809168 0.000315445446176454 0.000141751501359977 8.39734057080932e-05 5.3437859605765e-05 3.50252666976303e-05 2.74703452305403e-05 2.18935747398064e-05 1.74784127011662e-05 1.50239720824175e-05 1.26532740978291e-05 1.03014172054827e-05 1.00062279670965e-05 7.91719776316313e-06 7.05275397194782e-06 6.36104277873528e-06 5.90302215641714e-06 4.92568733534426e-06 4.38330062024761e-06 3.88669650419615e-06 3.8917746678635e-06 3.31590922542091e-06 3.34195533469028e-06
-9999 -9999 -9999 -9999 -9999 -9999 -9999 -9999 -9999 -9999 -9999 -9999 -9999 -9999 -9999 -9999 -9999 -9999 -9999 -9999 -9999 -9999 -9999 -9999 -9999 -9999 0.0873382613062859 0.139895305037498 0.159123301506042 0.12575101852417 0.0382905788719654 0.0195656772702932 0.00712508615106344 0.00209439313039184 0.000716565118636936 0.000380480167223141 0.000204867785214446 0.000115956689114682 6.20313949184492e-05 4.09544190915767e-05 2.70451982942177e-05 1.9757713744184e-05 1.66812351380941e-05 1.4701290638186e-05 1.3007097550144e-05 1.11427179945167e-05 9.48675733525306e-06 9.00126360647846e-06 7.33720162315876e-06 6.34049774816958e-06 5.33902539245901e-06 5.01010981679428e-06 4.77566209156066e-06 4.26606857217848e-06 3.76178104488645e-06 3.64071092917584e-06 3.37192955157661e-06 3.25156725011766e-06
-9999 -9999 -9999 -9999 -9999 -9999 -9999 -9999 -9999 -9999 -9999 -9999 -9999 -9999 -9999 -9999 -9999 -9999 -9999 -9999 -9999 -9999 -9999 -9999 -9999 0.0555164068937302 0.0509915798902512 0.130436629056931 0.0848143473267555 0.0490451715886593 0.0152549762278795 0.00491360807791352 0.00384043226949871 0.00148255389649421 0.000520594418048859 0.000288177514448762 0.000178731570485979 9.65518484008498e-05 5.93099866819102e-05 3.97515250369906e-05 2.60690685536247e-05 1.74152501131175e-05 1.4966411072237e-05 1.34515912577626e-05 1.18006173579488e-05 1.07105252027395e-05 8.88419162947685e-06 8.01897931523854e-06 7.00393775332486e-06 5.85194857194438e-06 5.59073305339552e-06 4.90559250465594e-06 4.19295884057647e-06 3.94270773540484e-06 3.60110993824492e-06 3.51759172190214e-06 3.32123590851552e-06 3.16684486278973e-06
-9999 -9999 -9999 -9999 -9999 -9999 -9999 -9999 -9999 -9999 -9999 -9999 -9999 -9999 -9999 -9999 -9999 -9999 -9999 -9999 -9999 -9999 -9999 -9999 -9999 0.0813911333680153 0.0559899844229221 0.0312979631125927 0.0352485030889511 0.021956754848361 0.0049801878631115 0.00192252267152071 0.00146281986963004 0.000954683404415846 0.000443846074631438 0.000211521954042837 0.000141172655276023 7.06934733898379e-05 4.29769825132098e-05 3.10291034111287e-05 2.23396418732591e-05 1.63661770784529e-05 1.37934148369823e-05 1.2104873349017e-05 1.12420402729185e-05 1.00118459158693e-05 8.33630929264473e-06 7.63569369155448e-06 6.59979150441359e-06 5.65981963518425e-06 5.26072653883602e-06 4.616472779162e-06 4.25923826696817e-06 3.87678255719948e-06 3.51665858033812e-06 3.39541338689742e-06 3.29592694470193e-06 3.23774975186097e-06
-9999 -9999 -9999 -9999 -9999 -9999 -9999 -9999 -9999 -9999 -9999 -9999 -9999 -9999 -9999 -9999 -9999 -9999 -9999 -9999 -9999 -9999 -9999 -9999 0.0310575999319553 0.0298593435436487 0.121394388377666 0.0304869469255209 0.0171436537057161 0.00818084180355072 0.00250031240284443 0.000960897712502629 0.000675684190355241 0.000601963431108743 0.000314694247208536 0.000152731154230423 9.00718223419972e-05 5.90252857364248e-05 3.65481064363848e-05 2.61032037087716e-05 1.85927292477572e-05 1.3379898518906e-05 1.31351116579026e-05 1.21824432426365e-05 1.07925143311149e-05 9.22174785955576e-06 7.41618214306072e-06 6.22502784608514e-06 5.6427361414535e-06 5.33703951077769e-06 4.74554963147966e-06 4.45035720986198e-06 4.10644179282826e-06 3.91392268284108e-06 3.51514881913317e-06 3.36754010277218e-06 3.28193345922045e-06 3.2276423098665e-06
-9999 -9999 -9999 -9999 -9999 -9999 -9999 -9999 -9999 -9999 -9999 -9999 -9999 -9999 -9999 -9999 -9999 -9999 -9999 -9999 -9999 -9999 -9999 -9999 -9999 -9999 0.0344940423965454 0.0649570599198341 0.0170347709208727 0.00310176215134561 0.00128703832160681 0.000711486442014575 0.000648594694212079 0.000735212524887174 0.000405895931180567 0.000188326725037768 7.73953506723046e-05 4.86476492369547e-05 3.04401382891228e-05 2.35288243857212e-05 1.71117844729451e-05 1.46869188029086e-05 1.29297186504118e-05 1.10731070890324e-05 9.17958914214978e-06 8.9698914962355e-06 8.14380291558336e-06 7.16876365913777e-06 6.14258669884293e-06 6.25622578809271e-06 5.23609742231201e-06 4.30147747465526e-06 3.98952533942065e-06 3.90905779568129e-06 3.59701652996591e-06 3.50062191500911e-06 3.30832881445531e-06 3.18369848173461e-06
-9999 -9999 -9999 -9999 -9999 -9999 -9999 -9999 -9999 -9999 -9999 -9999 -9999 -9999 -9999 -9999 -9999 -9999 -9999 -9999 -9999 -9999 -9999 -9999 -9999 0.0329527370631695 0.0375082604587078 0.0470856539905071 0.00842023734003305 0.00151755951810628 0.000716445385478437 0.000505407224409282 0.000530658813659102 0.000530492223333567 0.000359424884663895 0.0001511987647973 7.9058445408009e-05 4.92224862682633e-05 3.13668460876215e-05 2.37614258367103e-05 1.54274839587742e-05 1.44604528031778e-05 1.22128576549585e-05 1.03170114016393e-05 8.82993299455848e-06 8.9362365542911e-06 7.47180229154765e-06 6.8002464104211e-06 6.90238402967225e-06 6.26236669631908e-06 5.15459396410733e-06 4.35623405792285e-06 4.56110501545481e-06 4.08690220865537e-06 3.74313185602659e-06 3.60713556801784e-06 3.47790182786412e-06 3.37030246555514e-06
-9999 -9999 -9999 -9999 -9999 -9999 -9999 -9999 -9999 -9999 -9999 -9999 -9999 -9999 -9999 -9999 -9999 -9999 -9999 -9999 -9999 -9999 -9999 -9999 -9999 0.243968099355698 0.0385903045535088 0.0281546469777822 0.0087435794994235 0.00110614532604814 0.000500207534059882 0.000377211021259427 0.000344244035659358 0.000310132891172543 0.000216040658415295 0.000124133643112145 8.45422473503277e-05 4.50408660981338e-05 2.88176015601493e-05 2.05974029086065e-05 1.4296641893452e-05 1.35869486257434e-05 1.12557672764524e-05 9.62171179708093e-06 9.31425074668368e-06 8.52720677357865e-06 7.69143389334204e-06 6.61774402033188e-06 6.15802582615288e-06 5.41577992407838e-06 4.79865366287413e-06 4.51805817647255e-06 4.55601411886164e-06 4.08002370022587e-06 3.87105592380976e-06 3.73429247702006e-06 3.57461431121919e-06 3.38343465955404e-06
-9999 -9999 -9999 -9999 -9999 -9999 -9999 -9999 -9999 -9999 -9999 -9999 -9999 -9999 -9999 -9999 -9999 -9999 -9999 -9999 -9999 -9999 -9999 -9999 -9999 0.0342134833335876 0.147172406315804 0.0346413515508175 0.00777101283892989 0.000896593614015728 0.000435792346252128 0.000288153474684805 0.000284905137959868 0.000240411260165274 0.000134462665300816 0.000100540994026233 6.95116395945661e-05 3.00090014206944e-05 2.13875973713584e-05 1.71989395312266e-05 1.37967317641596e-05 1.28073788800975e-05 1.05226754385512e-05 9.29923862713622e-06 8.95248831511708e-06 7.61233422963414e-06 7.63172192819184e-06 7.01239832778811e-06 6.74703278491506e-06 5.59093587071402e-06 4.9372711146134e-06 4.64685990664293e-06 4.43746193923289e-06 4.20927699451568e-06 3.90637205782696e-06 3.87534237233922e-06 3.67590496352932e-06 3.39050143338682e-06
-9999 -9999 -9999 -9999 -9999 -9999 -9999 -9999 -9999 -9999 -9999 -9999 -9999 -9999 -9999 -9999 -9999 -9999 -9999 -9999 -9999 -9999 -9999 -9999 -9999 0.0392449796199799 0.111657932400703 0.044362585991621 0.00625676894560456 0.000556721410248429 0.000332842872012407 0.000220431189518422 0.000151404339703731 0.000105040788184851 8.50567739689723e-05 7.16925205779262e-05 5.10750141984317e-05 2.57727642747341e-05 2.14173469430534e-05 1.97205517906696e-05 1.40436086439877e-05 1.25624019347015e-05 1.07874857349088e-05 9.83175868896069e-06 8.3662534962059e-06 7.71903887653025e-06 8.53147048474057e-06 6.77702564644278e-06 6.42270561002078e-06 5.66667767998297e-06 5.02313241668162e-06 4.67639074486215e-06 4.51070854978752e-06 4.21446884502075e-06 4.05602895625634e-06 4.02300838686642e-06 4.03324702347163e-06 3.70442603525589e-06
-9999 -9999 -9999 -9999 -9999 -9999 -9999 -9999 -9999 -9999 -9999 -9999 -9999 -9999 -9999 -9999 -9999 -9999 -9999 -9999 -9999 -9999 -9999 -9999 0.0413249880075455 0.0409754440188408 0.0835404396057129 0.023674076423049 0.00350987049750984 0.00043168623233214 0.00023782801872585 0.000180165705387481 0.00011100119445473 6.98660805937834e-05 6.20390346739441e-05 4.12435874750372e-05 3.29573631461244e-05 2.52149493462639e-05 2.10312064155005e-05 1.85380831680959e-05 1.44864116009558e-05 1.21253806355526e-05 1.02583126135869e-05 8.97069639904657e-06 7.17524426363525e-06 5.81566064283834e-06 7.73174542700872e-06 6.89001217324403e-06 5.93688946537441e-06 5.33724232809618e-06 4.71132898383075e-06 4.29063811679953e-06 4.44009992861538e-06 4.13551106248633e-06 4.14410624216544e-06 4.02848263547639e-06 3.8219841371756e-06 3.74993555851688e-06
-9999 -9999 -9999 -9999 -9999 -9999 -9999 -9999 -9999 -9999 -9999 -9999 -9999 -9999 -9999 -9999 -9999 -9999 -9999 -9999 -9999 -9999 -9999 -9999 0.0393665470182896 0.0420306473970413 0.0690329000353813 0.0136164892464876 0.00124462263192981 0.00043820045539178 0.000276431674137712 0.000169023231137544 0.000109817716293037 7.14535635779612e-05 4.98396730108652e-05 3.66206259059254e-05 2.75217935268302e-05 2.0483166736085e-05 1.7892598407343e-05 1.55843590619043e-05 1.30729622469516e-05 1.18513880806859e-05 1.03512038549525e-05 1.00841953099007e-05 8.59256670082686e-06 7.12766268406995e-06 6.86700332153123e-06 6.76879926686524e-06 6.02735417487565e-06 5.37868891115068e-06 4.83580697618891e-06 4.36613981946721e-06 4.65542052552337e-06 4.15404792875051e-06 3.97584608435864e-06 4.20930609834613e-06 3.65925711776072e-06 3.79842822439969e-06
-9999 -9999 -9999 -9999 -9999 -9999 -9999 -9999 -9999 -9999 -9999 -9999 -9999 -9999 -9999 -9999 -9999 -9999 -9999 -9999 -9999 -9999 -9999 -9999 0.350505858659744 0.103947095572948 0.07399021089077 0.0120414597913623 0.00123963714577258 0.00049190316349268 0.000328559661284089 0.000172583997482434 0.00010683494474506 6.76285853842273e-05 4.55103399872314e-05 3.44068539561704e-05 2.55636387009872e-05 2.0848041458521e-05 1.54004028445343e-05 1.44175000968971e-05 1.278573381569e-05 1.30061998788733e-05 1.05864010038204e-05 8.93466676643584e-06 8.11053723737132e-06 6.6781817622541e-06 6.91449940859457e-06 6.5233130044362e-06 6.57328291708836e-06 5.58873034606222e-06 5.36249717697501e-06 5.05543175677303e-06 4.84706970382831e-06 4.52893391411635e-06 4.24810332333436e-06 4.62574644188862e-06 4.20384458266199e-06 4.10473739975714e-06
-9999 -9999 -9999 -9999 -9999 -9999 -9999 -9999 -9999 -9999 -9999 -9999 -9999 -9999 -9999 -9999 -9999 -9999 -9999 -9999 -9999 -9999 -9999 -9999 -9999 0.151856690645218 0.0342519283294678 0.0089095002040267 0.00205419771373272 0.000587542599532753 0.000305145658785477 0.000176914691110142 0.000109965396404732 6.79100994602777e-05 4.69777332909871e-05 3.18590755341575e-05 2.38643206103006e-05 1.69686627486954e-05 1.41082173286122e-05 1.39542853503372e-05 1.43012512126006e-05 1.51019821714726e-05 1.16749588414677e-05 8.32481964607723e-06 8.7910630099941e-06 6.35382184555056e-06 7.09360847395146e-06 6.59340230413363e-06 6.9203370003379e-06 5.95453047935735e-06 5.33267120772507e-06 5.30372562934645e-06 4.94079540658277e-06 4.66992241854314e-06 4.72403871754068e-06 4.91671335112187e-06 4.50238439952955e-06 4.23251049141982e-06
-9999 -9999 -9999 -9999 -9999 -9999 -9999 -9999 -9999 -9999 -9999 -9999 -9999 -9999 -9999 -9999 -9999 -9999 -9999 -9999 -9999 -9999 -9999 -9999 -9999 0.0606043040752411 0.0233423728495836 0.0048082540743053 0.001801788341254 0.000669105269480497 0.000345108972396702 0.000201952192583121 0.000109369022538885 7.03222758602351e-05 4.64391378045548e-05 4.12816225434653e-05 2.78080915450118e-05 1.59072569658747e-05 1.47803993968409e-05 1.5021689250716e-05 1.44618034028099e-05 1.70379607880022e-05 1.44734440254979e-05 9.14520205697045e-06 1.10373975985567e-05 7.24644451111089e-06 6.09559947406524e-06 6.28893667453667e-06 6.44934834781452e-06 6.67686617816798e-06 5.52114988749963e-06 5.65026994081563e-06 5.14336898049805e-06 5.10273366671754e-06 4.4134353629488e-06 4.75241995445685e-06 4.70438817501417e-06 4.28966268373188e-06
-9999 -9999 -9999 -9999 -9999 -9999 -9999 -9999 -9999 -9999 -9999 -9999 -9999 -9999 -9999 -9999 -9999 -9999 -9999 -9999 -9999 -9999 -9999 -9999 -9999 0.0565382428467274 0.016979182139039 0.00325479754246771 0.00134299136698246 0.000628150824923068 0.000315665442030877 0.000177584704943001 0.000100298086181283 7.34117929823697e-05 4.19572934333701e-05 3.46182750945445e-05 2.77312610705849e-05 1.74008655449143e-05 1.62467895279406e-05 1.52257343870588e-05 1.18588422992616e-05 1.5275187251973e-05 1.31380284074112e-05 9.51049787545344e-06 1.1572598850762e-05 8.13656697573606e-06 7.30271767679369e-06 7.37287609808845e-06 6.86712201058981e-06 6.6530701587908e-06 6.12158601143165e-06 5.88866896578111e-06 5.46194178241421e-06 5.30860052094795e-06 4.64405366074061e-06 4.56067027698737e-06 4.63147216578363e-06 4.47551929028123e-06
-9999 -9999 -9999 -9999 -9999 -9999 -9999 -9999 -9999 -9999 -9999 -9999 -9999 -9999 -9999 -9999 -9999 -9999 -9999 -9999 -9999 -9999 -9999 -9999 0.147103145718575 0.0892144441604614 0.0174509361386299 0.00296251708641648 0.00127773452550173 0.000556192942894995 0.000291052798274904 0.000143908531754278 8.30272256280296e-05 5.7796041801339e-05 3.74125083908439e-05 2.81501870631473e-05 2.6431731384946e-05 1.5945288396324e-05 1.38256709760753e-05 1.36207436298719e-05 1.12258494482376e-05 1.38557625177782e-05 1.06639163277578e-05 9.97644747258164e-06 1.01494870250463e-05 7.56127701606601e-06 8.73784119903576e-06 7.16007571099908e-06 6.41266206002911e-06 6.19705451754271e-06 5.8923069445882e-06 5.75470949115697e-06 5.4710631047783e-06 5.19195054948796e-06 4.72773035653518e-06 4.79672371511697e-06 4.62084835817222e-06 4.21499180447427e-06
-9999 -9999 -9999 -9999 -9999 -9999 -9999 -9999 -9999 -9999 -9999 -9999 -9999 -9999 -9999 -9999 -9999 -9999 -9999 -9999 -9999 -9999 -9999 -9999 0.311382621526718 0.109135851264 0.0195633806288242 0.00315824360586703 0.00107812869828194 0.000518843473400921 0.000311251496896148 0.000130540953250602 8.33073645480908e-05 5.51277225895319e-05 3.88018488592934e-05 2.98103514069226e-05 2.25450567086227e-05 1.65759192896076e-05 1.44580653795856e-05 1.38224531838205e-05 1.13236765173497e-05 1.17181034511304e-05 9.96367543848464e-06 1.02012418210506e-05 8.86284578882623e-06 7.06816899764817e-06 8.27748226583935e-06 8.10987967270194e-06 7.67806523072068e-06 6.25001939624781e-06 5.80123787585762e-06 5.59360159968492e-06 5.20520961799775e-06 5.42284988114261e-06 4.49108711109147e-06 4.81763299831073e-06 4.61990885014529e-06 4.3629038373183e-06
-9999 -9999 -9999 -9999 -9999 -9999 -9999 -9999 -9999 -9999 -9999 -9999 -9999 -9999 -9999 -9999 -9999 -9999 -9999 -9999 -9999 -9999 -9999 -9999 0.296954870223999 0.127035081386566 0.0226297453045845 0.00335494498722255 0.00117276946548373 0.00072713935514912 0.000380674784537405 0.000168955157278106 9.19301455724053e-05 5.53734644199722e-05 3.67342072422616e-05 2.82970977423247e-05 2.34498347708723e-05 1.63828681252198e-05 1.36474036480649e-05 1.3169257726986e-05 1.0966808986268e-05 1.06196685010218e-05 1.0608109732857e-05 9.25207041291287e-06 8.18274111225037e-06 7.64316064305604e-06 7.65525965107372e-06 7.21883043297566e-06 6.92640969646163e-06 6.25175471213879e-06 5.95922574575525e-06 5.65435857424745e-06 5.38757603862905e-06 5.32372405359638e-06 4.83902067571762e-06 5.01005160913337e-06 4.78357151223463e-06 4.55854160463787e-06
-9999 -9999 -9999 -9999 -9999 -9999 -9999 -9999 -9999 -9999 -9999 -9999 -9999 -9999 -9999 -9999 -9999 -9999 -9999 -9999 -9999 -9999 -9999 -9999 0.205287545919418 0.0725231543183327 0.0179843939840794 0.00229777814820409 0.00101309514138848 0.000465021294075996 0.000278892432106659 0.00015871666255407 9.35333082452416e-05 5.81847489229403e-05 4.05957071052399e-05 2.84300531347981e-05 2.57370811596047e-05 1.5888006601017e-05 1.30180023916182e-05 1.28785968627199e-05 1.00249108072603e-05 1.04822493085521e-05 1.04202717920998e-05 9.17758097784827e-06 7.5039679359179e-06 8.43677844386548e-06 7.07551225787029e-06 6.95689959684387e-06 6.91784225637093e-06 6.35575179330772e-06 6.05057130087516e-06 5.54425287191407e-06 5.30512488694512e-06 5.27330485056154e-06 5.50808636035072e-06 5.08276116306661e-06 4.79977234135731e-06 4.68945108877961e-06
-9999 -9999 -9999 -9999 -9999 -9999 -9999 -9999 -9999 -9999 -9999 -9999 -9999 -9999 -9999 -9999 -9999 -9999 -9999 -9999 -9999 -9999 -9999 -9999 0.241779312491417 0.0801333412528038 0.0204413551837206 0.00220608827657998 0.000864472473040223 0.000480998714920133 0.000282071705441922 0.000130627551698126 8.54821046232246e-05 5.72263634239789e-05 3.77297037630342e-05 2.92620497930329e-05 2.28947701543802e-05 1.60536437761039e-05 1.30430398712633e-05 1.12254847408622e-05 1.02208241514745e-05 1.07343084891909e-05 9.44997100305045e-06 8.85474401002284e-06 7.81274593464332e-06 7.46519435779192e-06 6.99863403497147e-06 6.75239971315023e-06 6.52897324471269e-06 6.64577783027198e-06 5.84358895139303e-06 5.33248476131121e-06 5.91235539104673e-06 5.69916301174089e-06 6.13624115430866e-06 4.7836088015174e-06 3.98039492210955e-06 4.56237194157438e-06
-9999 -9999 -9999 -9999 -9999 -9999 -9999 -9999 -9999 -9999 -9999 -9999 -9999 -9999 -9999 -9999 -9999 -9999 -9999 -9999 -9999 -9999 -9999 -9999 0.354538202285767 0.115501008927822 0.0345384553074837 0.00319992820732296 0.000916272401809692 0.000485652417410165 0.00029299987363629 0.000152222346514463 0.000107951447716914 6.4944222685881e-05 4.25634498242289e-05 2.76143146038521e-05 2.2063713913667e-05 1.66887257364579e-05 1.40744696182082e-05 1.23295076264185e-05 1.06959823824582e-05 1.11507188194082e-05 9.65009166975506e-06 9.20499678613851e-06 8.57717350299936e-06 7.49597666072077e-06 7.50462913856609e-06 7.09274263499537e-06 6.7029109231953e-06 6.85951090417802e-06 6.71072484692559e-06 6.10576807957841e-06 5.77572336624144e-06 5.37590585736325e-06 5.99391614741762e-06 5.63102867090493e-06 5.1727615755226e-06 5.26978192283423e-06
-9999 -9999 -9999 -9999 -9999 -9999 -9999 -9999 -9999 -9999 -9999 -9999 -9999 -9999 -9999 -9999 -9999 -9999 -9999 -9999 -9999 -9999 -9999 -9999 0.396532982587814 0.151032894849777 0.0389922298491001 0.00314108771272004 0.00111941713839769 0.000589475210290402 0.000290330470306799 0.00016722189320717 9.68054810073227e-05 6.50316214887425e-05 4.6905544877518e-05 2.88443734461907e-05 2.17125852941535e-05 1.65485580509994e-05 1.40326974360505e-05 1.19553642434767e-05 1.01490268207272e-05 9.49597597355023e-06 9.68403492151992e-06 9.59099634201266e-06 9.03650925465627e-06 7.75926218921086e-06 7.38070821171277e-06 7.16332351657911e-06 7.05669435774325e-06 6.66339701638208e-06 6.99215843269485e-06 6.53016923024552e-06 6.00100247538649e-06 5.64051470064442e-06 6.04833030592999e-06 5.9825424614246e-06 6.05813829679391e-06 6.12118174103671e-06
