Results/RCP6.0.asc
NCOLS 581 
NROWS 855 
XLLCORNER -74.916666667 
YLLCORNER -55.833333333 
CELLSIZE 0.0833333333339071 
NODATA_value -9999 
[rows 676 to 701 of 855, columns 174 to 231 of 581]
0.031896386295557 0.0311100818216801 0.0301599949598312 0.0300359949469566 0.0287124700844288 0.0241760481148958 0.0196497905999422 0.0144108654931188 0.0110739758238196 0.00969818234443665 0.00813025422394276 0.00679637119174004 0.00619872752577066 0.00553682120516896 0.00503132026642561 0.00485662743449211 0.00466836057603359 0.00451682135462761 0.00424611242488027 0.00422981474548578 0.00393209001049399 0.00373392854817212 0.00348014081828296 0.00335907284170389 0.00330628012306988 0.0032347203232348 0.00330062722787261 0.00325759453698993 0.00317854550667107 0.00325652095489204 0.00324709620326757 0.00320433173328638 0.00321118929423392 0.0032388532999903 0.00322861364111304 0.00349924084730446 0.00346969813108444 0.00342049729079008 0.00330816186033189 0.0032271952368319 0.00293205538764596 0.00196589436382055 0.00113570690155029 0.000905055028852075 0.00077619549119845 0.000698185060173273 0.000571226759348065 0.000506611075252295 0.000499267305713147 0.000500819645822048 0.000543502101209015 0.000545164395589381 0.000523522263392806 0.000474693399155512 0.000394183123717085 0.000368578272173181 -9999 -9999
0.0297050531953573 0.0296775475144386 0.028853926807642 0.0281729511916637 0.0262744762003422 0.0224018432199955 0.0166227649897337 0.0126000391319394 0.0107341911643744 0.00920401979237795 0.00769104203209281 0.00696227746084332 0.00655923597514629 0.00568057550117373 0.00515232793986797 0.00483032129704952 0.00459669902920723 0.00448837596923113 0.0042382855899632 0.0041922084055841 0.00384388794191182 0.00360932480543852 0.00349503429606557 0.00346449390053749 0.00324616301804781 0.0032655990216881 0.00325534888543189 0.00320664560422301 0.00319933169521391 0.00329349865205586 0.00328106759116054 0.00320082018151879 0.00320745003409684 0.00318662053905427 0.00316689629107714 0.00318183074705303 0.00331826461479068 0.00318990042433143 0.00300526130013168 0.00293102790601552 0.00236032973043621 0.00156570598483086 0.00104985246434808 0.000846008886583149 0.000738034199457616 0.00065074535086751 0.000518135027959943 0.000492553226649761 0.000516489264555275 0.000493645900860429 0.000479257840197533 0.000392643734812737 0.000355098338332027 0.000332124589476734 -9999 -9999 -9999 -9999
0.029654748737812 0.0288875978440046 0.0286992285400629 0.0268369521945715 0.0221754088997841 0.0202950630337 0.0159509088844061 0.012560554780066 0.0115535194054246 0.00933859404176474 0.00771595304831862 0.00742378085851669 0.00654972298070788 0.00564884766936302 0.00539363408461213 0.00488216476514935 0.00467603467404842 0.00455020926892757 0.00422001723200083 0.00416827807202935 0.00404877867549658 0.00462848739698529 0.00356140732765198 0.00366821978241205 0.00336817442439497 0.00329517526552081 0.00581475207582116 0.00334472232498229 0.0031794710084796 0.00318715116009116 0.00323613989166915 0.00321327615529299 0.00319193489849567 0.00316574587486684 0.0031298566609621 0.00320884259417653 0.00306863733567297 0.00280111725442111 0.00275990925729275 0.00250721606425941 0.00174571201205254 0.00125864346046001 0.000923698069527745 0.000801886722911149 0.000740011164452881 0.000672637776006013 0.00059764226898551 0.000610918446909636 0.000601451727561653 0.000510287412907928 0.000437566603068262 0.000388276530429721 0.000340998958563432 -9999 -9999 -9999 -9999 -9999
0.0288378745317459 0.0288128443062305 0.0278590992093086 0.0249641165137291 0.0229020062834024 0.0185088627040386 0.0155293764546514 0.0134134301915765 0.0113715203478932 0.00979551207274199 0.00830220244824886 0.00738432956859469 0.00663816090673208 0.00588449975475669 0.00547629501670599 0.00493758916854858 0.00478231627494097 0.00450387690216303 0.00437225960195065 0.00427786633372307 0.00388680468313396 0.00359260383993387 0.00344677804969251 0.0033865193836391 0.00323086231946945 0.00326730217784643 0.00350097101181746 0.00330761284567416 0.00322440871968865 0.00323841394856572 0.0032050940208137 0.00320754735730588 0.00317443185485899 0.00316437729634345 0.00313760410062969 0.0031746057793498 0.00293277250602841 0.00235781446099281 0.00216968520544469 0.00187402591109276 0.00140470371115953 0.000990135478787124 0.000884131935890764 0.000789898913353682 0.000683288613799959 0.000583968125283718 0.000551670731510967 0.000602653599344194 0.000570938980672508 0.00048326252726838 0.000408482825150713 -9999 -9999 -9999 -9999 -9999 -9999 -9999
0.0281143821775913 0.0274012740701437 0.0257929172366858 0.0215117614716291 0.0213877726346254 0.0184040926396847 0.0155336763709784 0.013246038928628 0.0120348231866956 0.0103548346087337 0.0085405521094799 0.00755774602293968 0.00703044282272458 0.00610494054853916 0.00549411028623581 0.00521442294120789 0.0047447057440877 0.0044079776853323 0.00423020776361227 0.0038702329620719 0.00363523280248046 0.00342595600523055 0.00340376258827746 0.00347144762054086 0.00333208404481411 0.00328291393816471 0.00325395236723125 0.00327331130392849 0.00329374871216714 0.00318991881795228 0.0031432609539479 0.00317056989297271 0.00316746742464602 0.00318002584390342 0.00304309325292706 0.0030290842987597 0.00283768633380532 0.00261524296365678 0.00197195680812001 0.00149848603177816 0.00109543546568602 0.000904088257811964 0.000779214897193015 0.000744653167203069 0.000635940115898848 0.000600910687353462 0.000499991816468537 0.000427563500124961 0.000472539104521275 0.00042695555021055 -9999 -9999 -9999 -9999 -9999 -9999 -9999 -9999
0.025495758280158 0.0237370580434799 0.0230149868875742 0.0207038018852472 0.0191301088780165 0.0179695803672075 0.0154045047238469 0.0131864696741104 0.0126470923423767 0.010725905187428 0.0088771665468812 0.00829072669148445 0.00722791953012347 0.0062583964318037 0.00586445396766067 0.00533718848600984 0.00482242600992322 0.00472088810056448 0.00445190258324146 0.0043960134498775 0.00439580669626594 0.00412708381190896 0.00361687270924449 0.00359382247552276 0.00362823251634836 0.0034793633967638 0.00334083870984614 0.00329648028127849 0.0032446077093482 0.00324185355566442 0.00317273521795869 0.00313660898245871 0.00311717670410872 0.00301802926696837 0.00286280806176364 0.00291195139288902 0.0026633630041033 0.00251067639328539 0.0015659952769056 0.00114238157402724 0.000941845995839685 0.00086439197184518 0.000734561122953892 0.000642646569758654 0.000537276791874319 0.000515380466822535 0.000511728110723197 0.000442335585830733 -9999 -9999 -9999 -9999 -9999 -9999 -9999 -9999 -9999 -9999
0.0248290058225393 0.02316764742136 0.0207406673580408 0.0196865554898977 0.0187469683587551 0.0167418383061886 0.0153392283245921 0.0138263730332255 0.0120912445709109 0.0106552923098207 0.00949093978852034 0.00840079132467508 0.00727918371558189 0.00662231259047985 0.00593244563788176 0.00538558047264814 0.00494205346331 0.00478974636644125 0.00482716877013445 0.00460700877010822 0.00437292456626892 0.00418702978640795 0.0040088570676744 0.00686533283442259 0.0066053899936378 0.00353850447572768 0.00343026150949299 0.00339532247744501 0.00436040619388223 0.00317681068554521 0.00316180009394884 0.00313769560307264 0.00307172606699169 0.00283638946712017 0.00271222367882729 0.00239212880842388 0.00200213305652142 0.00157847895752639 0.00110932730603963 0.00092526531079784 0.000744436460081488 0.000658633944112808 0.000586696027312428 0.000492657767608762 0.000436570640886202 0.000431516760727391 0.000414721667766571 -9999 -9999 -9999 -9999 -9999 -9999 -9999 -9999 -9999 -9999 -9999
0.021607119590044 0.0216112080961466 0.0190803799778223 0.01772565767169 0.017781563103199 0.0174717605113983 0.014552659355104 0.012897009961307 0.0116653209552169 0.0104030203074217 0.00889648403972387 0.00816483609378338 0.00744832586497068 0.00658967904746532 0.00587707199156284 0.00544336624443531 0.0050460072234273 0.00500975735485554 0.00490644248202443 0.00447369599714875 0.0042366236448288 0.00416375789791346 0.00417729234322906 0.00958521850407124 0.0213934984058142 0.0038193182554096 0.00342317321337759 0.00330544332973659 0.00344076147302985 0.00351787451654673 0.00321496371179819 0.00295577757060528 0.00286503392271698 0.00275691831484437 0.00254764640703797 0.00209594983607531 0.00169236783403903 0.00109817832708359 0.000902712694369256 0.000733368506189436 0.000597122532781214 0.000560657703317702 0.000505269388668239 0.000454054505098611 0.00041485927067697 -9999 -9999 -9999 -9999 -9999 -9999 -9999 -9999 -9999 -9999 -9999 -9999 -9999
0.0210235770791769 0.0198688879609108 0.0185908209532499 0.0174195356667042 0.0162950810045004 0.0164786893874407 0.0153735056519508 0.0130317946895957 0.0124802039936185 0.0109671289101243 0.00926535576581955 0.00875616446137428 0.00781462714076042 0.00683123804628849 0.00641474733129144 0.00577328680083156 0.00498571107164025 0.00539362756535411 0.00498490501195192 0.00449785962700844 0.0044637150131166 0.00428508454933763 0.00404450669884682 0.00416421331465244 0.00660638464614749 0.00393530866131186 0.00365905556827784 0.0033616372384131 0.00314101064577699 0.00334277865476906 0.00298870680853724 0.00284195994026959 0.00278941402211785 0.00250217504799366 0.00206406903453171 0.00174619257450104 0.00120532396249473 0.000962631893344223 0.000825130671728402 0.000722682219929993 0.000623960979282856 0.000537740881554782 0.000482101080706343 -9999 -9999 -9999 -9999 -9999 -9999 -9999 -9999 -9999 -9999 -9999 -9999 -9999 -9999 -9999
0.0198832917958498 0.0185391083359718 0.0174327418208122 0.0167272593826056 0.0159496646374464 0.0153066087514162 0.0152004323899746 0.013883882202208 0.012283880263567 0.0112511171028018 0.00990049354732037 0.00839998666197062 0.00765931745991111 0.00701712444424629 0.00631472188979387 0.00579014234244823 0.00515645416453481 0.00528641557320952 0.0047289039939642 0.00432078121230006 0.00434188731014729 0.0040938132442534 0.00387705722823739 0.00398437073454261 0.0038480672519654 0.00357290240935981 0.00341935874894261 0.00322372349910438 0.00287464098073542 0.0027293513994664 0.00281216949224472 0.00273216050118208 0.00241748709231615 0.00210553663782775 0.00166271417401731 0.00117791094817221 0.000937506498303264 0.000799621106125414 0.000717192771844566 0.000672745984047651 0.000628904381301254 0.000542682129889727 -9999 -9999 -9999 -9999 -9999 -9999 -9999 -9999 -9999 -9999 -9999 -9999 -9999 -9999 -9999 -9999
0.0179449412971735 0.0174634419381618 0.0169229805469513 0.0154800582677126 0.0152980238199234 0.0142112970352173 0.0135796051472425 0.0131605630740523 0.0123896170407534 0.0110550224781036 0.00947636738419533 0.00842772144824266 0.00761144328862429 0.0067931804805994 0.00612494396045804 0.00554044125601649 0.00508865062147379 0.004538937471807 0.0046896287240088 0.00450967624783516 0.0042418260127306 0.00397687824442983 0.00381286698393524 0.00376587151549757 0.00356744206510484 0.00341541925445199 0.00334931653924286 0.00294761848635972 0.00281049311161041 0.00270110415294766 0.0027642825152725 0.00249911891296506 0.00191103958059102 0.0015359673416242 0.00119048438500613 0.000958707183599472 0.00085044716252014 0.000771787716075778 0.000688839645590633 0.000609072565566748 -9999 -9999 -9999 -9999 -9999 -9999 -9999 -9999 -9999 -9999 -9999 -9999 -9999 -9999 -9999 -9999 -9999 -9999
0.0171401128172874 0.0162907168269157 0.017000462859869 0.0154643300920725 0.014101198874414 0.0133910560980439 0.0125746130943298 0.0122385220602155 0.0119062149897218 0.0105589628219604 0.00893572811037302 0.00848376750946045 0.00735713541507721 0.00659304670989513 0.00629480415955186 0.00553623726591468 0.00505641521885991 0.00492368591949344 0.00434392597526312 0.00442309537902474 0.00427155289798975 0.00368479872122407 0.00331395654939115 0.00364260631613433 0.00343054393306375 0.00308267632499337 0.00306405033916235 0.0029149514157325 0.00282608135603368 0.00276615796610713 0.00246213795617223 0.0019462734926492 0.00151783938053995 0.00108199799433351 0.000904037791769952 0.000805818301159889 0.000670123612508178 0.000625508197117597 -9999 -9999 -9999 -9999 -9999 -9999 -9999 -9999 -9999 -9999 -9999 -9999 -9999 -9999 -9999 -9999 -9999 -9999 -9999 -9999
0.0166197475045919 0.0158326700329781 0.0148226646706462 0.0140459602698684 0.0129839889705181 0.0118680000305176 0.0113949244841933 0.0114376731216908 0.0106164924800396 0.00985672976821661 0.00854992773383856 0.00805562175810337 0.00723246252164245 0.00652886833995581 0.00581341562792659 0.00543455220758915 0.0050494889728725 0.00484302639961243 0.00451329397037625 0.00404245732352138 0.00381957972422242 0.00351493409834802 0.00316315796226263 0.00335707515478134 0.00330700119957328 0.00295613287016749 0.0029224141035229 0.00282431836239994 0.00269010057672858 0.00217777281068265 0.00199835142120719 0.00157241220586002 0.00111137155909091 0.000920517079066485 0.000814431696198881 -9999 -9999 -9999 -9999 -9999 -9999 -9999 -9999 -9999 -9999 -9999 -9999 -9999 -9999 -9999 -9999 -9999 -9999 -9999 -9999 -9999 -9999 -9999
0.015479015186429 0.0150955421850085 0.0136938979849219 0.0124725019559264 0.0118857268244028 0.0108203655108809 0.0101196002215147 0.0101714301854372 0.0093284398317337 0.00849683303385973 0.0074458010494709 0.00708234310150146 0.00652493257075548 0.00625033350661397 0.00590625312179327 0.00549167022109032 0.00511500751599669 0.0050067650154233 0.00441418774425983 0.00385169219225645 0.00358158140443265 0.00342247355729342 0.00340965040959418 0.00317942257970572 0.00310512515716255 0.00302389380522072 0.00290663191117346 0.00272977724671364 0.00218846276402473 0.00172586762346327 0.00156778062228113 0.00110827409662306 -9999 -9999 -9999 -9999 -9999 -9999 -9999 -9999 -9999 -9999 -9999 -9999 -9999 -9999 -9999 -9999 -9999 -9999 -9999 -9999 -9999 -9999 -9999 -9999 -9999 -9999
0.0173922125250101 0.0146568538621068 0.0138119757175446 0.0123697528615594 0.0116458721458912 0.0109261367470026 0.010223550722003 0.00937742739915848 0.00911685638129711 0.00842341035604477 0.00744446460157633 0.0073677352629602 0.00667097000405192 0.00625077402219176 0.006131945643574 0.00553638068959117 0.00486012455075979 0.00465930486097932 0.00451839854940772 0.00388667336665094 0.0037735546939075 0.0034800642170012 0.00317053962498903 0.00314678344875574 0.0031797697301954 0.00284067704342306 0.00257026846520603 0.00218961015343666 0.00175351905636489 -9999 -9999 -9999 -9999 -9999 -9999 -9999 -9999 -9999 -9999 -9999 -9999 -9999 -9999 -9999 -9999 -9999 -9999 -9999 -9999 -9999 -9999 -9999 -9999 -9999 -9999 -9999 -9999 -9999
0.019012525677681 0.0145824467763305 0.0133453272283077 0.012225778773427 0.0120837595313787 0.0108048878610134 0.0105439759790897 0.0095151262357831 0.00862198229879141 0.00809741113334894 0.00729000614956021 0.00733176013454795 0.00673856399953365 0.00643701571971178 0.0059002498164773 0.00536476448178291 0.00478619057685137 0.00422701891511679 0.00431064749136567 0.00382376369088888 0.00367188733071089 0.0033567501232028 0.00310792773962021 0.00320372846908867 0.00666985008865595 0.00260772556066513 0.00181640102528036 0.00145720702130347 0.00117543328087777 -9999 -9999 -9999 -9999 -9999 -9999 -9999 -9999 -9999 -9999 -9999 -9999 -9999 -9999 -9999 -9999 -9999 -9999 -9999 -9999 -9999 -9999 -9999 -9999 -9999 -9999 -9999 -9999 -9999
0.0145830810070038 0.0129906916990876 0.0123958634212613 0.0117679657414556 0.0107599589973688 0.00992990005761385 0.00995113980025053 0.00986120104789734 0.00909586530178785 0.0085614463314414 0.0073857931420207 0.00703725684434175 0.00668466417118907 0.0101743908599019 0.00528382603079081 0.0046679899096489 0.00421466864645481 0.0037160029169172 0.00336439604870975 0.00327676348388195 0.0030551531817764 0.00296123838052154 0.00288192764855921 0.00267663388513029 0.00236605131067336 0.0016512650763616 0.00115619075950235 0.00095271336613223 -9999 -9999 -9999 -9999 -9999 -9999 -9999 -9999 -9999 -9999 -9999 -9999 -9999 -9999 -9999 -9999 -9999 -9999 -9999 -9999 -9999 -9999 -9999 -9999 -9999 -9999 -9999 -9999 -9999 -9999
0.0129688493907452 0.012000490911305 0.0117102498188615 0.0109062921255827 0.0102696847170591 0.0104646254330873 0.0103115076199174 0.00952576100826263 0.00920553039759398 0.00806718226522207 0.0072116949595511 0.00704065803438425 0.00623419601470232 0.00549622531980276 0.00487097771838307 0.00404206896200776 0.003486790927127 0.00346480519510806 0.00306625058874488 0.00290797115303576 0.00293987127952278 0.00291956006549299 0.00268881232477725 0.00218893028795719 0.00162838096730411 0.00115542917046696 0.000904328713659197 -9999 -9999 -9999 -9999 -9999 -9999 -9999 -9999 -9999 -9999 -9999 -9999 -9999 -9999 -9999 -9999 -9999 -9999 -9999 -9999 -9999 -9999 -9999 -9999 -9999 -9999 -9999 -9999 -9999 -9999 -9999
0.0122208166867495 0.0117571381852031 0.0112895043566823 0.0108046783134341 0.0104285757988691 0.0105723738670349 0.0100858137011528 0.00978214666247368 0.00897277146577835 0.0075443908572197 0.00674545438960195 0.00666807498782873 0.00602525053545833 0.00476448703557253 0.00422872370108962 0.00368030974641442 0.00308049446903169 0.00331816961988807 0.00322867883369327 0.00305141066201031 0.00297117815352976 0.00297138933092356 0.00270972750149667 0.001622847863473 0.0010620184475556 0.000801640271674842 0.000658611883409321 -9999 -9999 -9999 -9999 -9999 -9999 -9999 -9999 -9999 -9999 -9999 -9999 -9999 -9999 -9999 -9999 -9999 -9999 -9999 -9999 -9999 -9999 -9999 -9999 -9999 -9999 -9999 -9999 -9999 -9999 -9999
0.0124028557911515 0.0123518072068691 0.0116092134267092 0.0113644953817129 0.0110645145177841 0.0107507556676865 0.0102094998583198 0.00957350619137287 0.00830151978880167 0.0070809917524457 0.00640606554225087 0.00581247685477138 0.00486034154891968 0.00413651159033179 0.00383269204758108 0.00315997772850096 0.00305202370509505 0.00325746368616819 0.00328079960308969 0.00401772605255246 0.00291264755651355 0.00236564106307924 0.00159176916349679 0.001066540251486 0.000717103423085064 0.000589047733228654 -9999 -9999 -9999 -9999 -9999 -9999 -9999 -9999 -9999 -9999 -9999 -9999 -9999 -9999 -9999 -9999 -9999 -9999 -9999 -9999 -9999 -9999 -9999 -9999 -9999 -9999 -9999 -9999 -9999 -9999 -9999 -9999
0.0128537677228451 0.0122977336868644 0.0117944926023483 0.0110540650784969 0.0135312015190721 0.010955611243844 0.00941058434545994 0.00819688942283392 0.00787413399666548 0.00684688752517104 0.005519047845155 0.00541439466178417 0.00417020684108138 0.00358844501897693 0.00335691682994366 0.00298340572044253 0.00325369578786194 0.0145147265866399 0.0195336882025003 0.00294795166701078 0.00213636783882976 0.00139517767820507 0.000993639114312828 0.000792926934082061 0.000619394413661212 -9999 -9999 -9999 -9999 -9999 -9999 -9999 -9999 -9999 -9999 -9999 -9999 -9999 -9999 -9999 -9999 -9999 -9999 -9999 -9999 -9999 -9999 -9999 -9999 -9999 -9999 -9999 -9999 -9999 -9999 -9999 -9999 -9999
0.0131954466924071 0.0122250383719802 0.0114593282341957 0.0108846863731742 0.0109572475776076 0.0101156383752823 0.00875838939100504 0.00784873869270086 0.00749510852620006 0.0063609890639782 0.00522389961406589 0.00464645819738507 0.00385172548703849 0.00300973141565919 0.00294173788279295 0.00328522478230298 0.0153862936422229 0.0218358766287565 0.00552638294175267 0.00254226732067764 0.0012779978569597 0.000950203859247267 0.000764620897825807 0.000629268703050911 0.000543897447641939 -9999 -9999 -9999 -9999 -9999 -9999 -9999 -9999 -9999 -9999 -9999 -9999 -9999 -9999 -9999 -9999 -9999 -9999 -9999 -9999 -9999 -9999 -9999 -9999 -9999 -9999 -9999 -9999 -9999 -9999 -9999 -9999 -9999
0.0126584181562066 0.0116163697093725 0.0115702822804451 0.0106057552620769 0.0103303100913763 0.00913664139807224 0.00826936773955822 0.00765518471598625 0.00696614105254412 0.00581551436334848 0.00468683987855911 0.00412926031276584 0.00346374465152621 0.00317793851718307 0.00323510495945811 0.00519112590700388 0.00334330229088664 0.00303178699687123 0.00240436638705432 0.00145752693060786 0.00086861866293475 0.00069183815503493 0.000626033812295645 0.000573407451156527 -9999 -9999 -9999 -9999 -9999 -9999 -9999 -9999 -9999 -9999 -9999 -9999 -9999 -9999 -9999 -9999 -9999 -9999 -9999 -9999 -9999 -9999 -9999 -9999 -9999 -9999 -9999 -9999 -9999 -9999 -9999 -9999 -9999 -9999
0.0116188125684857 0.0113728102296591 0.0453811846673489 0.00972587149590254 0.00896194856613874 0.00889389123767614 0.00767231918871403 0.00656477594748139 0.00661572767421603 0.00536872772499919 0.00415393523871899 0.00385856861248612 0.00328502897173166 0.00313149765133858 0.00704174907878041 0.0181508734822273 0.00297069572843611 0.00253483047708869 0.00161055393982679 0.000963169790338725 0.000707402534317225 0.000635937496554106 0.000618374790064991 -9999 -9999 -9999 -9999 -9999 -9999 -9999 -9999 -9999 -9999 -9999 -9999 -9999 -9999 -9999 -9999 -9999 -9999 -9999 -9999 -9999 -9999 -9999 -9999 -9999 -9999 -9999 -9999 -9999 -9999 -9999 -9999 -9999 -9999 -9999
0.0111370841041207 0.0110638979822397 0.019927866756916 0.00904683023691177 0.00815653335303068 0.00793210975825787 0.00706614693626761 0.00599111523479223 0.00549095403403044 0.00462355138733983 0.00343894399702549 0.00323911500163376 0.00306332390755415 0.00287522026337683 0.0028083729557693 0.00272505055181682 0.00208696001209319 0.00129987357649952 0.000916713441256434 0.000670445384457707 0.000607448630034924 0.000579547486267984 -9999 -9999 -9999 -9999 -9999 -9999 -9999 -9999 -9999 -9999 -9999 -9999 -9999 -9999 -9999 -9999 -9999 -9999 -9999 -9999 -9999 -9999 -9999 -9999 -9999 -9999 -9999 -9999 -9999 -9999 -9999 -9999 -9999 -9999 -9999 -9999
0.0102511048316956 0.0100730061531067 0.00931408442556858 0.0079887555912137 0.00737058836966753 0.00702458806335926 0.00606979615986347 0.00565037084743381 0.00486328219994903 0.00368876429274678 0.00295705744065344 0.002682875841856 0.0028278527315706 0.00282673025503755 0.002307582879439 0.00189264200162143 0.00121209933422506 0.000812176847830415 0.000603268097620457 0.00051038310630247 0.000557641324121505 -9999 -9999 -9999 -9999 -9999 -9999 -9999 -9999 -9999 -9999 -9999 -9999 -9999 -9999 -9999 -9999 -9999 -9999 -9999 -9999 -9999 -9999 -9999 -9999 -9999 -9999 -9999 -9999 -9999 -9999 -9999 -9999 -9999 -9999 -9999 -9999 -9999
