Results/RCP8.5.asc
NCOLS 581 
NROWS 855 
XLLCORNER -74.916666667 
YLLCORNER -55.833333333 
CELLSIZE 0.0833333333339071 
NODATA_value -9999 
[rows 25 to 49 of 855, columns 116 to 173 of 581]
4.81650275219181e-09 4.9101571697463e-09 6.5690248796102e-09 8.15808931520223e-09 9.29730958887376e-09 1.19891208072431e-08 1.30233850370587e-08 1.52599017866351e-08 1.63128301977622e-08 1.82215060817725e-08 1.88980706639086e-08 2.57293937266923e-08 3.03011020719168e-08 4.21191401756005e-08 6.18977580302271e-08 9.99839357973542e-08 3.21205078535058e-07 1.09326515485009e-06 1.14514023152879e-05 5.60973130632192e-05 4.47777310910169e-05 5.53749887330923e-05 8.45921022119001e-05 -9999 -9999 -9999 -9999 -9999 -9999 -9999 -9999 -9999 -9999 -9999 -9999 -9999 -9999 -9999 -9999 -9999 -9999 -9999 -9999 -9999 -9999 -9999 -9999 -9999 -9999 -9999 -9999 -9999 -9999 -9999 -9999 -9999 -9999 -9999
5.44350076125966e-09 5.05926989191607e-09 5.46520739774792e-09 7.46768868964409e-09 8.77921202402376e-09 1.19610241711143e-08 1.30631203631992e-08 1.30199779846407e-08 1.65609428393054e-08 1.8703882886939e-08 1.76667054319068e-08 2.22501039814915e-08 2.74103975073103e-08 3.49202196048282e-08 5.6758107547239e-08 1.6213263620557e-07 5.16763407176768e-07 1.34915410399117e-06 6.46199532639002e-06 5.0553644541651e-05 7.1067588578444e-05 5.68744399060961e-05 6.68732318445109e-05 0.00010438849858474 -9999 -9999 -9999 -9999 -9999 -9999 -9999 -9999 -9999 -9999 -9999 -9999 -9999 -9999 -9999 -9999 -9999 -9999 -9999 -9999 -9999 -9999 -9999 -9999 -9999 -9999 -9999 -9999 -9999 -9999 -9999 -9999 -9999 -9999
5.43413625209155e-09 5.36735633716034e-09 5.32757704618803e-09 7.17977499675726e-09 9.74503944206617e-09 1.00716084361352e-08 1.20659091606967e-08 1.20825065508257e-08 1.31023671912089e-08 1.47826559881992e-08 1.50840282486797e-08 1.66119935585129e-08 1.89402893369106e-08 2.62920814009249e-08 5.79132226619095e-08 1.35169784698519e-07 3.11386600060359e-07 8.7844904328449e-07 1.05581912066555e-05 0.000111298097181134 0.000153670742292888 5.04324561916292e-05 5.33067868673243e-05 8.97796053322963e-05 -9999 -9999 -9999 -9999 -9999 -9999 -9999 -9999 -9999 -9999 -9999 -9999 -9999 -9999 -9999 -9999 -9999 -9999 -9999 -9999 -9999 -9999 -9999 -9999 -9999 -9999 -9999 -9999 -9999 -9999 -9999 -9999 -9999 -9999
4.9068749063963e-09 5.51456214026302e-09 6.14654904751433e-09 7.67421681757696e-09 8.92800233742719e-09 1.2059540033249e-08 1.14311520249544e-08 1.24069252649406e-08 1.50164343182269e-08 1.78870003253451e-08 1.72378538110252e-08 2.03787369201791e-08 2.30373764509295e-08 3.12240189259683e-08 5.03935275730782e-08 7.71058452642137e-08 1.49663250681442e-07 4.61395671891296e-07 4.08531423090608e-06 5.99923441768624e-05 0.000401848432375118 5.91464449826162e-05 4.69291044282727e-05 7.80806803959422e-05 -9999 -9999 -9999 -9999 -9999 -9999 -9999 -9999 -9999 -9999 -9999 -9999 -9999 -9999 -9999 -9999 -9999 -9999 -9999 -9999 -9999 -9999 -9999 -9999 -9999 -9999 -9999 -9999 -9999 -9999 -9999 -9999 -9999 -9999
4.21657020410748e-09 4.95427654456648e-09 5.60086466094845e-09 6.32838403902269e-09 7.07074709893618e-09 1.32625013193888e-08 1.56402943929379e-08 1.37250975029701e-08 1.43990188661292e-08 1.50719650093833e-08 1.76823249375957e-08 1.98489775726785e-08 2.29465531020878e-08 3.04235001635789e-08 4.61678695273804e-08 7.64279306508797e-08 1.93621431776592e-07 5.57731482331292e-07 2.78234870165761e-06 4.51734922535252e-05 0.000232981372391805 6.4882289734669e-05 3.91823377867695e-05 5.85766865697224e-05 0.000106034603959415 -9999 -9999 -9999 -9999 -9999 -9999 -9999 -9999 -9999 -9999 -9999 -9999 -9999 -9999 -9999 -9999 -9999 -9999 -9999 -9999 -9999 -9999 -9999 -9999 -9999 -9999 -9999 -9999 -9999 -9999 -9999 -9999 -9999
3.4039153717913e-09 3.84333365133216e-09 4.44059056192714e-09 5.46771872222962e-09 6.11979844578059e-09 8.15160117184632e-09 1.37941000843966e-08 1.45259226869143e-08 1.16567981933713e-08 1.44567273707707e-08 1.91959408368803e-08 2.09435793152579e-08 2.76044804792264e-08 3.02830578391422e-08 4.57053523916784e-08 1.02612233376931e-07 3.98397816070428e-07 1.60594572662376e-06 5.35203480467317e-06 3.67748252756428e-05 9.7769167041406e-05 4.7828201786615e-05 4.82275972899515e-05 6.19712227489799e-05 7.18106239219196e-05 -9999 -9999 -9999 -9999 -9999 -9999 -9999 -9999 -9999 -9999 -9999 -9999 -9999 -9999 -9999 -9999 -9999 -9999 -9999 -9999 -9999 -9999 -9999 -9999 -9999 -9999 -9999 -9999 -9999 -9999 -9999 -9999 -9999
2.50081844122008e-09 3.01510549860495e-09 3.27714211323382e-09 4.41282033136758e-09 5.49986500786304e-09 5.87297765974881e-09 6.99015068050812e-09 7.91121035348397e-09 9.23926712914636e-09 1.10628226579479e-08 1.28387132036778e-08 1.83769746087137e-08 2.24829115325065e-08 2.60855461675646e-08 5.3677627676052e-08 1.31129169744781e-07 1.89029847774691e-07 7.61399689963582e-07 3.16801833832869e-06 2.77609397016931e-05 0.00013975719048176 7.29743260308169e-05 4.44969082309399e-05 4.09323038184084e-05 1.21380298878648e-05 4.5106509105608e-07 -9999 -9999 -9999 -9999 -9999 -9999 -9999 -9999 -9999 -9999 -9999 -9999 -9999 -9999 -9999 -9999 -9999 -9999 -9999 -9999 -9999 -9999 -9999 -9999 -9999 -9999 -9999 -9999 -9999 -9999 -9999 -9999
1.91331617216406e-09 2.20010898388523e-09 2.50482612429437e-09 3.612437682321e-09 4.79769379779782e-09 5.40536904125588e-09 6.13810113847535e-09 6.4490226492353e-09 6.83265755085927e-09 7.2611596735328e-09 9.23163767652113e-09 1.45514240657008e-08 1.72558412003809e-08 2.28188277162644e-08 3.46082202895559e-08 5.28964534396437e-08 8.59689421872645e-08 3.4943178661706e-07 2.39212999986194e-06 2.27738546527689e-05 0.000125547783682123 6.86427520122379e-05 4.8970956413541e-05 2.86618051177356e-05 3.24577604260412e-06 6.86199896904327e-08 -9999 -9999 -9999 -9999 -9999 -9999 -9999 -9999 -9999 -9999 -9999 -9999 -9999 -9999 -9999 -9999 -9999 -9999 -9999 -9999 -9999 -9999 -9999 -9999 -9999 -9999 -9999 -9999 -9999 -9999 -9999 -9999
1.75983405625857e-09 2.00026084584692e-09 2.41007169776708e-09 3.09856673652575e-09 3.99552479990462e-09 4.88799756226399e-09 5.38099964586536e-09 5.66004132451781e-09 5.91618753986722e-09 6.4648655317967e-09 7.07814296063702e-09 7.80297959579457e-09 1.14564127073891e-08 8.41753156066716e-09 2.07490487014184e-08 4.93459459960377e-08 1.68292473290421e-07 9.04064563655993e-07 4.65142602479318e-06 2.07819030038081e-05 5.5582193454029e-05 5.60543630854227e-05 2.91494761768263e-05 1.0838335583685e-05 6.66718733555172e-07 3.14462447192909e-08 1.89753972534845e-08 -9999 -9999 -9999 -9999 -9999 -9999 -9999 -9999 -9999 -9999 -9999 -9999 -9999 -9999 -9999 -9999 -9999 -9999 -9999 -9999 -9999 -9999 -9999 -9999 -9999 -9999 -9999 -9999 -9999 -9999 -9999
1.69913383363252e-09 1.82367965173569e-09 1.87838766763093e-09 2.90500312694064e-09 2.97914626301576e-09 3.76155373515985e-09 4.54867965515859e-09 4.56492532663333e-09 4.50936976648109e-09 5.11968156757803e-09 5.79049119764363e-09 6.35614627597647e-09 6.82941614371657e-09 6.62452537270042e-09 9.33252852775013e-09 3.19368567147649e-08 6.83738718976201e-08 2.90083875142955e-07 3.42567795996729e-06 2.3645639885217e-05 5.38994463568088e-05 2.91205797111616e-05 4.21925233240472e-06 3.37585390752793e-07 3.37096572877726e-08 1.19213137139695e-08 1.19678977839044e-08 -9999 -9999 -9999 -9999 -9999 -9999 -9999 -9999 -9999 -9999 -9999 -9999 -9999 -9999 -9999 -9999 -9999 -9999 -9999 -9999 -9999 -9999 -9999 -9999 -9999 -9999 -9999 -9999 -9999 -9999 -9999
1.66970426374036e-09 1.72729897052193e-09 1.71551861605224e-09 2.02643635205391e-09 2.75240852332104e-09 4.86109863473416e-09 3.90762178170689e-09 3.31667404651625e-09 3.57553853191916e-09 3.5274210219427e-09 3.99270483342207e-09 4.2322332305389e-09 4.50817339014975e-09 5.33977040362288e-09 7.15085324287656e-09 1.14264269157616e-08 3.6873895936651e-08 2.71254549488731e-07 4.62195112049812e-06 5.7077417295659e-05 0.000155024215928279 7.95074356574332e-06 3.83662438707688e-07 1.65965143850144e-08 9.36907795789921e-09 9.80302505837471e-09 9.89392567873892e-09 1.00435357808237e-08 -9999 -9999 -9999 -9999 -9999 -9999 -9999 -9999 -9999 -9999 -9999 -9999 -9999 -9999 -9999 -9999 -9999 -9999 -9999 -9999 -9999 -9999 -9999 -9999 -9999 -9999 -9999 -9999 -9999 -9999
2.00445526843396e-09 1.74694925192398e-09 1.92531590670342e-09 2.06738537400497e-09 2.44685205430528e-09 4.03011579663826e-09 5.52872503334356e-09 6.13712991537341e-09 1.55318833350293e-08 3.90753962520307e-09 3.70407149397067e-09 4.02243438557548e-09 4.21797796690271e-09 4.51781101418192e-09 5.52502843476077e-09 6.41652597721531e-09 1.00393524604669e-08 3.35107841920035e-07 1.25706137623638e-05 0.000188005506061018 0.000222210292122327 8.47052888275357e-07 4.78098236555979e-08 1.24828885006423e-08 9.56355172831991e-09 1.02996375872522e-08 9.95515847534989e-09 1.00299830663175e-08 -9999 -9999 -9999 -9999 -9999 -9999 -9999 -9999 -9999 -9999 -9999 -9999 -9999 -9999 -9999 -9999 -9999 -9999 -9999 -9999 -9999 -9999 -9999 -9999 -9999 -9999 -9999 -9999 -9999 -9999
3.64290486665197e-09 3.07476577532384e-09 3.2804818861365e-09 3.22529913887593e-09 3.18910764462998e-09 3.22845283839968e-09 4.29887858643951e-09 1.23715402366997e-08 3.84433995748168e-08 5.41808686804757e-09 5.51363710243891e-09 4.98020291672674e-09 5.33405097868922e-09 5.14475928525826e-09 5.32463673152961e-09 6.11042771936354e-09 9.11921560486917e-09 1.5959061556714e-06 0.000191954633919522 0.000402339268475771 0.00011660042218864 6.36204546822228e-08 1.81965518208926e-08 1.5109620221665e-08 9.9276347143018e-09 9.31810806292788e-09 9.3924903410425e-09 9.5725685156367e-09 9.40676692096076e-09 -9999 -9999 -9999 -9999 -9999 -9999 -9999 -9999 -9999 -9999 -9999 -9999 -9999 -9999 -9999 -9999 -9999 -9999 -9999 -9999 -9999 -9999 -9999 -9999 -9999 -9999 -9999 -9999 -9999
1.87014528307827e-08 6.32107832743145e-09 9.10575348456177e-09 6.13413764227744e-09 5.07925435044854e-09 4.68393723807026e-09 8.43149727813852e-09 1.46161170277992e-07 6.07601862157026e-08 3.5225365735414e-08 1.46538710055211e-08 7.52207984788811e-09 8.31367419351636e-09 7.15009784713061e-09 6.22987972320743e-09 8.10919065230564e-09 1.66471821216874e-07 3.59886107617058e-05 0.000273445155471563 0.000340926402714103 5.23913331562653e-06 2.75906053559538e-08 2.14715818458444e-08 1.52164059130655e-08 1.09031699224715e-08 8.64407478928797e-09 8.41391933903424e-09 8.63664251227192e-09 9.1416287872903e-09 9.16788334137664e-09 -9999 -9999 -9999 -9999 -9999 -9999 -9999 -9999 -9999 -9999 -9999 -9999 -9999 -9999 -9999 -9999 -9999 -9999 -9999 -9999 -9999 -9999 -9999 -9999 -9999 -9999 -9999 -9999
8.01156261331926e-08 2.69273016328953e-07 3.21745716291844e-07 5.21739345060723e-08 1.73196355035543e-08 3.93239645291033e-08 2.20481098267555e-07 2.11854739973205e-06 5.41884764970746e-06 3.80496430807398e-06 6.89494981997996e-07 6.65629158902448e-07 6.32858132121328e-07 2.00975421194016e-07 3.33325935741868e-08 2.82004953078285e-06 3.3003623229888e-06 0.000340945669449866 0.000444331904873252 6.95254202582873e-05 3.09846910795386e-07 3.69849360026819e-08 3.5537489395665e-08 2.4269684928413e-08 1.7641086813569e-08 1.1498349827832e-08 9.46171851978761e-09 9.11877151565932e-09 1.16255014503963e-08 1.15887175411444e-08 -9999 -9999 -9999 -9999 -9999 -9999 -9999 -9999 -9999 -9999 -9999 -9999 -9999 -9999 -9999 -9999 -9999 -9999 -9999 -9999 -9999 -9999 -9999 -9999 -9999 -9999 -9999 -9999
8.13365517160491e-08 1.09924849311938e-06 2.66460756392917e-06 4.27001481284606e-07 4.46292034439466e-08 5.9250961470525e-08 4.33457927329073e-07 8.15888870420167e-06 2.57277661148692e-05 5.15049141540658e-05 2.98954128084006e-05 4.18504714616574e-05 6.23498126515187e-05 3.96228424506262e-05 1.19925180115388e-05 3.43887986673508e-05 0.000106014267657883 0.000480849645100534 0.000290089345071465 1.0858655514312e-05 1.51917816992864e-07 9.06907615672026e-08 1.49880762023713e-07 9.88349668773481e-08 5.69563347596613e-08 2.09221120428538e-08 2.42793092297688e-08 1.78886025992142e-08 1.53636374733424e-08 3.07508578600846e-08 9.84696768568938e-09 -9999 -9999 -9999 -9999 -9999 -9999 -9999 -9999 -9999 -9999 -9999 -9999 -9999 -9999 -9999 -9999 -9999 -9999 -9999 -9999 -9999 -9999 -9999 -9999 -9999 -9999 -9999
5.19082243854996e-09 9.7205351323737e-08 1.03248851246462e-06 1.2192930398669e-06 1.32877744363213e-06 2.66177409002921e-07 1.17158913326421e-06 4.80184316984378e-05 0.000103935177321546 0.00014685960195493 0.00011569811613299 0.000646438740659505 0.0010753070237115 0.00115415453910828 0.000998660107143223 0.000788614328484982 0.000728068989701569 0.000276276492513716 1.57607919391012e-05 1.21299046895729e-06 4.61352925640313e-07 9.64799369285174e-07 1.44514365274517e-06 1.13304349724785e-06 6.63064213313191e-07 2.06959967385956e-07 1.02410538715958e-07 4.61997551326476e-08 2.03679544341639e-08 3.25671578593756e-08 3.37170185105151e-08 -9999 -9999 -9999 -9999 -9999 -9999 -9999 -9999 -9999 -9999 -9999 -9999 -9999 -9999 -9999 -9999 -9999 -9999 -9999 -9999 -9999 -9999 -9999 -9999 -9999 -9999 -9999
4.20012336022069e-09 1.59813055233826e-07 1.34823301323195e-06 3.06347737932811e-06 2.12761938200856e-06 6.51056723199872e-07 1.79588914761553e-05 0.00210876855999231 0.00982288643717766 0.0029936358332634 0.00142447534017265 0.00213129865005612 0.00178990059066564 0.00134557299315929 0.00109150900971144 0.000687203253619373 0.000330205337377265 6.46116750431247e-05 6.83183952787658e-06 2.10110329135205e-06 2.81693792203441e-06 5.46443470739177e-06 6.35150445305044e-06 8.19724027678603e-06 7.42204383641365e-06 2.3952534320415e-06 2.44804459725856e-06 9.79619244390051e-07 3.91311459679855e-07 2.72232000497752e-07 2.42305219444461e-07 2.31279628337688e-07 -9999 -9999 -9999 -9999 -9999 -9999 -9999 -9999 -9999 -9999 -9999 -9999 -9999 -9999 -9999 -9999 -9999 -9999 -9999 -9999 -9999 -9999 -9999 -9999 -9999 -9999
4.9622168596386e-09 1.48646634556826e-07 5.66395374335116e-06 2.38023894780781e-05 1.57802223839099e-05 3.18615798278188e-06 2.0818368284381e-05 0.00109991175122559 0.00288457539863884 0.00308681232854724 0.00374884530901909 0.00206110859289765 0.00167144532315433 0.0011851122835651 0.000747339392546564 0.00042657891754061 0.000125847844174132 2.2341435396811e-05 1.2047808013449e-05 1.24621865325025e-05 1.82689182111062e-05 2.06645363505231e-05 2.19825524254702e-05 2.45891551458044e-05 2.3336235244642e-05 1.66188910952769e-05 1.83921238203766e-05 1.53738819790306e-05 8.53108849696582e-06 4.06972958444385e-06 2.62856792687671e-06 3.01625095744384e-06 2.73237475312271e-07 -9999 -9999 -9999 -9999 -9999 -9999 -9999 -9999 -9999 -9999 -9999 -9999 -9999 -9999 -9999 -9999 -9999 -9999 -9999 -9999 -9999 -9999 1.25025155739422e-06 1.45353749303467e-06 1.50195046444423e-06
5.52948531407083e-09 2.24076721622168e-08 7.44672320251993e-07 1.5371864719782e-05 0.00016397115541622 2.07080302061513e-05 5.14740213475307e-06 3.48726825905032e-05 9.70768451225013e-05 0.00086584163364023 0.00368784205056727 0.00194807606749237 0.00150523637421429 0.000846135022584349 0.000547165225725621 0.000279358762782067 0.000124245256301947 6.79810036672279e-05 6.44973988528363e-05 6.4501837186981e-05 6.80316516081803e-05 6.90448141540401e-05 6.25371394562535e-05 5.10809040861204e-05 5.47763593203854e-05 4.68933649244718e-05 4.16298425989226e-05 2.61396235146094e-05 2.3398384655593e-05 2.14303126995219e-05 1.73195239767665e-05 4.00525677832775e-05 1.13312589746783e-05 3.20475896842254e-06 4.38145707448712e-06 -9999 -9999 -9999 -9999 -9999 -9999 -9999 -9999 -9999 -9999 -9999 -9999 -9999 -9999 -9999 -9999 5.41017811883648e-07 1.77482050389699e-07 3.95022453858473e-07 6.89269313625118e-07 3.27806833411159e-06 2.45764454120945e-06 2.6440297915542e-06
8.15615663896097e-08 8.27223587407389e-08 8.66641869379237e-08 3.82203961635241e-06 4.60188166471198e-05 3.00948740914464e-05 1.27994317153934e-05 1.37986135086976e-05 3.87985528504942e-05 0.000211578793823719 0.00152436282951385 0.0019218297675252 0.00114244117867202 0.000711797678377479 0.000568434537854046 0.000528692733496428 0.000550634635146707 0.000719375733751804 0.000711563101503998 0.000533217680640519 0.000853999459650367 0.000720966258086264 0.000380897225113586 0.000269264273811132 0.00028278524405323 0.000261361710727215 0.000151401764014736 8.48089111968875e-05 9.95529189822264e-05 7.68446334404871e-05 7.34370114514604e-05 0.000100417564681266 7.86851087468676e-05 3.71038913726807e-05 2.18765453610104e-05 1.29542759168544e-05 -9999 -9999 -9999 -9999 -9999 -9999 -9999 -9999 -9999 -9999 1.47285200000624e-05 9.775488251762e-06 5.96640802541515e-06 3.92238780477783e-06 7.74346699472517e-06 7.91171623859555e-06 3.86462534152088e-06 3.54317762685241e-06 3.65603068530618e-06 8.04019327915739e-06 5.73740226172959e-06 4.03015883421176e-06
1.38138534566679e-06 1.75196942109324e-06 1.47642185766017e-06 5.60931312065804e-06 3.27933303196914e-05 3.68642213288695e-05 4.3435280531412e-05 8.73774915817194e-05 0.000116872659418732 0.000273064681096002 0.000925354019273072 0.00154313049279153 0.00109287037048489 0.00153434358071536 0.00168941752053797 0.00197359989397228 0.00282193743623793 0.0026512595359236 0.00252930517308414 0.00260543473996222 0.00227761501446366 0.00197637639939785 0.0019285153830424 0.00132351566571742 0.00108334480319172 0.000928129651583731 0.000592446187511086 0.000238334454479627 0.000188738296856172 0.000230555990128778 0.000248924508923665 0.000188145131687634 0.0001617794187041 0.000126566665130667 5.91061980230734e-05 3.58532306563575e-05 2.65906146523776e-05 1.20378736028215e-05 5.32810281583806e-06 5.07560162077425e-06 2.38702486967668e-05 9.35331481741741e-05 0.00011042181722587 0.000131077074911445 0.000112706162326504 6.73351823934354e-05 4.87741272081621e-05 4.65826233266853e-05 4.44975448772311e-05 6.52732778689824e-05 6.85809063725173e-05 0.00012691889423877 9.47164444369264e-05 6.28932612016797e-05 3.60697049472947e-05 1.29180689327768e-05 8.19243632577127e-06 5.48583739146125e-06
2.02082155738026e-05 7.32821172277909e-06 9.36662581807468e-06 1.43502966238884e-05 2.94104265776696e-05 6.20796563453041e-05 0.000160096300533041 0.000408191932365298 0.000558483006898314 0.000774955144152045 0.00105663691647351 0.00228126626461744 0.00359144271351397 0.00382183538749814 0.00418834434822202 0.00385651574470103 0.0035304247867316 0.00310489512048662 0.0031132590956986 0.00301887537352741 0.00303453276865184 0.00307734194211662 0.00280417897738516 0.00247370707802474 0.00174066540785134 0.00141502183396369 0.000831830431707203 0.000621000654064119 0.000555784325115383 0.000635980104561895 0.000582924112677574 0.000497239467222244 0.00041626620804891 0.000348219560692087 0.000284586771158502 0.000154918307089247 0.000109150503703859 6.49967842036858e-05 5.16035761393141e-05 7.68414174672216e-05 0.000162689641001634 0.000204548210604116 0.000280835112789646 0.000287096831016243 0.000285448419163004 0.000331520743202418 0.000254107697401196 0.000251398829277605 0.000389812747016549 0.000381510093575343 0.000433895271271467 0.000570486939977854 0.000534857215825468 0.000418214884120971 7.29507009964436e-05 2.46774725383148e-05 4.58534077552031e-06 1.19804076348373e-06
0.000259148655459285 8.04652299848385e-05 6.50313886580989e-05 7.07640865584835e-05 7.82277929829434e-05 0.000187267316505313 0.000589917995966971 0.0012001630384475 0.00166006910149008 0.00216965586878359 0.00324207288213074 0.00573794730007648 0.00602804776281118 0.00550926569849253 0.00518245855346322 0.0050555756315589 0.00571526866406202 0.00749833742156625 0.00944588612765074 0.00489808619022369 0.00613061478361487 0.00444401009008288 0.00320018664933741 0.00304502178914845 0.00290370965376496 0.0027114434633404 0.00145571725443006 0.000843517598696053 0.000660731224343181 0.000620576611254364 0.000562044151593 0.000488177873194218 0.000379653240088373 0.000329781323671341 0.000294542318442836 0.000205560616450384 0.000164862634846941 0.000140031770570204 0.000120293458166998 0.000110969442175701 0.000142967532156035 0.000168231679708697 0.000197453322471119 0.000270053977146745 0.000321510597132146 0.000337025674525648 0.00047052264562808 0.000461906427517533 0.000505648029502481 0.000804077775683254 0.000922045903280377 0.0011079782852903 0.00108241871930659 0.000778635090682656 0.00011379493662389 8.78089049365371e-05 7.67194214859046e-05 6.07277343078749e-06
0.000833825033623725 0.000533031765371561 0.000416221941122785 0.00031803865567781 0.000301103573292494 0.000642230501398444 0.0018033143132925 0.00341241247951984 0.00472629349678755 0.0056461850181222 0.00751497922465205 0.00795110128819942 0.00732871145009995 0.00680264504626393 0.00654742587357759 0.0140066696330905 0.0120481057092547 0.00939929205924273 0.00817794911563396 0.00599031336605549 0.00545298028737307 0.00729354890063405 0.00696599716320634 0.00791459903120995 0.012165192514658 0.0176265388727188 0.00685612205415964 0.00181248341687024 0.000913165567908436 0.000661350670270622 0.000544299371540546 0.000461595860542729 0.00034328326000832 0.000284517533145845 0.000207705292268656 0.000151828367961571 0.000122332479804754 8.27669355203398e-05 6.36297627352178e-05 6.07666297582909e-05 7.95069427113049e-05 0.000102580212114844 0.000129773587104864 0.000160853713168763 0.000195631990209222 0.000220558547880501 0.000273858662694693 0.000367250642739236 0.0004101489612367 0.000362625869456679 0.000625871180091053 0.00117258017417043 0.000972264388110489 0.00169778289273381 0.0007401462062262 0.000584939960390329 0.000100636279967148 8.55751422932371e-05
