G_variables/Set1/2.6/SSSmean.asc
NCOLS 581 
NROWS 855 
XLLCORNER -74.9166666666667 
YLLCORNER -55.8333333333333 
CELLSIZE 0.0833333333333333 
NODATA_value -9999 
[rows 567 to 593 of 855, columns 244 to 304 of 581]
-9999 -9999 -9999 -9999 -9999 -9999 -9999 -9999 -9999 -9999 -9999 -9999 -9999 -9999 -9999 -9999 -9999 -9999 -9999 -9999 -9999 -9999 -9999 -9999 -9999 -9999 -9999 32.4015731811523 32.3209342956543 32.4194869995117 -9999 32.4789352416992 32.4571800231934 32.4416809082031 32.6811485290527 32.7706832885742 32.9052276611328 32.9971389770508 33.2199401855469 33.5648231506348 33.6602363586426 33.9653625488281 34.1453170776367 34.1900978088379 34.3565635681152 34.4548263549805 34.4881935119629 34.6766586303711 34.8214874267578 34.8864593505859 35.167064666748 35.4255828857422 35.5209350585938 35.8231544494629 36.0783958435059 36.1465835571289 36.3346672058105 36.4833488464355 36.5146865844727 36.5946083068848 36.6501312255859
-9999 -9999 -9999 -9999 -9999 -9999 -9999 -9999 -9999 -9999 -9999 -9999 -9999 -9999 -9999 -9999 -9999 -9999 -9999 -9999 -9999 -9999 -9999 -9999 -9999 -9999 -9999 -9999 32.3876419067383 32.3841590881348 32.4022789001465 32.4623565673828 32.409236907959 32.2840995788574 32.3304252624512 32.7634010314941 32.9912643432617 33.0815963745117 33.4447441101074 33.7142143249512 33.9205551147461 34.1096382141113 34.2475051879883 34.343189239502 34.4266510009766 34.5177116394043 34.5895957946777 34.6669311523438 34.8137855529785 34.9462280273438 35.1676559448242 35.4443283081055 35.6419563293457 35.9068336486816 36.130500793457 36.2731628417969 36.425178527832 36.5146942138672 36.5818290710449 36.63427734375 36.6556396484375
-9999 -9999 -9999 -9999 -9999 -9999 -9999 -9999 -9999 -9999 -9999 -9999 -9999 -9999 -9999 -9999 -9999 -9999 -9999 -9999 -9999 -9999 -9999 -9999 -9999 -9999 -9999 -9999 32.4016189575195 32.3692817687988 32.366943359375 32.5173797607422 32.4281196594238 32.3188018798828 32.371997833252 32.811092376709 32.9862251281738 33.1761283874512 33.5050964355469 33.8495864868164 33.9809341430664 34.1421966552734 34.3143997192383 34.382682800293 34.4498176574707 34.5680389404297 34.6290626525879 34.6862449645996 34.8492736816406 34.9820442199707 35.1869850158691 35.4827156066895 35.6747932434082 35.923511505127 36.1635284423828 36.2941932678223 36.4375839233398 36.5427093505859 36.5866355895996 36.639705657959 36.6690139770508
-9999 -9999 -9999 -9999 -9999 -9999 -9999 -9999 -9999 -9999 -9999 -9999 -9999 -9999 -9999 -9999 -9999 -9999 -9999 -9999 -9999 -9999 -9999 -9999 -9999 -9999 -9999 -9999 -9999 32.3735733032227 32.3564071655273 32.4944114685059 32.5906524658203 32.6405563354492 32.7080841064453 32.9031944274902 33.2309188842773 33.3357048034668 33.7001686096191 33.933219909668 34.0027503967285 34.2155876159668 34.3632659912109 34.3982963562012 34.5222358703613 34.6196632385254 34.6488571166992 34.8035621643066 34.9686546325684 35.0332489013672 35.2977752685547 35.5652503967285 35.6584281921387 35.939510345459 36.1929740905762 36.256908416748 36.4164199829102 36.5495452880859 36.5743522644043 36.6246032714844 36.6586990356445
-9999 -9999 -9999 -9999 -9999 -9999 -9999 -9999 -9999 -9999 -9999 -9999 -9999 -9999 -9999 -9999 -9999 -9999 -9999 -9999 -9999 -9999 -9999 -9999 -9999 -9999 -9999 -9999 32.39013671875 32.3475761413574 32.2484397888184 32.2834167480469 32.6122436523438 32.7962684631348 32.8628234863281 33.1188888549805 33.3469009399414 33.5894737243652 33.8114395141602 33.99462890625 34.1504592895508 34.30029296875 34.3833351135254 34.4593124389648 34.555362701416 34.6210594177246 34.6788787841797 34.7878570556641 34.9235343933105 35.0541076660156 35.2851715087891 35.5435218811035 35.7338905334473 36.0024337768555 36.2224540710449 36.3540534973145 36.4953689575195 36.5727424621582 36.6208267211914 36.6515808105469 36.656810760498
-9999 -9999 -9999 -9999 -9999 -9999 -9999 -9999 -9999 -9999 -9999 -9999 -9999 -9999 -9999 -9999 -9999 -9999 -9999 -9999 -9999 -9999 -9999 -9999 -9999 -9999 -9999 32.4721870422363 32.4631118774414 32.375415802002 32.2853736877441 32.327392578125 32.6667556762695 32.8287200927734 32.9764747619629 33.1890602111816 33.5057258605957 33.6419906616211 33.8447532653809 34.0705146789551 34.1780776977539 34.3168678283691 34.421272277832 34.4809226989746 34.5667572021484 34.6422157287598 34.7045059204102 34.8000793457031 34.9464912414551 35.0734024047852 35.2957763671875 35.5679016113281 35.7491912841797 36.0095825195312 36.2364921569824 36.3615531921387 36.4999313354492 36.5847663879395 36.6173095703125 36.6498908996582 36.6577377319336
-9999 -9999 -9999 -9999 -9999 -9999 -9999 -9999 -9999 -9999 -9999 -9999 -9999 -9999 -9999 -9999 -9999 -9999 -9999 -9999 -9999 -9999 -9999 -9999 -9999 -9999 -9999 32.4357147216797 32.4579963684082 32.4967231750488 32.5739059448242 32.6268577575684 32.8040428161621 33.0498046875 33.1311912536621 33.4481010437012 33.6494255065918 33.7180824279785 33.9529876708984 34.1341743469238 34.1880912780762 34.3554306030273 34.4745826721191 34.5043601989746 34.6227073669434 34.7101898193359 34.7408103942871 34.9031295776367 35.0588531494141 35.1272735595703 35.3836402893066 35.6407814025879 35.7308235168457 36.0012054443359 36.2429237365723 36.3073577880859 36.454418182373 36.5750274658203 36.590950012207 36.6235580444336 36.6428451538086
-9999 -9999 -9999 -9999 -9999 -9999 -9999 -9999 -9999 -9999 -9999 -9999 -9999 -9999 -9999 -9999 -9999 -9999 -9999 -9999 -9999 -9999 -9999 -9999 -9999 -9999 32.4259948730469 32.3479118347168 32.3780136108398 32.5273971557617 32.7033309936523 32.7529373168945 32.9295425415039 33.1334648132324 33.3213272094727 33.4934501647949 33.6839065551758 33.8294219970703 34.0201301574707 34.1866683959961 34.2981796264648 34.4257736206055 34.5175018310547 34.5791435241699 34.6617851257324 34.7366676330566 34.7979393005371 34.9102249145508 35.0454521179199 35.1807098388672 35.4063377380371 35.6328315734863 35.8213233947754 36.0812149047852 36.2708625793457 36.400634765625 36.5344047546387 36.5888175964355 36.6203918457031 36.6417770385742 36.6381683349609
-9999 -9999 -9999 -9999 -9999 -9999 -9999 -9999 -9999 -9999 -9999 -9999 -9999 -9999 -9999 -9999 -9999 -9999 -9999 -9999 -9999 -9999 -9999 -9999 -9999 -9999 32.3831825256348 32.319522857666 32.399284362793 32.5569839477539 32.6904106140137 32.8197784423828 32.9724006652832 33.2365112304688 33.3650703430176 33.5158500671387 33.7283210754395 33.8638954162598 34.0391654968262 34.2267570495605 34.3269996643066 34.4406394958496 34.546745300293 34.6098480224609 34.6757621765137 34.7653541564941 34.8445930480957 34.9345932006836 35.0864143371582 35.2188148498535 35.4263916015625 35.6753273010254 35.8420677185059 36.0988616943359 36.3061752319336 36.4019966125488 36.535701751709 36.5983390808105 36.6155853271484 36.6401405334473 36.6350936889648
-9999 -9999 -9999 -9999 -9999 -9999 -9999 -9999 -9999 -9999 -9999 -9999 -9999 -9999 -9999 -9999 -9999 -9999 -9999 -9999 -9999 -9999 -9999 -9999 -9999 -9999 32.4875679016113 32.482780456543 32.5803565979004 32.7254257202148 32.8128433227539 32.8796501159668 33.1262016296387 33.3230133056641 33.3791389465332 33.6005668640137 33.8128089904785 33.8778266906738 34.0835342407227 34.2696952819824 34.3185539245605 34.4733467102051 34.5940246582031 34.624153137207 34.7496147155762 34.8504638671875 34.8862342834473 35.0624694824219 35.2239990234375 35.2860221862793 35.540355682373 35.7817077636719 35.8644332885742 36.1124420166016 36.3217315673828 36.3702087402344 36.4991569519043 36.5816040039062 36.5923881530762 36.6148872375488 36.6204986572266
-9999 -9999 -9999 -9999 -9999 -9999 -9999 -9999 -9999 -9999 -9999 -9999 -9999 -9999 -9999 -9999 -9999 -9999 -9999 -9999 -9999 -9999 -9999 -9999 -9999 32.5174102783203 32.5136375427246 32.507884979248 32.5610847473145 32.644401550293 32.810791015625 32.9576835632324 33.1285743713379 33.303596496582 33.4278526306152 33.6265907287598 33.8166847229004 33.9496574401855 34.1440353393555 34.2997665405273 34.402172088623 34.5296821594238 34.6201133728027 34.6812782287598 34.7812118530273 34.8735160827637 34.9417037963867 35.0780143737793 35.2378540039062 35.3637619018555 35.5848770141602 35.8124122619629 35.9849128723145 36.2037773132324 36.3654899597168 36.479076385498 36.5664558410645 36.5920333862305 36.6171379089355 36.6222953796387 36.6148300170898
-9999 -9999 -9999 -9999 -9999 -9999 -9999 -9999 -9999 -9999 -9999 -9999 -9999 -9999 -9999 -9999 -9999 -9999 -9999 -9999 -9999 -9999 -9999 32.4820671081543 -9999 32.5381393432617 32.5377388000488 32.5309295654297 32.5513648986816 32.6610374450684 32.8565139770508 32.9684104919434 33.1329917907715 33.311710357666 33.4484596252441 33.6356506347656 33.8371162414551 33.9731216430664 34.1543121337891 34.3218841552734 34.423225402832 34.5390243530273 34.6385879516602 34.711597442627 34.7950820922852 34.8994293212891 34.9870338439941 35.0995254516602 35.2767753601074 35.4118041992188 35.609992980957 35.8610229492188 36.012077331543 36.2210350036621 36.4058303833008 36.482234954834 36.5713844299316 36.606330871582 36.6121292114258 36.6188812255859 36.6103286743164
-9999 -9999 -9999 -9999 -9999 -9999 -9999 -9999 -9999 -9999 -9999 -9999 -9999 -9999 -9999 -9999 -9999 -9999 -9999 -9999 -9999 -9999 -9999 32.4573783874512 32.4610748291016 32.5768661499023 32.6080207824707 32.5743598937988 32.5969200134277 32.7617683410645 32.9059677124023 32.9608535766602 33.1759834289551 33.3769302368164 33.4428634643555 33.674072265625 33.8969459533691 33.9619598388672 34.1728973388672 34.357292175293 34.4050674438477 34.5622215270996 34.6895370483398 34.7235794067383 34.8650321960449 34.9882392883301 35.0302963256836 35.2219848632812 35.4013442993164 35.466609954834 35.7150993347168 35.9479293823242 36.0212936401367 36.2330322265625 36.4106521606445 36.4498138427734 36.5386619567871 36.5979118347168 36.5964164733887 36.6021842956543 36.5999298095703
-9999 -9999 -9999 -9999 -9999 -9999 -9999 -9999 -9999 -9999 -9999 -9999 -9999 -9999 -9999 -9999 -9999 -9999 -9999 -9999 -9999 -9999 32.468677520752 32.5371971130371 32.5269165039062 32.5298309326172 32.5543327331543 32.6142845153809 32.6343612670898 32.743824005127 32.8884963989258 33.0035820007324 33.1865043640137 33.3658409118652 33.5004844665527 33.7232856750488 33.9084434509277 34.045051574707 34.2526741027832 34.3899459838867 34.4881744384766 34.6377868652344 34.7217063903809 34.7900085449219 34.9173965454102 35.0154724121094 35.1005363464355 35.2548942565918 35.411205291748 35.5465850830078 35.766471862793 35.9690742492676 36.1256408691406 36.3207664489746 36.4497528076172 36.5336151123047 36.591983795166 36.6012992858887 36.6056098937988 36.6025695800781 36.593189239502
-9999 -9999 -9999 -9999 -9999 -9999 -9999 -9999 -9999 -9999 -9999 -9999 -9999 -9999 -9999 -9999 -9999 -9999 -9999 -9999 -9999 32.4475784301758 32.4626541137695 32.4697494506836 32.5234870910645 32.5292205810547 32.551929473877 32.5745124816895 32.6501426696777 32.752067565918 32.9046020507812 33.0289993286133 33.1976623535156 33.3851280212402 33.5363693237305 33.740535736084 33.9400672912598 34.082706451416 34.2711410522461 34.4273910522461 34.5296478271484 34.658088684082 34.7602615356445 34.8362655639648 34.9409217834473 35.0596237182617 35.149112701416 35.2784080505371 35.4576263427734 35.5835914611816 35.7854080200195 36.0123138427734 36.140323638916 36.3320465087891 36.4782218933105 36.5327301025391 36.5928764343262 36.6066703796387 36.6015357971191 36.5989189147949 36.5872459411621
-9999 -9999 -9999 -9999 -9999 -9999 -9999 -9999 -9999 -9999 -9999 -9999 -9999 -9999 -9999 -9999 -9999 -9999 -9999 -9999 32.4376068115234 32.4390525817871 32.4427909851074 32.4483528137207 32.4545783996582 32.5295257568359 32.6026954650879 32.6300239562988 32.6636543273926 32.8190231323242 32.9811782836914 33.0392265319824 33.2699508666992 33.4857597351074 33.5573692321777 33.8132171630859 34.0364875793457 34.1045989990234 34.3325881958008 34.5109901428223 34.5592384338379 34.7334480285645 34.8576774597168 34.8947067260742 35.0546531677246 35.172981262207 35.2177047729492 35.4140319824219 35.5841827392578 35.644832611084 35.8744583129883 36.0804061889648 36.1456565856934 36.3252029418945 36.466007232666 36.4947052001953 36.5581588745117 36.5927886962891 36.5907669067383 36.5845336914062 36.5770225524902
-9999 -9999 -9999 -9999 -9999 -9999 -9999 -9999 -9999 -9999 -9999 -9999 -9999 -9999 -9999 -9999 -9999 -9999 -9999 32.294059753418 32.3795204162598 32.4259834289551 32.4294090270996 32.431224822998 32.4264259338379 32.4692306518555 32.5091209411621 32.6014518737793 32.6653671264648 32.811897277832 32.9777946472168 33.0937347412109 33.3024711608887 33.5088653564453 33.6525802612305 33.8964080810547 34.0982856750488 34.237678527832 34.4558601379395 34.5962715148926 34.6988983154297 34.8596343994141 34.9438896179199 35.0200500488281 35.1493225097656 35.2324867248535 35.3223304748535 35.4822463989258 35.6214637756348 35.7505989074707 35.9531669616699 36.1147270202637 36.2529487609863 36.406623840332 36.4920082092285 36.5564117431641 36.5910263061523 36.588493347168 36.5876159667969 36.5772933959961 36.568531036377
-9999 -9999 -9999 -9999 -9999 -9999 -9999 -9999 -9999 -9999 -9999 -9999 -9999 -9999 -9999 -9999 -9999 -9999 32.1747589111328 32.2833633422852 32.288143157959 32.3714065551758 32.4241256713867 32.4279098510742 32.4273109436035 32.438404083252 32.509204864502 32.5970191955566 32.6895942687988 32.8220748901367 32.9929733276367 33.1356735229492 33.3222198486328 33.5404815673828 33.7118835449219 33.9252662658691 34.1494941711426 34.3072319030762 34.4909629821777 34.6632957458496 34.7746963500977 34.8998413085938 35.0187530517578 35.0940475463867 35.188835144043 35.3077697753906 35.391544342041 35.5183181762695 35.6913375854492 35.7989768981934 35.9809646606445 36.1739921569824 36.2654762268066 36.4163284301758 36.5215606689453 36.549919128418 36.5872955322266 36.5868606567383 36.579891204834 36.5733070373535 36.5615577697754
-9999 -9999 -9999 -9999 -9999 -9999 -9999 -9999 -9999 -9999 -9999 -9999 -9999 -9999 -9999 -9999 -9999 -9999 32.1627006530762 32.1803016662598 32.1967849731445 32.2756500244141 32.3729705810547 32.3899040222168 32.4322166442871 32.4503593444824 32.5429039001465 32.6642761230469 32.7059326171875 32.9019470214844 33.0882911682129 33.1550674438477 33.4233093261719 33.6639442443848 33.7446823120117 34.0346221923828 34.2768974304199 34.3514671325684 34.6047630310059 34.7925186157227 34.8458938598633 35.0330123901367 35.1540832519531 35.1899757385254 35.3552742004395 35.4589195251465 35.5002975463867 35.6891593933105 35.8286361694336 35.8860015869141 36.0805130004883 36.2392082214355 36.2874603271484 36.4204711914062 36.5074081420898 36.5231018066406 36.5605697631836 36.5728149414062 36.5688095092773 36.5564155578613 36.5388259887695
-9999 -9999 -9999 -9999 -9999 -9999 -9999 -9999 -9999 -9999 -9999 -9999 -9999 -9999 -9999 -9999 -9999 32.07568359375 32.1457138061523 32.1673164367676 32.189037322998 32.2564926147461 32.2682266235352 32.3662300109863 32.4192390441895 32.4382247924805 32.5393562316895 32.6546020507812 32.7408828735352 32.9083290100098 33.0911865234375 33.2247924804688 33.4643592834473 33.6989631652832 33.8609809875488 34.1376037597656 34.3625984191895 34.5129661560059 34.7614898681641 34.9153633117676 35.023681640625 35.2006492614746 35.2833023071289 35.3584671020508 35.4816856384277 35.5521926879883 35.635440826416 35.7823104858398 35.9021987915039 36.0220756530762 36.1776847839355 36.2903213500977 36.3944778442383 36.4816017150879 36.5247230529785 36.5628242492676 36.5682601928711 36.5587882995605 36.5502967834473 36.5347633361816 36.5252227783203
-9999 -9999 -9999 -9999 -9999 -9999 -9999 -9999 -9999 -9999 -9999 -9999 -9999 -9999 -9999 -9999 -9999 31.9742889404297 32.0751075744629 32.1567230224609 32.1843414306641 32.250862121582 32.2647705078125 32.3646049499512 32.3942527770996 32.4598731994629 32.5500984191895 32.6687240600586 32.7738838195801 32.924388885498 33.1192245483398 33.2768325805664 33.4869537353516 33.7380409240723 33.934497833252 34.1726036071777 34.425048828125 34.606632232666 34.808032989502 34.9999084472656 35.1239967346191 35.2519302368164 35.3826484680176 35.4495582580566 35.5291175842285 35.648136138916 35.718204498291 35.8258018493652 35.9892539978027 36.0669326782227 36.2039794921875 36.3546485900879 36.401538848877 36.4877128601074 36.5471076965332 36.5475883483887 36.558048248291 36.5484161376953 36.5344505310059 36.5246887207031 36.5092506408691
-9999 -9999 -9999 -9999 -9999 -9999 -9999 -9999 -9999 -9999 -9999 -9999 -9999 -9999 -9999 31.8473796844482 31.9345092773438 31.9560527801514 31.9800548553467 32.0831184387207 32.1672897338867 32.238582611084 32.2579002380371 32.3382835388184 32.4426498413086 32.4687919616699 32.616039276123 32.757869720459 32.8048934936523 33.0305519104004 33.2386474609375 33.3130302429199 33.6156349182129 33.8841934204102 33.9758529663086 34.3105010986328 34.5831718444824 34.6684074401855 34.9563827514648 35.1640968322754 35.2229347229004 35.4272346496582 35.5432205200195 35.5778503417969 35.7321662902832 35.816822052002 35.851734161377 36.0084648132324 36.1188850402832 36.1585922241211 36.2967796325684 36.3942947387695 36.4206123352051 36.4926567077637 36.5216064453125 36.525260925293 36.5262184143066 36.5215759277344 36.5152435302734 36.4945030212402 36.4855804443359
-9999 -9999 -9999 -9999 -9999 -9999 -9999 -9999 -9999 -9999 -9999 -9999 -9999 -9999 31.8265895843506 31.8345184326172 31.8451709747314 31.9377613067627 31.9663639068604 32.0320625305176 32.0846710205078 32.228443145752 32.2498664855957 32.3458404541016 32.4432029724121 32.501407623291 32.6217269897461 32.7592582702637 32.8591232299805 33.0476379394531 33.2525177001953 33.4040908813477 33.6800804138184 33.9378051757812 34.1200141906738 34.4385147094727 34.6911582946777 34.8617095947266 35.1385841369629 35.3164596557617 35.4360733032227 35.611270904541 35.694091796875 35.7667999267578 35.8589859008789 35.9202117919922 35.9956703186035 36.0999908447266 36.1934280395508 36.287727355957 36.3670806884766 36.425422668457 36.4906463623047 36.5121726989746 36.517765045166 36.5309257507324 36.5127983093262 36.5013999938965 36.4910278320312 36.472526550293 36.4622497558594
-9999 -9999 -9999 -9999 -9999 -9999 -9999 -9999 -9999 -9999 -9999 -9999 -9999 31.7089042663574 31.7342472076416 31.8223114013672 31.8382015228271 31.8719024658203 31.9646320343018 31.9877452850342 32.1470832824707 32.1909790039062 32.2623405456543 32.3525772094727 32.449405670166 32.5318984985352 32.6358299255371 32.7794532775879 32.9071578979492 33.0694198608398 33.2877922058105 33.4748954772949 33.7140922546387 33.9969215393066 34.2131576538086 34.4832153320312 34.7732200622559 34.9664344787598 35.1915130615234 35.415641784668 35.5396690368652 35.662181854248 35.8006401062012 35.857852935791 35.9123420715332 36.0182418823242 36.0628204345703 36.1379280090332 36.2721214294434 36.3112831115723 36.3854598999023 36.471996307373 36.4832420349121 36.5060729980469 36.5227661132812 36.5166816711426 36.5085067749023 36.4859085083008 36.4748573303223 36.4640274047852 36.4457359313965
-9999 -9999 -9999 -9999 -9999 -9999 -9999 -9999 -9999 -9999 -9999 -9999 -9999 31.6714649200439 31.7257251739502 31.7477436065674 31.7692165374756 31.8615436553955 31.9649353027344 31.9929027557373 32.100715637207 32.2188301086426 32.2520713806152 32.3831596374512 32.5050239562988 32.543041229248 32.7201728820801 32.8823852539062 32.9369812011719 33.2029571533203 33.4412689208984 33.5282020568848 33.8754463195801 34.1807327270508 34.2831382751465 34.652904510498 34.9522094726562 35.0448875427246 35.3526382446289 35.5724983215332 35.6339263916016 35.8289566040039 35.9433403015137 35.9720687866211 36.0939102172852 36.154296875 36.1779441833496 36.2749404907227 36.3390045166016 36.3618965148926 36.4310035705566 36.4697074890137 36.4783325195312 36.4910774230957 36.4957656860352 36.4933166503906 36.4763832092285 36.462100982666 36.4544296264648 36.4288482666016 36.4175720214844
-9999 -9999 -9999 -9999 -9999 -9999 -9999 -9999 -9999 -9999 31.494457244873 31.5945816040039 31.5720863342285 31.5841464996338 31.6304836273193 31.7151012420654 31.7357769012451 31.8260364532471 31.9383373260498 31.9964408874512 32.1054573059082 32.2171783447266 32.2849464416504 32.3914756774902 32.5021705627441 32.5795936584473 32.7237739562988 32.8834228515625 33.0007820129395 33.2451438903809 33.4855537414551 33.6581420898438 33.9965438842773 34.2758178710938 34.4836540222168 34.831714630127 35.0799789428711 35.2689514160156 35.5405158996582 35.7114295959473 35.8346557617188 35.9803199768066 36.0630989074707 36.1267547607422 36.1790504455566 36.2256317138672 36.2774429321289 36.3248100280762 36.3759956359863 36.4316253662109 36.4504737854004 36.464729309082 36.4832878112793 36.4792327880859 36.4813461303711 36.4781761169434 36.4571228027344 36.4443664550781 36.4257278442383 36.4067611694336 36.395149230957
-9999 -9999 -9999 -9999 -9999 -9999 -9999 -9999 -9999 -9999 31.4742946624756 31.4861354827881 31.5639896392822 31.5697116851807 31.6123218536377 31.6482677459717 31.7244472503662 31.8182582855225 31.9146823883057 32.0013885498047 32.1068801879883 32.2160263061523 32.300178527832 32.4003028869629 32.5124053955078 32.6153907775879 32.7366523742676 32.906494140625 33.0734634399414 33.2772636413574 33.537769317627 33.7672653198242 34.049186706543 34.3685150146484 34.5970726013184 34.8907661437988 35.195426940918 35.3599815368652 35.5889625549316 35.8136787414551 35.9052963256836 36.018913269043 36.1446228027344 36.1808738708496 36.2084159851074 36.2861595153809 36.3039627075195 36.3419876098633 36.4173927307129 36.4208679199219 36.4447326660156 36.467903137207 36.4639854431152 36.4702224731445 36.4668769836426 36.4600524902344 36.4475212097168 36.4261932373047 36.4087028503418 36.3975219726562 36.3758392333984
