G_variables/Set1/2.6/SSSmean.asc
NCOLS 581 
NROWS 855 
XLLCORNER -74.9166666666667 
YLLCORNER -55.8333333333333 
CELLSIZE 0.0833333333333333 
NODATA_value -9999 
[rows 540 to 566 of 855, columns 305 to 365 of 581]
34.3911247253418 34.7315559387207 34.9819641113281 35.0512046813965 35.2848892211914 35.4347381591797 35.4771766662598 35.6497650146484 35.7888946533203 35.8364753723145 36.0206184387207 36.1844940185547 36.2387084960938 36.4067573547363 36.546501159668 36.5819664001465 36.6834602355957 36.7595558166504 36.7746353149414 36.8181762695312 36.8467102050781 36.8524017333984 36.8654747009277 36.8746566772461 36.867431640625 36.8631362915039 36.8585739135742 36.8543815612793 36.8403358459473 36.8313179016113 36.8237686157227 36.8086280822754 36.7950172424316 36.790168762207 36.7729835510254 36.7618293762207 36.7537841796875 36.7364692687988 36.7259368896484 36.719596862793 36.6989097595215 36.6879539489746 36.6799240112305 36.6604080200195 36.6515998840332 36.6448707580566 36.6299781799316 -9999 -9999 -9999 -9999 -9999 -9999 -9999 -9999 -9999 -9999 -9999 -9999 -9999 -9999
34.6349334716797 34.8873405456543 35.059440612793 35.2116432189941 35.373363494873 35.481029510498 35.5687828063965 35.7020797729492 35.8212013244629 35.9183311462402 36.0726776123047 36.2143898010254 36.3266258239746 36.4677810668945 36.5731582641602 36.6502418518066 36.7208099365234 36.7641639709473 36.797794342041 36.8300132751465 36.8488082885742 36.8618049621582 36.8712921142578 36.8721923828125 36.8653831481934 36.8588218688965 36.8504791259766 36.8446807861328 36.8278388977051 36.8160285949707 36.8091125488281 36.7948341369629 36.7827262878418 36.7745666503906 36.7599067687988 36.7495574951172 36.7384338378906 36.7232284545898 36.7113990783691 36.7025680541992 36.6850242614746 36.6759605407715 36.6637725830078 36.6518592834473 36.6416282653809 36.631477355957 -9999 -9999 -9999 -9999 -9999 -9999 -9999 -9999 -9999 -9999 -9999 -9999 -9999 -9999 -9999
34.7047386169434 34.9301719665527 35.1571006774902 35.2605476379395 35.3998107910156 35.5331649780273 35.6145401000977 35.7262840270996 35.8677520751953 35.9595336914062 36.0940284729004 36.257022857666 36.3476257324219 36.4805564880371 36.6035766601562 36.6562004089355 36.7243881225586 36.7750129699707 36.7978363037109 36.830078125 36.8509826660156 36.8589096069336 36.8687438964844 36.8705978393555 36.8594284057617 36.855224609375 36.845329284668 36.8354721069336 36.8199005126953 36.8075752258301 36.7981452941895 36.7887420654297 36.7731742858887 36.7641754150391 36.7542610168457 36.7394599914551 36.7269134521484 36.7170257568359 36.7010803222656 36.6932678222656 36.6799163818359 36.666934967041 36.6558265686035 36.6474761962891 36.6335144042969 36.6236953735352 -9999 -9999 -9999 -9999 -9999 -9999 -9999 -9999 -9999 -9999 -9999 -9999 -9999 -9999 -9999
34.8183288574219 35.0823783874512 35.2521324157715 35.3050956726074 35.4965438842773 35.6273803710938 35.6682968139648 35.831714630127 35.9634475708008 36.0086135864258 36.1772537231445 36.3212966918945 36.3663101196289 36.5052299499512 36.6180610656738 36.6422538757324 36.7208213806152 36.7788162231445 36.7902717590332 36.8218727111816 36.8471260070801 36.8497047424316 36.856258392334 36.8607788085938 36.8515739440918 36.8411254882812 36.8308715820312 36.8209190368652 36.8031005859375 36.7899932861328 36.7839393615723 36.7674751281738 36.7554740905762 36.7493362426758 36.7308616638184 36.7199821472168 36.7132720947266 36.6963996887207 36.6850814819336 36.6769828796387 36.6600379943848 36.6512756347656 36.6460571289062 36.6313438415527 36.621036529541 36.6114921569824 -9999 -9999 -9999 -9999 -9999 -9999 -9999 -9999 -9999 -9999 -9999 -9999 -9999 -9999 -9999
35.0040740966797 35.1764259338379 35.3253593444824 35.438907623291 35.5742835998535 35.6814422607422 35.7660942077637 35.886791229248 35.9951858520508 36.0901336669922 36.2311058044434 36.3503608703613 36.4456672668457 36.5608177185059 36.637825012207 36.6941947937012 36.7505531311035 36.7801322937012 36.8057289123535 36.8328628540039 36.8473205566406 36.8560256958008 36.8605575561523 36.8569183349609 36.8487930297852 36.836727142334 36.8227691650391 36.8094062805176 36.79052734375 36.7744331359863 36.7654838562012 36.7538146972656 36.7429885864258 36.7318229675293 36.7185287475586 36.7083129882812 36.6975555419922 36.6822128295898 36.6730079650879 36.6617698669434 36.6495399475098 36.6423492431641 36.6328506469727 36.6200370788574 36.6113166809082 -9999 -9999 -9999 -9999 -9999 -9999 -9999 -9999 -9999 -9999 -9999 -9999 -9999 -9999 -9999 -9999
35.0582313537598 35.2057571411133 35.3864288330078 35.4870147705078 35.5992622375488 35.7313461303711 35.8114891052246 35.9102325439453 36.042163848877 36.1249885559082 36.2502708435059 36.3906745910645 36.4630241394043 36.5720329284668 36.6639633178711 36.6993370056152 36.7540969848633 36.7894592285156 36.8051834106445 36.8326110839844 36.8488235473633 36.8499298095703 36.8563041687012 36.8523178100586 36.843334197998 36.8344841003418 36.819637298584 36.800666809082 36.7864952087402 36.7672080993652 36.7566947937012 36.7494316101074 36.7331237792969 36.7205047607422 36.7111663818359 36.6967277526855 36.6835327148438 36.6743583679199 36.6607704162598 36.6530647277832 36.644229888916 36.6326751708984 36.6253242492676 36.6157875061035 36.6038475036621 -9999 -9999 -9999 -9999 -9999 -9999 -9999 -9999 -9999 -9999 -9999 -9999 -9999 -9999 -9999 -9999
35.0759391784668 35.2834434509277 35.4655380249023 35.5142936706543 35.6814842224121 35.8160743713379 35.8547439575195 36.0057640075684 36.1304931640625 36.170768737793 36.3196144104004 36.4437294006348 36.4789276123047 36.5924758911133 36.6789054870605 36.6952438354492 36.7533950805664 36.7946510314941 36.8025131225586 36.8258361816406 36.8427886962891 36.8415679931641 36.8424415588379 36.8409652709961 36.8350639343262 36.8194732666016 36.8059768676758 36.7929496765137 36.7721061706543 36.7565002441406 36.7486534118652 36.7295341491699 36.717342376709 36.7092704772949 36.6927680969238 36.6815872192383 36.6733856201172 36.6581382751465 36.6484031677246 36.6408309936523 36.6261901855469 36.6170310974121 36.612606048584 36.594783782959 -9999 -9999 -9999 -9999 -9999 -9999 -9999 -9999 -9999 -9999 -9999 -9999 -9999 -9999 -9999 -9999 -9999
35.1789894104004 35.3907203674316 35.5225639343262 35.6196784973145 35.7728004455566 35.8657417297363 35.9459190368652 36.0766983032227 36.1710090637207 36.2583961486816 36.3888244628906 36.4796142578125 36.5587501525879 36.6491279602051 36.6997032165527 36.7446937561035 36.7792091369629 36.7989501953125 36.8175735473633 36.8339614868164 36.8393898010254 36.8455276489258 36.8438873291016 36.8369178771973 36.8275032043457 36.8119697570801 36.7977867126465 36.7865829467773 36.7633094787598 36.7473907470703 36.7354545593262 36.7193145751953 36.704891204834 36.6955833435059 36.6815032958984 36.6722602844238 36.6610107421875 36.6473426818848 36.6369132995605 36.627025604248 36.614330291748 36.6066055297852 36.5997123718262 36.581127166748 -9999 -9999 -9999 -9999 -9999 -9999 -9999 -9999 -9999 -9999 -9999 -9999 -9999 -9999 -9999 -9999 -9999
35.2286529541016 35.4148063659668 35.5739631652832 35.6730575561523 35.7991485595703 35.9196395874023 35.9980735778809 36.1025466918945 36.2244834899902 36.2968254089355 36.4100303649902 36.5266075134277 36.5758819580078 36.6605033874512 36.7283973693848 36.748477935791 36.7829208374023 36.8086280822754 36.8166923522949 36.8338432312012 36.8404960632324 36.8403053283691 36.840274810791 36.8317184448242 36.8193550109863 36.8084602355957 36.791618347168 36.7796630859375 36.7580146789551 36.7397155761719 36.7286949157715 36.7161102294922 36.6975364685059 36.6881332397461 36.6776885986328 36.6643028259277 36.6491279602051 36.6398735046387 36.6263313293457 36.6191787719727 36.6093978881836 36.5984306335449 36.5851249694824 -9999 -9999 -9999 -9999 -9999 -9999 -9999 -9999 -9999 -9999 -9999 -9999 -9999 -9999 -9999 -9999 -9999 -9999
35.2653617858887 35.5011100769043 35.6732292175293 35.7215232849121 35.903736114502 36.0260810852051 36.0638275146484 36.2141990661621 36.3219947814941 36.3583946228027 36.4859657287598 36.5793418884277 36.604606628418 36.6892013549805 36.7426300048828 36.7544593811035 36.7915687561035 36.8134956359863 36.8141632080078 36.8248977661133 36.8303833007812 36.8291893005371 36.8238830566406 36.8181228637695 36.8099708557129 36.7925453186035 36.7769012451172 36.7704925537109 36.7444686889648 36.7279243469238 36.7166213989258 36.6959075927734 36.682991027832 36.6769409179688 36.6601638793945 36.6466674804688 36.6392707824707 36.6242561340332 36.6130409240723 36.6089859008789 36.5883140563965 36.5791244506836 -9999 -9999 -9999 -9999 -9999 -9999 -9999 -9999 -9999 -9999 -9999 -9999 -9999 -9999 -9999 -9999 -9999 -9999 -9999
35.4232978820801 35.6273307800293 35.760368347168 35.8612022399902 36.0102348327637 36.1056060791016 36.1845512390137 36.3065338134766 36.3879241943359 36.4624671936035 36.5583801269531 36.6220932006836 36.6835479736328 36.7308769226074 36.7569160461426 36.7860832214355 36.802173614502 36.8136367797852 36.8222351074219 36.826587677002 36.8288917541504 36.8286781311035 36.8168792724609 36.8088760375977 36.7975959777832 36.7798156738281 36.7633476257324 36.7516021728516 36.7314567565918 36.7173347473145 36.6996002197266 36.681827545166 36.6717987060547 36.6631889343262 36.6475868225098 36.6369934082031 36.6252861022949 36.6108474731445 36.6001014709473 36.5922622680664 36.5771255493164 -9999 -9999 -9999 -9999 -9999 -9999 -9999 -9999 -9999 -9999 -9999 -9999 -9999 -9999 -9999 -9999 -9999 -9999 -9999 -9999
35.4921569824219 35.6607322692871 35.8298645019531 35.9347839355469 36.0493392944336 36.1747665405273 36.2434577941895 36.3369522094727 36.4531631469727 36.4998741149902 36.5765724182129 36.6684608459473 36.6946983337402 36.7384643554688 36.7780494689941 36.7842483520508 36.800853729248 36.8159561157227 36.8156127929688 36.8227653503418 36.8249816894531 36.8194198608398 36.811351776123 36.7991485595703 36.7865295410156 36.7738876342773 36.752742767334 36.7397079467773 36.7241554260254 36.707160949707 36.6904678344727 36.676944732666 36.6619300842285 36.653003692627 36.6383666992188 36.6258544921875 36.614330291748 36.6062431335449 36.5927200317383 36.5820541381836 36.5706634521484 -9999 -9999 -9999 -9999 -9999 -9999 -9999 -9999 -9999 -9999 -9999 -9999 -9999 -9999 -9999 -9999 -9999 -9999 -9999 -9999
35.5524253845215 35.7871971130371 35.9491996765137 35.9970054626465 36.1747665405273 36.2911186218262 36.3257446289062 36.4529991149902 36.5357933044434 36.5614967346191 36.6514358520508 36.7043228149414 36.7137298583984 36.7606201171875 36.7829055786133 36.7873802185059 36.8026008605957 36.8097534179688 36.8077545166016 36.8072242736816 36.8036727905273 36.801628112793 36.7882537841797 36.7798843383789 36.7712593078613 36.7504692077637 36.7355690002441 36.7279434204102 36.7046852111816 36.689208984375 36.6763191223145 36.6564483642578 36.6391563415527 36.6333084106445 36.6160850524902 36.6073455810547 36.6003112792969 36.5853958129883 36.5778884887695 36.5723571777344 -9999 -9999 -9999 -9999 -9999 -9999 -9999 -9999 -9999 -9999 -9999 -9999 -9999 -9999 -9999 -9999 -9999 -9999 -9999 -9999 -9999
35.7169876098633 35.9207229614258 36.0509986877441 36.149341583252 36.2939109802246 36.3781509399414 36.4524078369141 36.5357284545898 36.5910415649414 36.6513481140137 36.6963920593262 36.7286796569824 36.7597541809082 36.7741317749023 36.7849807739258 36.7975158691406 36.7940330505371 36.7989273071289 36.8022079467773 36.7965431213379 36.7924957275391 36.7898406982422 36.7755966186523 36.7656021118164 36.7525444030762 36.7317543029785 36.7187652587891 36.7068748474121 36.6835060119629 36.6706352233887 36.656810760498 36.6407165527344 36.625732421875 36.615478515625 36.6021003723145 36.5946426391602 36.583854675293 36.5715827941895 36.5619926452637 -9999 -9999 -9999 -9999 -9999 -9999 -9999 -9999 -9999 -9999 -9999 -9999 -9999 -9999 -9999 -9999 -9999 -9999 -9999 -9999 -9999 -9999
35.7961883544922 35.9612846374512 36.1310806274414 36.2177925109863 36.32958984375 36.4520835876465 36.4959754943848 36.5601539611816 36.6483306884766 36.6684722900391 36.7068214416504 36.7582511901855 36.7611083984375 36.7757148742676 36.7919654846191 36.7901306152344 36.7911796569824 36.7956504821777 36.7914009094238 36.7912368774414 36.7844352722168 36.7769088745117 36.7671661376953 36.7526245117188 36.7370986938477 36.7242736816406 36.705135345459 36.6943359375 36.6772689819336 36.6563339233398 36.6469917297363 36.6356811523438 36.6144943237305 36.6056709289551 36.5964622497559 36.5835952758789 36.5722465515137 36.5623435974121 -9999 -9999 -9999 -9999 -9999 -9999 -9999 -9999 -9999 -9999 -9999 -9999 -9999 -9999 -9999 -9999 -9999 -9999 -9999 -9999 -9999 -9999 -9999
35.8880195617676 36.105640411377 36.2515296936035 36.298526763916 36.4432640075684 36.5350723266602 36.5594940185547 36.643196105957 36.6895446777344 36.7018737792969 36.7449073791504 36.7644309997559 36.7639236450195 36.7768287658691 36.7841796875 36.7803649902344 36.7784614562988 36.7799263000488 36.7774620056152 36.7675361633301 36.7637481689453 36.7552909851074 36.7371826171875 36.7270736694336 36.7164726257324 36.6952323913574 36.680347442627 36.6717987060547 36.6503295898438 36.6397514343262 36.634105682373 36.6144104003906 36.6015243530273 36.5915184020996 36.5695571899414 36.5615768432617 36.5551109313965 36.5388946533203 -9999 -9999 -9999 -9999 -9999 -9999 -9999 -9999 -9999 -9999 -9999 -9999 -9999 -9999 -9999 -9999 -9999 -9999 -9999 -9999 -9999 -9999 -9999
36.068229675293 36.2358436584473 36.3486175537109 36.4465103149414 36.536693572998 36.5919761657715 36.6489105224609 36.6839179992676 36.7101020812988 36.7416725158691 36.7530479431152 36.7659149169922 36.774715423584 36.772705078125 36.7744827270508 36.773136138916 36.7672462463379 36.7642211914062 36.7618942260742 36.7512130737305 36.7433052062988 36.7353057861328 36.7194900512695 36.7084884643555 36.6929588317871 36.6754951477051 36.6623497009277 36.6486053466797 36.6335220336914 36.626594543457 36.6153144836426 36.5971565246582 36.5848236083984 36.5678672790527 36.5541839599609 36.5466423034668 36.5365447998047 -9999 -9999 -9999 -9999 -9999 -9999 -9999 -9999 -9999 -9999 -9999 -9999 -9999 -9999 -9999 -9999 -9999 -9999 -9999 -9999 -9999 -9999 -9999 -9999
36.1403732299805 36.2760429382324 36.4332618713379 36.4879531860352 36.5615348815918 36.648307800293 36.6653175354004 36.6948661804199 36.7372360229492 36.7391090393066 36.7522048950195 36.7702598571777 36.7679214477539 36.7696304321289 36.7692680358887 36.7625579833984 36.7613754272461 36.7555732727051 36.7475700378418 36.7433738708496 36.7313346862793 36.7184219360352 36.7095336914062 36.6896896362305 36.6759147644043 36.6650085449219 36.6454048156738 36.6353797912598 36.6245460510254 36.6119956970215 36.6031188964844 36.5906677246094 36.5692176818848 36.5565414428711 36.5466804504395 36.5335693359375 -9999 -9999 -9999 -9999 -9999 -9999 -9999 -9999 -9999 -9999 -9999 -9999 -9999 -9999 -9999 -9999 -9999 -9999 -9999 -9999 -9999 -9999 -9999 -9999 -9999
36.2442016601562 36.4083213806152 36.5096435546875 36.5413284301758 36.6325988769531 36.6818084716797 36.6918029785156 36.7276039123535 36.7445678710938 36.7444953918457 36.754222869873 36.7596015930176 36.756893157959 36.7540054321289 36.7547492980957 36.7493209838867 36.7391128540039 36.7358360290527 36.7315826416016 36.7155418395996 36.7082901000977 36.699592590332 36.6771202087402 36.665901184082 36.656795501709 36.6329689025879 36.6203269958496 36.6136093139648 36.5943756103516 36.5853233337402 36.5797424316406 36.5584716796875 36.5479888916016 36.5380363464355 36.5220794677734 -9999 -9999 -9999 -9999 -9999 -9999 -9999 -9999 -9999 -9999 -9999 -9999 -9999 -9999 -9999 -9999 -9999 -9999 -9999 -9999 -9999 -9999 -9999 -9999 -9999 -9999
36.4013938903809 36.4991493225098 36.5670356750488 36.6347465515137 36.6764068603516 36.6998558044434 36.7280960083008 36.7350883483887 36.7393379211426 36.7483520507812 36.7485618591309 36.750545501709 36.7490997314453 36.7442092895508 36.7416381835938 36.7391738891602 36.7252197265625 36.7194786071777 36.714225769043 36.7010688781738 36.6867561340332 36.6779365539551 36.6620101928711 36.648998260498 36.6346321105957 36.6137847900391 36.6015510559082 36.5911064147949 36.5738945007324 36.5646553039551 36.550106048584 36.5363578796387 36.5246353149414 36.5155372619629 -9999 -9999 -9999 -9999 -9999 -9999 -9999 -9999 -9999 -9999 -9999 -9999 -9999 -9999 -9999 -9999 -9999 -9999 -9999 -9999 -9999 -9999 -9999 -9999 -9999 -9999 -9999
36.4420433044434 36.5247764587402 36.6259155273438 36.6469917297363 36.6860237121582 36.724193572998 36.7274780273438 36.7355499267578 36.7428436279297 36.7408180236816 36.7434921264648 36.7451438903809 36.7400054931641 36.7394409179688 36.7332191467285 36.7257957458496 36.7200508117676 36.710018157959 36.7022933959961 36.6953506469727 36.6749114990234 36.6648826599121 36.6527862548828 36.6331520080566 36.6169204711914 36.6057968139648 36.5866241455078 36.5766105651855 36.564582824707 36.5441818237305 36.5356750488281 36.527702331543 -9999 -9999 -9999 -9999 -9999 -9999 -9999 -9999 -9999 -9999 -9999 -9999 -9999 -9999 -9999 -9999 -9999 -9999 -9999 -9999 -9999 -9999 -9999 -9999 -9999 -9999 -9999 -9999 -9999
36.5073585510254 36.599781036377 36.6530532836914 36.6659164428711 36.7085800170898 36.7254409790039 36.7248382568359 36.7320785522461 36.7343063354492 36.7343635559082 36.7319831848145 36.7320899963379 36.7276000976562 36.7199058532715 36.7182426452637 36.7127723693848 36.6960983276367 36.6902389526367 36.6819496154785 36.6646156311035 36.6545372009277 36.6451263427734 36.6244087219238 36.612117767334 36.6006050109863 36.5796432495117 36.5657615661621 36.5600318908691 36.5335273742676 36.5208511352539 -9999 -9999 -9999 -9999 -9999 -9999 -9999 -9999 -9999 -9999 -9999 -9999 -9999 -9999 -9999 -9999 -9999 -9999 -9999 -9999 -9999 -9999 -9999 -9999 -9999 -9999 -9999 -9999 -9999 -9999 -9999
36.5967330932617 36.640438079834 36.6699371337891 36.7034492492676 36.7174224853516 36.7223320007324 36.7262687683105 36.7239875793457 36.7248840332031 36.7236404418945 36.7186241149902 36.7183647155762 36.7143783569336 36.7061767578125 36.703010559082 36.694751739502 36.6841468811035 36.6772117614746 36.6648712158203 36.6499862670898 36.6378288269043 36.623966217041 36.6072463989258 36.5949783325195 36.580451965332 36.5636024475098 36.5488204956055 36.5326538085938 36.517162322998 -9999 -9999 -9999 -9999 -9999 -9999 -9999 -9999 -9999 -9999 -9999 -9999 -9999 -9999 -9999 -9999 -9999 -9999 -9999 -9999 -9999 -9999 -9999 -9999 -9999 -9999 -9999 -9999 -9999 -9999 -9999 -9999
36.6079635620117 36.6481132507324 36.6994781494141 36.7041702270508 36.7155570983887 36.7235260009766 36.7175331115723 36.7182884216309 36.7177848815918 36.7153358459473 36.7123069763184 36.7093505859375 36.7024383544922 36.6987915039062 36.6896171569824 36.6833267211914 36.6755256652832 36.6639785766602 36.6507530212402 36.6410903930664 36.6246757507324 36.6123123168945 36.5986785888672 36.5805053710938 36.5665168762207 36.5553550720215 36.5316886901855 36.5207328796387 -9999 -9999 -9999 -9999 -9999 -9999 -9999 -9999 -9999 -9999 -9999 -9999 -9999 -9999 -9999 -9999 -9999 -9999 -9999 -9999 -9999 -9999 -9999 -9999 -9999 -9999 -9999 -9999 -9999 -9999 -9999 -9999 -9999
36.6277046203613 36.6700057983398 36.6971588134766 36.7002487182617 36.7110748291016 36.7140312194824 36.7089233398438 36.705680847168 36.7009773254395 36.6982727050781 36.6918182373047 36.6912994384766 36.6873435974121 36.6756401062012 36.6719360351562 36.6687927246094 36.6525459289551 36.6446685791016 36.6328811645508 36.614330291748 36.5982666015625 36.592227935791 36.5689277648926 36.5561904907227 36.548152923584 36.5275573730469 36.5128440856934 36.5051460266113 -9999 -9999 -9999 -9999 -9999 -9999 -9999 -9999 -9999 -9999 -9999 -9999 -9999 -9999 -9999 -9999 -9999 -9999 -9999 -9999 -9999 -9999 -9999 -9999 -9999 -9999 -9999 -9999 -9999 -9999 -9999 -9999 -9999
36.6679954528809 36.6887512207031 36.6972160339355 36.7055549621582 36.6999244689941 36.6981620788574 36.697322845459 36.691162109375 36.6885566711426 36.685962677002 36.6791229248047 36.6773147583008 36.671947479248 36.6623764038086 36.6578140258789 36.6516571044922 36.6341094970703 36.6246299743652 36.6138458251953 36.5976257324219 36.5832672119141 36.5720672607422 36.5539512634277 36.5424041748047 36.5285797119141 36.5115127563477 36.4983139038086 36.4864616394043 -9999 -9999 -9999 -9999 -9999 -9999 -9999 -9999 -9999 -9999 -9999 -9999 -9999 -9999 -9999 -9999 -9999 -9999 -9999 -9999 -9999 -9999 -9999 -9999 -9999 -9999 -9999 -9999 -9999 -9999 -9999 -9999 -9999
36.6661033630371 36.6897659301758 36.7005729675293 36.698371887207 36.6962242126465 36.6923141479492 36.6881980895996 36.6863136291504 36.6803512573242 36.6753845214844 36.6736488342285 36.6660842895508 36.6601257324219 36.6559104919434 36.6470413208008 36.6399574279785 36.6268196105957 36.6142654418945 36.6034469604492 36.5928955078125 36.5717658996582 36.5614929199219 36.5490684509277 36.5300750732422 36.5155563354492 36.5030860900879 36.484920501709 -9999 -9999 -9999 -9999 -9999 -9999 -9999 -9999 -9999 -9999 -9999 -9999 -9999 -9999 -9999 -9999 -9999 -9999 -9999 -9999 -9999 -9999 -9999 -9999 -9999 -9999 -9999 -9999 -9999 -9999 -9999 -9999 -9999 -9999
