G_variables/Set1/2.6/SSSmean.asc
NCOLS 581 
NROWS 855 
XLLCORNER -74.9166666666667 
YLLCORNER -55.8333333333333 
CELLSIZE 0.0833333333333333 
NODATA_value -9999 
[rows 189 to 215 of 855, columns 427 to 487 of 581]
36.1512069702148 36.1503410339355 36.1510620117188 36.1502571105957 36.150203704834 36.1511840820312 36.1512336730957 36.1524314880371 36.1537246704102 36.1540985107422 36.1553153991699 36.1573066711426 36.1574592590332 36.1589012145996 36.1610221862793 36.1602210998535 36.1604957580566 36.163688659668 36.1624450683594 36.1627540588379 -9999 -9999 -9999 -9999 -9999 -9999 -9999 -9999 -9999 -9999 -9999 -9999 -9999 -9999 -9999 -9999 -9999 -9999 -9999 -9999 -9999 -9999 -9999 -9999 -9999 -9999 -9999 -9999 -9999 -9999 -9999 -9999 -9999 -9999 -9999 -9999 -9999 -9999 -9999 -9999 -9999
36.1508483886719 36.1498680114746 36.1487274169922 36.1490135192871 36.1491508483887 36.1491928100586 36.151237487793 36.152214050293 36.1526298522949 36.1545715332031 36.1560173034668 36.1568336486816 36.1594009399414 36.1605911254883 36.161506652832 36.1630325317383 36.163459777832 36.1636848449707 36.1641082763672 36.1643218994141 36.1650924682617 36.1658935546875 -9999 -9999 -9999 -9999 -9999 -9999 -9999 -9999 -9999 -9999 -9999 -9999 -9999 -9999 -9999 -9999 -9999 -9999 -9999 -9999 -9999 -9999 -9999 -9999 -9999 -9999 -9999 -9999 -9999 -9999 -9999 -9999 -9999 -9999 -9999 -9999 -9999 -9999 -9999
36.151725769043 36.150749206543 36.1494293212891 36.1494750976562 36.149772644043 36.1500129699707 36.152660369873 36.1542854309082 36.1542854309082 36.1565780639648 36.158260345459 36.1583061218262 36.1606636047363 36.1636047363281 36.163143157959 36.1647758483887 36.166259765625 36.1655464172363 36.1671447753906 36.1674346923828 36.1672248840332 36.1692276000977 36.1697006225586 36.1688041687012 -9999 -9999 -9999 -9999 -9999 -9999 -9999 -9999 -9999 -9999 -9999 -9999 -9999 -9999 -9999 -9999 -9999 -9999 -9999 -9999 -9999 -9999 -9999 -9999 -9999 -9999 -9999 -9999 -9999 -9999 -9999 -9999 -9999 -9999 -9999 -9999 -9999
36.1511192321777 36.1506233215332 36.1485557556152 36.1504707336426 36.1508026123047 36.1498641967773 36.1533622741699 36.1547164916992 36.1543617248535 36.1573371887207 36.1585464477539 36.1588745117188 36.1623306274414 36.1650886535645 36.1652412414551 36.1672248840332 36.168140411377 36.1683807373047 36.1696090698242 36.1695709228516 36.1703453063965 36.1716270446777 36.1717720031738 36.1724166870117 36.1731567382812 -9999 -9999 -9999 -9999 -9999 -9999 -9999 -9999 -9999 -9999 -9999 -9999 -9999 -9999 -9999 -9999 -9999 -9999 -9999 -9999 -9999 -9999 -9999 -9999 -9999 -9999 -9999 -9999 -9999 -9999 -9999 -9999 -9999 -9999 -9999 -9999
36.1482887268066 36.1469650268555 36.1469535827637 36.1478652954102 36.1481819152832 36.1482353210449 36.1502380371094 36.1519012451172 36.1525993347168 36.1554985046387 36.1571960449219 36.1582641601562 36.1615142822266 36.1635360717773 36.1646499633789 36.1668243408203 36.168212890625 36.168155670166 36.1690444946289 36.1694755554199 36.1701316833496 36.1720161437988 36.1727828979492 36.1728820800781 36.1737289428711 36.1739921569824 36.1763725280762 -9999 -9999 -9999 -9999 -9999 -9999 -9999 -9999 -9999 -9999 -9999 -9999 -9999 -9999 -9999 -9999 -9999 -9999 -9999 -9999 -9999 -9999 -9999 -9999 -9999 -9999 -9999 -9999 -9999 -9999 -9999 -9999 -9999 -9999
36.145938873291 36.14501953125 36.146068572998 36.1465644836426 36.1472930908203 36.1476516723633 36.1489181518555 36.1507911682129 36.15185546875 36.1540756225586 36.1561470031738 36.1572914123535 36.1596527099609 36.1622276306152 36.1641883850098 36.1665458679199 36.1680908203125 36.1683883666992 36.169075012207 36.1696395874023 36.170093536377 36.171802520752 36.1726341247559 36.1727867126465 36.1736640930176 36.1740264892578 36.1761474609375 36.1771240234375 36.1779899597168 -9999 -9999 -9999 -9999 -9999 -9999 -9999 -9999 -9999 -9999 -9999 -9999 -9999 -9999 -9999 -9999 -9999 -9999 -9999 -9999 -9999 -9999 -9999 -9999 -9999 -9999 -9999 -9999 -9999 -9999 -9999 -9999
36.1421394348145 36.1415176391602 36.1382713317871 36.1407318115234 36.1412582397461 36.1398468017578 36.1452369689941 36.1468200683594 36.1458702087402 36.1506881713867 36.152645111084 36.152172088623 36.158332824707 36.1604270935059 36.1603469848633 36.1646194458008 36.1653861999512 36.1641426086426 36.1671409606934 36.1673622131348 36.1668090820312 36.1702537536621 36.1705360412598 36.1698188781738 36.1728668212891 36.1732215881348 36.1743011474609 36.1765975952148 36.1770896911621 36.1768188476562 36.1784133911133 -9999 -9999 -9999 -9999 -9999 -9999 -9999 -9999 -9999 -9999 -9999 -9999 -9999 -9999 -9999 -9999 -9999 -9999 -9999 -9999 -9999 -9999 -9999 -9999 -9999 -9999 -9999 -9999 -9999 -9999
36.1378707885742 36.1374588012695 36.1364364624023 36.1377296447754 36.1384353637695 36.1385040283203 36.1416358947754 36.143310546875 36.1443519592285 36.1474342346191 36.1495399475098 36.1504058837891 36.1533317565918 36.1568717956543 36.1588096618652 36.1627616882324 36.1638603210449 36.1630859375 36.1641426086426 36.1646995544434 36.1659507751465 36.1685638427734 36.1692428588867 36.1689186096191 36.1704597473145 36.1710052490234 36.1730461120605 36.1754379272461 36.1762771606445 36.1761665344238 36.1773376464844 36.1779518127441 -9999 -9999 -9999 -9999 -9999 -9999 -9999 -9999 -9999 -9999 -9999 -9999 -9999 -9999 -9999 -9999 -9999 -9999 -9999 -9999 -9999 -9999 -9999 -9999 -9999 -9999 -9999 -9999 -9999
36.1364212036133 36.1353950500488 36.1357421875 36.1356887817383 36.1363983154297 36.1379280090332 36.1399040222168 36.1422882080078 36.1443405151367 36.1461296081543 36.1482353210449 36.1504783630371 36.1524543762207 36.155590057373 36.1584739685059 36.1607780456543 36.1623306274414 36.162971496582 36.163257598877 36.1643333435059 36.166316986084 36.167896270752 36.1689567565918 36.1695785522461 36.170223236084 36.1705741882324 36.173282623291 36.1744613647461 36.1759834289551 36.1766777038574 36.1764373779297 36.1778259277344 36.1780242919922 -9999 -9999 -9999 -9999 -9999 -9999 -9999 -9999 -9999 -9999 -9999 -9999 -9999 -9999 -9999 -9999 -9999 -9999 -9999 -9999 -9999 -9999 -9999 -9999 -9999 -9999 -9999 -9999
36.1296234130859 36.1283187866211 36.1272239685059 36.1293907165527 36.1299819946289 36.127986907959 36.1327705383301 36.1348152160645 36.1343574523926 36.1393661499023 36.1413459777832 36.1410636901855 36.1474723815918 36.1499824523926 36.1501197814941 36.1550598144531 36.1571311950684 36.1549987792969 36.1584892272949 36.158748626709 36.1572914123535 36.1617584228516 36.1626052856445 36.161548614502 36.1652450561523 36.165454864502 36.1668739318848 36.171199798584 36.1718482971191 36.1700973510742 36.1735572814941 36.1745223999023 36.1728782653809 36.1755638122559 36.1766242980957 -9999 -9999 -9999 -9999 -9999 -9999 -9999 -9999 -9999 -9999 -9999 -9999 -9999 -9999 -9999 -9999 -9999 -9999 -9999 -9999 -9999 -9999 -9999 -9999 -9999 -9999
36.1261215209961 36.125316619873 36.1260185241699 36.1255187988281 36.1264190673828 36.1271438598633 36.1292266845703 36.131462097168 36.1335372924805 36.1365699768066 36.1387634277344 36.1395874023438 36.1417350769043 36.1445388793945 36.148250579834 36.1526222229004 36.1540679931641 36.1538887023926 36.1542663574219 36.1552963256836 36.1569366455078 36.160083770752 36.1610221862793 36.1607666015625 36.1613731384277 36.1618690490723 36.1631546020508 36.1679840087891 36.1693840026855 36.1695709228516 36.1710662841797 36.1725578308105 36.1731262207031 36.1753196716309 36.1760635375977 36.1756019592285 -9999 -9999 -9999 -9999 -9999 -9999 -9999 -9999 -9999 -9999 -9999 -9999 -9999 -9999 -9999 -9999 -9999 -9999 -9999 -9999 -9999 -9999 -9999 36.1587867736816 36.1579475402832
36.1216049194336 36.120246887207 36.1203460693359 36.1196060180664 36.1196517944336 36.121337890625 36.1228866577148 36.1251640319824 36.1282615661621 36.129940032959 36.1330108642578 36.1352348327637 36.1377143859863 36.1401405334473 36.1441307067871 36.1469192504883 36.1480903625488 36.1484146118164 36.1477165222168 36.1488723754883 36.1519889831543 36.1536445617676 36.1547164916992 36.155818939209 36.156494140625 36.1573333740234 36.1595077514648 36.1644859313965 36.164909362793 36.1659851074219 36.1662139892578 36.167366027832 36.1686706542969 36.1696701049805 36.1710777282715 36.1713104248047 36.1714477539062 -9999 -9999 -9999 -9999 -9999 -9999 -9999 -9999 -9999 -9999 -9999 -9999 -9999 -9999 -9999 -9999 -9999 -9999 -9999 -9999 -9999 36.1562080383301 36.1541175842285 36.152904510498
36.1191902160645 36.1182518005371 36.1176147460938 36.1167640686035 36.1172714233398 36.1165428161621 36.1204986572266 36.1227378845215 36.123851776123 36.1270446777344 36.129035949707 36.1292839050293 36.1334533691406 36.136344909668 36.1373748779297 36.1416091918945 36.1425094604492 36.1422691345215 36.1455268859863 36.146167755127 36.145637512207 36.1498489379883 36.1507453918457 36.1499290466309 36.1540946960449 36.1539459228516 36.1525268554688 36.1595726013184 36.1604766845703 36.1597213745117 36.1634750366211 36.1649703979492 36.163501739502 36.1672706604004 36.1685218811035 36.1670112609863 36.1699562072754 36.1701240539551 -9999 -9999 -9999 -9999 -9999 -9999 -9999 -9999 -9999 -9999 -9999 -9999 -9999 -9999 -9999 -9999 -9999 -9999 -9999 36.1547317504883 36.1542663574219 36.1510238647461 36.1510047912598
36.1179847717285 36.1170272827148 36.1165618896484 36.1145248413086 36.1151695251465 36.1151351928711 36.1166572570801 36.1190872192383 36.1221656799316 36.1247291564941 36.1263236999512 36.1272735595703 36.128059387207 36.130443572998 36.1352920532227 36.1394844055176 36.1411781311035 36.1402702331543 36.1397895812988 36.1407470703125 36.1435394287109 36.1466445922852 36.148078918457 36.1478462219238 36.1482315063477 36.1488418579102 36.1506309509277 36.154857635498 36.1575775146484 36.157844543457 36.1589050292969 36.160530090332 36.161506652832 36.1638793945312 36.1653099060059 36.1652030944824 36.1661987304688 36.166316986084 36.1663818359375 -9999 -9999 -9999 -9999 -9999 -9999 -9999 -9999 -9999 -9999 -9999 -9999 -9999 -9999 -9999 -9999 -9999 36.1524238586426 36.152172088623 36.1508483886719 36.1495132446289 36.1487274169922
36.1154403686523 36.1132583618164 36.113956451416 36.1118049621582 36.1108169555664 36.1116561889648 36.1120109558105 36.1139602661133 36.1178016662598 36.1196212768555 36.1216506958008 36.1236419677734 36.1243476867676 36.1267776489258 36.1314506530762 36.1343154907227 36.1366577148438 36.1363487243652 36.1347732543945 36.1355476379395 36.139045715332 36.1410980224609 36.1421318054199 36.1434631347656 36.1430130004883 36.1439208984375 36.1474342346191 36.1525459289551 36.1540718078613 36.1553611755371 36.1560592651367 36.1570472717285 36.1592102050781 36.1583938598633 36.1598320007324 36.1609115600586 36.1607551574707 36.1614112854004 36.1627960205078 36.1640167236328 -9999 -9999 -9999 -9999 -9999 -9999 -9999 -9999 -9999 -9999 -9999 -9999 -9999 -9999 36.1518211364746 36.1510353088379 36.1499710083008 36.1483421325684 36.1472091674805 36.1465606689453 36.1448745727539
36.1152648925781 36.1145172119141 36.1175117492676 36.1114540100098 36.111400604248 36.1117897033691 36.1118316650391 36.1131896972656 36.1162528991699 36.1168518066406 36.1186027526855 36.1200370788574 36.1218414306641 36.1237449645996 36.1263008117676 36.1289710998535 36.1298408508301 36.1312866210938 36.1328506469727 36.1334609985352 36.1331367492676 36.1366004943848 36.1371688842773 36.1370811462402 36.1399078369141 36.1404724121094 36.1396865844727 36.1483192443848 36.1493186950684 36.1489295959473 36.1523246765137 36.1518745422363 36.1504821777344 36.1542205810547 36.155330657959 36.1539001464844 36.1571464538574 36.157600402832 36.155574798584 36.1586112976074 36.1590003967285 -9999 -9999 -9999 -9999 -9999 -9999 -9999 -9999 -9999 -9999 -9999 -9999 -9999 36.1491355895996 36.1481628417969 36.1450576782227 36.1455078125 36.1448097229004 36.1422958374023 36.1424903869629
36.1175346374512 36.115421295166 36.1137924194336 36.1083335876465 36.1078224182129 36.106575012207 36.1061706542969 36.1086387634277 36.1122856140137 36.1142807006836 36.1165771484375 36.1160621643066 36.1161804199219 36.1184692382812 36.122444152832 36.125846862793 36.1268272399902 36.1256637573242 36.1240882873535 36.1248512268066 36.127685546875 36.1304512023926 36.131893157959 36.1318435668945 36.1327972412109 36.1333122253418 36.1349983215332 36.1438941955566 36.1448936462402 36.1446151733398 36.1452255249023 36.1460037231445 36.146785736084 36.1487998962402 36.1503372192383 36.1502532958984 36.1511611938477 36.1516609191895 36.1522254943848 36.1532135009766 36.1535186767578 36.1529197692871 -9999 -9999 -9999 -9999 -9999 -9999 -9999 -9999 -9999 -9999 -9999 36.1456108093262 36.1450424194336 36.1445350646973 36.142650604248 36.1415786743164 36.1414566040039 36.1387329101562 36.1379585266113
36.1206321716309 36.1169509887695 36.1143913269043 36.1115036010742 36.1088027954102 36.1072120666504 36.1073837280273 36.1091957092285 36.112377166748 36.1141777038574 36.1152305603027 36.1150398254395 36.1135711669922 36.1160659790039 36.1206588745117 36.1242790222168 36.1248512268066 36.1245193481445 36.122631072998 36.1227493286133 36.126522064209 36.128589630127 36.1294441223145 36.1303024291992 36.1303024291992 36.1303367614746 36.1331443786621 36.1415519714355 36.1423797607422 36.1432723999023 36.1423873901367 36.1431083679199 36.1455307006836 36.1463623046875 36.1473999023438 36.1484909057617 36.1480827331543 36.1471099853516 36.1489906311035 36.1502494812012 36.150333404541 36.1503295898438 36.1489067077637 36.1493263244629 36.149486541748 -9999 -9999 -9999 -9999 -9999 -9999 -9999 36.1448593139648 36.1442565917969 36.142448425293 36.1416168212891 36.1402893066406 36.1393089294434 36.1393585205078 36.1376190185547 36.1362838745117
36.1247406005859 36.1236572265625 36.1267623901367 36.1147003173828 36.114128112793 36.114616394043 36.110767364502 36.1123008728027 36.1163597106934 36.1133575439453 36.1137313842773 36.1164169311523 36.1147956848145 36.1157417297363 36.1197471618652 36.1209831237793 36.121955871582 36.1225318908691 36.1221923828125 36.1224899291992 36.1230850219727 36.124755859375 36.1254386901855 36.1257095336914 36.1273498535156 36.1280555725098 36.1277465820312 36.1374244689941 36.1383438110352 36.137451171875 36.1394920349121 36.1404495239258 36.1392555236816 36.142219543457 36.1430511474609 36.1399726867676 36.1427993774414 36.1432609558105 36.1418838500977 36.1460075378418 36.1458320617676 36.1426734924316 36.14501953125 36.1455001831055 36.142822265625 36.1449508666992 36.1448936462402 36.1428070068359 36.144474029541 36.1441421508789 36.1418876647949 36.143684387207 36.1428451538086 36.1393127441406 36.1394920349121 36.1378555297852 36.1349639892578 36.1363334655762 36.1360626220703 36.1328773498535 36.1336975097656
36.1315002441406 36.1293106079102 36.126953125 36.1175727844238 36.1154899597168 36.1133003234863 36.1091003417969 36.1098823547363 36.1128845214844 36.1132469177246 36.1146507263184 36.1133804321289 36.1108474731445 36.1127090454102 36.1159820556641 36.1179504394531 36.1197700500488 36.118465423584 36.1159172058105 36.1159973144531 36.1176376342773 36.1191940307617 36.1203575134277 36.1205711364746 36.1205368041992 36.12158203125 36.1235809326172 36.1265182495117 36.1323852539062 36.1319808959961 36.1326484680176 36.1332931518555 36.1337394714355 36.1348991394043 36.1359176635742 36.1360702514648 36.1369514465332 36.137638092041 36.1381874084473 36.139949798584 36.1393280029297 36.1392021179199 36.139476776123 36.1388397216797 36.1381797790527 36.139045715332 36.1385803222656 36.1380500793457 36.1384353637695 36.1379776000977 36.1372756958008 36.1373100280762 36.1369132995605 36.1348419189453 36.1345252990723 36.1344871520996 36.1327095031738 36.1320686340332 36.1309204101562 36.1296310424805 36.1289596557617
36.139949798584 36.134349822998 36.1293907165527 36.1237449645996 36.1191902160645 36.1149139404297 36.1134719848633 36.1121597290039 36.1140022277832 36.115535736084 36.1150856018066 36.1129989624023 36.1108512878418 36.1112060546875 36.1146469116211 36.1172561645508 36.1173400878906 36.1175880432129 36.115348815918 36.1146430969238 36.1168899536133 36.1185684204102 36.1186370849609 36.1192626953125 36.1186141967773 36.1186790466309 36.1211814880371 36.1229057312012 36.1293907165527 36.1302833557129 36.1298561096191 36.1306228637695 36.1322822570801 36.1326065063477 36.1333503723145 36.134464263916 36.1339874267578 36.1344528198242 36.1358108520508 36.1347351074219 36.1355972290039 36.1362571716309 36.1358680725098 36.1359710693359 36.1363220214844 36.1364059448242 36.1362800598145 36.1366691589355 36.1360054016113 36.1356391906738 36.1356582641602 36.1345672607422 36.1338386535645 36.1330108642578 36.131763458252 36.1315116882324 36.1309852600098 36.1297492980957 36.1285629272461 36.1283226013184 36.1270332336426
36.147144317627 36.1440734863281 36.145320892334 36.1265296936035 36.125057220459 36.1261749267578 36.1153831481934 36.1166191101074 36.1202697753906 36.1126899719238 36.1143417358398 36.1159019470215 36.1123504638672 36.1133460998535 36.1150054931641 36.1122779846191 36.1125946044922 36.1133117675781 36.1109275817871 36.1109886169434 36.1120910644531 36.1118965148926 36.1120910644531 36.112678527832 36.114143371582 36.1144142150879 36.1146659851074 36.1178245544434 36.1247024536133 36.1247711181641 36.1256828308105 36.1256942749023 36.1251220703125 36.1266212463379 36.1257858276367 36.1249656677246 36.126880645752 36.127384185791 36.1271057128906 36.1293869018555 36.1297492980957 36.127815246582 36.1298751831055 36.1299476623535 36.1278533935547 36.1291198730469 36.1290550231934 36.1270942687988 36.1289710998535 36.1287651062012 36.126537322998 36.1284828186035 36.1285400390625 36.126049041748 36.1273536682129 36.1269683837891 36.1237602233887 36.1246070861816 36.1249923706055 36.1209869384766 36.1218910217285
36.1608085632324 36.1560173034668 36.1496353149414 36.1379852294922 36.1342430114746 36.1298408508301 36.1226921081543 36.1230010986328 36.1222267150879 36.1183967590332 36.1188507080078 36.1163520812988 36.1116600036621 36.1131782531738 36.1145515441895 36.1135940551758 36.1137046813965 36.1131248474121 36.1105880737305 36.1105613708496 36.1119537353516 36.1114501953125 36.1118392944336 36.1119346618652 36.1119728088379 36.1121711730957 36.1126747131348 36.1145362854004 36.1228828430176 36.1233291625977 36.1229972839355 36.1236839294434 36.1218147277832 36.1220664978027 36.123348236084 36.1233901977539 36.1236724853516 36.1241264343262 36.1236801147461 36.1254615783691 36.125732421875 36.1250495910645 36.1258773803711 36.1261329650879 36.1259269714355 36.125675201416 36.1255798339844 36.1253890991211 36.1259841918945 36.1257400512695 36.1248931884766 36.1250686645508 36.1248245239258 36.1239204406738 36.1235466003418 36.1229362487793 36.1210784912109 36.1208915710449 36.1215171813965 36.1196784973145 36.1192169189453
36.1723022460938 36.1648597717285 36.1543045043945 36.1474533081055 36.1419639587402 36.1344566345215 36.1313056945801 36.1266822814941 36.1241722106934 36.1232719421387 36.1215934753418 36.1175193786621 36.1140518188477 36.1128463745117 36.1143684387207 36.1156997680664 36.1144142150879 36.1132125854492 36.1113204956055 36.1097297668457 36.1111640930176 36.1114311218262 36.1107521057129 36.1107635498047 36.1100196838379 36.1100273132324 36.1109809875488 36.1112480163574 36.1208877563477 36.1198501586914 36.119197845459 36.1193542480469 36.120418548584 36.1202354431152 36.1206588745117 36.1214179992676 36.1208305358887 36.1209182739258 36.1212615966797 36.1214942932129 36.121223449707 36.121452331543 36.1222038269043 36.122974395752 36.1229133605957 36.1225395202637 36.1224975585938 36.1233139038086 36.122974395752 36.1227531433105 36.1228485107422 36.1219329833984 36.121753692627 36.1217384338379 36.1201286315918 36.1200523376465 36.1202049255371 36.1194458007812 36.1178512573242 36.1178970336914 36.1168174743652
36.1822128295898 36.178882598877 36.1789855957031 36.1556205749512 36.1533432006836 36.1546516418457 36.1371231079102 36.1357879638672 36.1380577087402 36.1238441467285 36.1239166259766 36.125186920166 36.116039276123 36.1165542602539 36.1187858581543 36.1118049621582 36.1133041381836 36.1150093078613 36.109790802002 36.108814239502 36.1096305847168 36.1070137023926 36.1072769165039 36.1082534790039 36.1067314147949 36.1069450378418 36.1076965332031 36.1080894470215 36.115837097168 36.1164817810059 36.1164932250977 36.1166839599609 36.1164894104004 36.116397857666 36.1166229248047 36.1160049438477 36.1164741516113 36.1159362792969 36.115161895752 36.1164627075195 36.1162261962891 36.1150550842285 36.1167602539062 36.1168022155762 36.1155166625977 36.1171379089355 36.1169319152832 36.1153717041016 36.1167182922363 36.1162948608398 36.1144714355469 36.1155242919922 36.116024017334 36.113697052002 36.1147384643555 36.1154022216797 36.1134719848633 36.1141891479492 36.1136169433594 36.111629486084 36.1124992370605
36.199348449707 36.1919174194336 36.1849098205566 36.1714553833008 36.1661643981934 36.1604957580566 36.1493034362793 36.1469116210938 36.1424903869629 36.1330451965332 36.1299476623535 36.1268501281738 36.1201133728027 36.1196823120117 36.1200218200684 36.1154441833496 36.1169128417969 36.115177154541 36.1109085083008 36.1102828979492 36.1103210449219 36.1084785461426 36.1079559326172 36.1076622009277 36.1057548522949 36.106014251709 36.1059494018555 36.1059379577637 36.1151428222656 36.1152458190918 36.1155662536621 36.1159400939941 36.1156806945801 36.1148338317871 36.1149291992188 36.1145439147949 36.1139755249023 36.1130065917969 36.1129531860352 36.1119079589844 36.1120223999023 36.112247467041 36.1129150390625 36.1127662658691 36.1131134033203 36.1132888793945 36.1131134033203 36.1130447387695 36.113109588623 36.1127090454102 36.1121025085449 36.1120834350586 36.1118431091309 36.1119689941406 36.1119766235352 36.1111297607422 36.1107139587402 36.1104354858398 36.1103591918945 36.1102333068848 36.1104164123535
36.2055549621582 36.2001571655273 36.1859474182129 36.1777000427246 36.1711387634277 36.1611022949219 36.1547622680664 36.1492805480957 36.141284942627 36.1361312866211 36.1321868896484 36.1269378662109 36.1245384216309 36.1215057373047 36.1190872192383 36.1164360046387 36.1136512756348 36.1109619140625 36.1086387634277 36.1066970825195 36.107349395752 36.1066932678223 36.1047248840332 36.1040115356445 36.1043281555176 36.1031799316406 36.1030464172363 36.1038818359375 36.113452911377 36.1142883300781 36.1139450073242 36.1132698059082 36.1132049560547 36.1123580932617 36.1123199462891 36.1119537353516 36.1099548339844 36.1095428466797 36.1092681884766 36.1084136962891 36.1076507568359 36.1092872619629 36.1092758178711 36.1093597412109 36.1097640991211 36.1084251403809 36.1082763671875 36.1090316772461 36.1083755493164 36.1081275939941 36.1081848144531 36.106575012207 36.1074714660645 36.1087608337402 36.107967376709 36.1082077026367 36.108470916748 36.1074867248535 36.1075248718262 36.1072044372559 36.1065902709961
