G_variables/Set1/2.6/SSSmean.asc
NCOLS 581 
NROWS 855 
XLLCORNER -74.9166666666667 
YLLCORNER -55.8333333333333 
CELLSIZE 0.0833333333333333 
NODATA_value -9999 
[rows 756 to 782 of 855, columns 183 to 243 of 581]
-9999 -9999 -9999 -9999 -9999 -9999 -9999 -9999 -9999 -9999 -9999 -9999 -9999 -9999 -9999 -9999 -9999 -9999 -9999 -9999 -9999 -9999 -9999 -9999 -9999 -9999 -9999 -9999 -9999 -9999 -9999 -9999 -9999 -9999 -9999 -9999 -9999 -9999 -9999 -9999 -9999 -9999 -9999 -9999 -9999 -9999 -9999 -9999 -9999 -9999 -9999 -9999 -9999 -9999 -9999 -9999 -9999 -9999 -9999 -9999 -9999
-9999 -9999 -9999 -9999 -9999 -9999 -9999 -9999 -9999 -9999 -9999 -9999 -9999 -9999 -9999 -9999 -9999 -9999 -9999 -9999 -9999 -9999 -9999 -9999 -9999 -9999 -9999 -9999 -9999 -9999 -9999 -9999 -9999 -9999 -9999 -9999 -9999 -9999 -9999 -9999 -9999 -9999 -9999 -9999 -9999 -9999 -9999 -9999 -9999 -9999 -9999 -9999 -9999 -9999 -9999 -9999 -9999 -9999 -9999 -9999 -9999
-9999 -9999 -9999 -9999 -9999 -9999 -9999 -9999 -9999 -9999 -9999 -9999 -9999 -9999 -9999 -9999 -9999 -9999 -9999 -9999 -9999 -9999 -9999 -9999 -9999 -9999 -9999 -9999 -9999 -9999 -9999 -9999 -9999 -9999 -9999 -9999 -9999 -9999 -9999 -9999 -9999 -9999 -9999 -9999 -9999 -9999 -9999 -9999 -9999 -9999 -9999 -9999 -9999 -9999 -9999 -9999 -9999 -9999 -9999 -9999 -9999
-9999 -9999 -9999 -9999 -9999 -9999 -9999 -9999 -9999 -9999 -9999 -9999 -9999 -9999 -9999 -9999 -9999 -9999 -9999 -9999 -9999 -9999 -9999 -9999 -9999 -9999 -9999 -9999 -9999 -9999 -9999 -9999 -9999 -9999 -9999 -9999 -9999 -9999 -9999 -9999 -9999 -9999 -9999 -9999 -9999 -9999 -9999 -9999 -9999 -9999 -9999 -9999 -9999 -9999 -9999 -9999 -9999 -9999 -9999 -9999 -9999
33.9498100280762 -9999 -9999 -9999 -9999 -9999 -9999 -9999 33.9370269775391 -9999 -9999 -9999 -9999 -9999 -9999 -9999 -9999 -9999 -9999 -9999 -9999 -9999 -9999 -9999 -9999 -9999 -9999 -9999 -9999 -9999 -9999 -9999 -9999 -9999 -9999 -9999 -9999 -9999 -9999 -9999 -9999 -9999 -9999 -9999 -9999 -9999 -9999 -9999 -9999 -9999 -9999 -9999 -9999 -9999 -9999 -9999 -9999 -9999 -9999 -9999 -9999
33.9510803222656 33.9495239257812 33.9477653503418 33.9458770751953 33.9436416625977 33.9428749084473 33.9408493041992 33.9379844665527 33.9378356933594 33.9371719360352 33.9362030029297 33.9363861083984 33.9369239807129 33.9368095397949 33.9370803833008 33.9385948181152 33.9398956298828 33.9402122497559 33.9418334960938 -9999 -9999 -9999 -9999 -9999 -9999 -9999 -9999 -9999 -9999 -9999 -9999 -9999 -9999 -9999 -9999 -9999 -9999 -9999 -9999 -9999 -9999 -9999 -9999 -9999 -9999 -9999 -9999 -9999 -9999 -9999 -9999 -9999 -9999 -9999 -9999 -9999 -9999 -9999 -9999 -9999 -9999
33.9520263671875 33.9501724243164 33.9483375549316 33.9470367431641 33.9445877075195 33.943904876709 33.9421539306641 33.9397888183594 33.9395408630371 33.9382476806641 33.9370613098145 33.9369888305664 33.9363250732422 33.9362945556641 33.9363594055176 33.9361267089844 33.9377861022949 33.9380187988281 33.9375648498535 33.9399795532227 33.9396286010742 33.9387359619141 33.9417343139648 33.9419746398926 33.9403495788574 33.942756652832 33.942512512207 33.9403610229492 -9999 -9999 -9999 -9999 -9999 -9999 -9999 -9999 -9999 -9999 -9999 -9999 -9999 -9999 -9999 -9999 -9999 -9999 -9999 -9999 -9999 -9999 -9999 -9999 -9999 -9999 -9999 -9999 -9999 -9999 -9999 -9999 -9999
33.952751159668 33.9511260986328 33.9491844177246 33.9477500915527 33.9457893371582 33.9451751708984 33.9432754516602 33.9411735534668 33.9403533935547 33.9391059875488 33.9375648498535 33.9372901916504 33.9362449645996 33.9355430603027 33.935432434082 33.9349021911621 33.9356842041016 33.9357376098633 33.9356880187988 33.9368858337402 33.9362487792969 33.9359512329102 33.9369316101074 33.9370269775391 33.9363403320312 33.9375762939453 33.9372215270996 33.9363059997559 33.9373359680176 33.9373397827148 33.937084197998 -9999 -9999 -9999 -9999 -9999 -9999 -9999 -9999 -9999 -9999 -9999 -9999 -9999 -9999 -9999 -9999 -9999 -9999 -9999 -9999 -9999 -9999 -9999 -9999 -9999 -9999 -9999 -9999 -9999 -9999
33.9534492492676 33.9521636962891 33.9520874023438 33.9503364562988 33.9494247436523 33.9489059448242 33.945686340332 33.9439353942871 33.9433059692383 33.9409599304199 33.9395484924316 33.9391670227051 33.9378509521484 33.9366493225098 33.9361534118652 33.9350700378418 33.9344673156738 33.9343605041504 33.9344215393066 33.9342613220215 33.9341506958008 33.9333839416504 33.9336166381836 33.9336051940918 33.9330749511719 33.9332733154297 33.9328804016113 33.9323654174805 33.9322357177734 33.9322128295898 33.9314613342285 33.9307250976562 33.9320640563965 33.9315452575684 33.9311370849609 -9999 -9999 -9999 -9999 -9999 -9999 -9999 -9999 -9999 -9999 -9999 -9999 -9999 -9999 -9999 -9999 -9999 -9999 -9999 -9999 -9999 -9999 -9999 -9999 -9999 -9999
33.9541473388672 33.9526824951172 33.9525947570801 33.951488494873 33.94970703125 33.9498176574707 33.9489059448242 33.9451293945312 33.9446754455566 33.9433326721191 33.9411735534668 33.9407730102539 33.9400672912598 33.9384841918945 33.9379386901855 33.9371681213379 33.9356155395508 33.9354553222656 33.9355697631836 33.9351997375488 33.9350776672363 33.9354705810547 33.9343681335449 33.9343109130859 33.9344863891602 33.9335403442383 33.9334030151367 33.9334144592285 33.932559967041 33.9324798583984 33.9323501586914 33.9307250976562 33.9312057495117 33.9317932128906 33.9313087463379 33.9312286376953 33.9306983947754 -9999 -9999 -9999 -9999 -9999 -9999 -9999 -9999 -9999 -9999 -9999 -9999 -9999 -9999 -9999 -9999 -9999 -9999 -9999 -9999 -9999 -9999 -9999 -9999
33.9540710449219 33.952751159668 33.9527015686035 33.9514999389648 33.9500732421875 33.9496955871582 33.9487991333008 33.9472007751465 33.9455986022949 33.9442443847656 33.9424171447754 33.9420852661133 33.9410514831543 33.9395866394043 33.9390602111816 33.9384231567383 33.9372406005859 33.9370346069336 33.9367637634277 33.9361877441406 33.9358825683594 33.9364318847656 33.9356918334961 33.9355087280273 33.9352531433105 33.9341659545898 33.9344024658203 33.9340705871582 33.9333992004395 33.9333190917969 33.9329109191895 33.9319877624512 33.9320869445801 33.9314193725586 33.9308586120605 33.931339263916 33.9304161071777 33.9298896789551 33.9295959472656 -9999 -9999 -9999 -9999 -9999 -9999 -9999 -9999 -9999 -9999 -9999 -9999 -9999 -9999 -9999 -9999 -9999 -9999 -9999 -9999 -9999 -9999
33.9543380737305 33.9533500671387 33.9531707763672 33.9519844055176 33.9511299133301 33.9508361816406 33.9499168395996 33.9493064880371 33.9484825134277 33.9459609985352 33.9449005126953 33.9442405700684 33.9430084228516 33.9421310424805 33.9420852661133 33.941089630127 33.9410591125488 33.9408683776855 33.9400520324707 33.940502166748 33.9401206970215 33.9390487670898 33.9391784667969 33.9390754699707 33.9381713867188 33.9380798339844 33.937744140625 33.9367141723633 33.9366607666016 33.9372596740723 33.936206817627 33.9364585876465 33.9364433288574 33.9345283508301 33.9343223571777 33.934513092041 33.9331207275391 33.9327278137207 33.9328498840332 33.9313583374023 33.9308052062988 -9999 -9999 -9999 -9999 -9999 -9999 -9999 -9999 -9999 -9999 -9999 -9999 -9999 -9999 -9999 -9999 -9999 -9999 -9999 -9999
33.95458984375 33.9534530639648 33.9532928466797 33.952808380127 33.9516525268555 33.9513816833496 33.9506034851074 33.9494819641113 33.9491653442383 33.9469795227051 33.9455604553223 33.9452362060547 33.9447898864746 33.943359375 33.9433250427246 33.9432754516602 33.9420738220215 33.9423828125 33.9426765441895 33.9421997070312 33.942066192627 33.9420623779297 33.9410629272461 33.940975189209 33.9415092468262 33.940128326416 33.9397888183594 33.9403762817383 33.9389419555664 33.9389228820801 33.9402656555176 33.9388618469238 33.939266204834 33.9389228820801 33.9370307922363 33.9372177124023 33.9376220703125 33.9355392456055 33.935661315918 33.9358139038086 33.933536529541 33.9332809448242 33.9332122802734 -9999 -9999 -9999 -9999 -9999 -9999 -9999 -9999 -9999 -9999 -9999 -9999 -9999 -9999 -9999 -9999 -9999 -9999
33.9548034667969 33.9537048339844 33.95361328125 33.9528923034668 33.9523010253906 33.9520225524902 33.9503936767578 33.9502792358398 33.9499702453613 33.947826385498 33.9465522766113 33.946231842041 33.9456100463867 33.9445495605469 33.9445915222168 33.9442558288574 33.9435043334961 33.943904876709 33.9436569213867 33.9433097839355 33.9433403015137 33.9429512023926 33.9429359436035 33.9429016113281 33.9429779052734 33.9422149658203 33.9418792724609 33.9420547485352 33.941291809082 33.9413375854492 33.9419059753418 33.941162109375 33.9411506652832 33.9412727355957 33.9395294189453 33.9400024414062 33.9396743774414 33.938346862793 33.9385070800781 33.9378700256348 33.9363288879395 33.9360809326172 33.9350051879883 33.9335174560547 -9999 -9999 -9999 -9999 -9999 -9999 -9999 -9999 -9999 -9999 -9999 -9999 -9999 -9999 -9999 -9999 -9999
33.9546699523926 33.9538955688477 33.9532928466797 33.9526710510254 33.9521064758301 33.9522857666016 33.9516105651855 33.9509506225586 33.9498252868652 33.9494590759277 33.9485664367676 33.948127746582 33.9473075866699 33.9466094970703 33.9463920593262 33.945915222168 33.9455986022949 33.9458541870117 33.9454536437988 33.9453201293945 33.9453010559082 33.944995880127 33.9454612731934 33.9454574584961 33.9451713562012 33.944995880127 33.94482421875 33.9446144104004 33.9445495605469 33.9446830749512 33.9448165893555 33.9446640014648 33.944522857666 33.9444923400879 33.9441795349121 33.9440307617188 33.9438247680664 33.9433326721191 33.9426460266113 33.9415092468262 33.9408340454102 33.9406471252441 33.9394416809082 33.9386253356934 33.9383239746094 33.9362373352051 -9999 -9999 -9999 -9999 -9999 -9999 -9999 -9999 -9999 -9999 -9999 -9999 -9999 -9999 -9999
33.9548873901367 33.9539947509766 33.9534111022949 33.9529876708984 33.9526023864746 33.9526557922363 33.9523849487305 33.9518089294434 33.9509544372559 33.9501037597656 33.9494323730469 33.9489326477051 33.9482231140137 33.9472541809082 33.9469108581543 33.9465293884277 33.9458847045898 33.9460792541504 33.9458198547363 33.9454040527344 33.9454116821289 33.9452819824219 33.9449195861816 33.9455108642578 33.9453735351562 33.9451103210449 33.9450073242188 33.944938659668 33.9444847106934 33.9446487426758 33.9454574584961 33.9452362060547 33.945125579834 33.9455032348633 33.9447860717773 33.9445953369141 33.9442901611328 33.9434242248535 33.9428062438965 33.9428215026855 33.9416198730469 33.9414863586426 33.9412460327148 33.9395790100098 33.9400329589844 33.9394111633301 33.9377021789551 -9999 -9999 -9999 -9999 -9999 -9999 -9999 -9999 -9999 -9999 -9999 -9999 -9999 -9999
33.955005645752 33.9540061950684 33.9534378051758 33.9530830383301 33.9528312683105 33.9530372619629 33.9529457092285 33.9525260925293 33.9524116516113 33.9510879516602 33.9496955871582 33.9490585327148 33.9486427307129 33.9476661682129 33.9471397399902 33.9465980529785 33.9459457397461 33.9456825256348 33.9458312988281 33.9451217651367 33.9453163146973 33.9452705383301 33.9449577331543 33.9448776245117 33.944694519043 33.9444541931152 33.9447250366211 33.9446449279785 33.9445495605469 33.9448280334473 33.9451599121094 33.9452667236328 33.9460983276367 33.9460639953613 33.9453773498535 33.9450988769531 33.944652557373 33.9440841674805 33.9435386657715 33.9433975219727 33.9426498413086 33.9426498413086 33.9422950744629 33.9415054321289 33.9413070678711 33.9395866394043 33.939281463623 33.938850402832 -9999 -9999 -9999 -9999 -9999 -9999 -9999 -9999 -9999 -9999 -9999 -9999 -9999
33.9545249938965 33.9536628723145 33.9534797668457 33.9528617858887 33.9525184631348 33.9527053833008 33.9530067443848 33.9527626037598 33.9526748657227 33.951286315918 33.9500389099121 33.9493942260742 33.9485015869141 33.9476470947266 33.9477157592773 33.9470558166504 33.9464836120605 33.9461860656738 33.9456405639648 33.9450645446777 33.9457740783691 33.9454956054688 33.9452171325684 33.9451637268066 33.9448280334473 33.9442405700684 33.9445648193359 33.9444885253906 33.944393157959 33.9446258544922 33.9447784423828 33.9448394775391 33.9448928833008 33.9449195861816 33.9453125 33.9450836181641 33.9447822570801 33.9446601867676 33.9448013305664 33.944766998291 33.9444999694824 33.9444885253906 33.943977355957 33.9434280395508 33.9434051513672 33.9419746398926 33.9417304992676 33.9420890808105 33.9405212402344 -9999 -9999 -9999 -9999 -9999 -9999 -9999 -9999 -9999 -9999 -9999 -9999
33.9546813964844 33.953670501709 33.9534034729004 33.9528121948242 33.9521408081055 33.9521789550781 33.9520149230957 33.9518623352051 33.9508247375488 33.9501724243164 33.9494094848633 33.948974609375 33.9483108520508 33.9475517272949 33.9473342895508 33.9468193054199 33.9461441040039 33.9458427429199 33.945484161377 33.9448471069336 33.9450492858887 33.9453773498535 33.9449005126953 33.9448165893555 33.9445724487305 33.9441680908203 33.944465637207 33.9443969726562 33.944164276123 33.9442901611328 33.9443206787109 33.9442405700684 33.9439239501953 33.9444427490234 33.9441337585449 33.9447364807129 33.9446907043457 33.9444885253906 33.9443550109863 33.9443016052246 33.943920135498 33.9439277648926 33.9444236755371 33.9439010620117 33.9431457519531 33.9427642822266 33.9421577453613 33.9418716430664 33.9413414001465 33.9401969909668 -9999 -9999 -9999 -9999 -9999 -9999 -9999 -9999 -9999 -9999 -9999
33.9545021057129 33.9530906677246 33.9527626037598 33.9520950317383 33.951229095459 33.9511528015137 33.9508781433105 33.9509124755859 33.950813293457 33.9493789672852 33.9489135742188 33.9486656188965 33.9481163024902 33.9475479125977 33.9473915100098 33.9468307495117 33.9462585449219 33.9460830688477 33.9455261230469 33.9452018737793 33.9454803466797 33.9448394775391 33.9443855285645 33.9448204040527 33.9441223144531 33.943717956543 33.9440040588379 33.9436492919922 33.9433326721191 33.9433822631836 33.9438056945801 33.9437522888184 33.9438133239746 33.9437599182129 33.943675994873 33.9436950683594 33.9440956115723 33.9440536499023 33.9442939758301 33.9442253112793 33.9440650939941 33.9441146850586 33.9438705444336 33.9438781738281 33.9438896179199 33.9429244995117 33.9426498413086 33.9424896240234 33.9418640136719 33.9411811828613 33.9416999816895 -9999 -9999 -9999 -9999 -9999 -9999 -9999 -9999 -9999 -9999
33.9550514221191 33.9534683227539 33.953010559082 33.9520492553711 33.9510841369629 33.9508934020996 33.9502716064453 33.9499702453613 33.9501342773438 33.9481010437012 33.9478225708008 33.9476470947266 33.9472732543945 33.9469146728516 33.9467277526855 33.9462890625 33.9458656311035 33.9456596374512 33.9455718994141 33.9454574584961 33.9457168579102 33.9452095031738 33.9447631835938 33.9448585510254 33.9443855285645 33.9439010620117 33.9437942504883 33.9433479309082 33.9429664611816 33.9430046081543 33.9427261352539 33.9432907104492 33.9433631896973 33.943717956543 33.9436798095703 33.943775177002 33.9442481994629 33.9443740844727 33.9441947937012 33.9441452026367 33.9442863464355 33.944450378418 33.9443397521973 33.9438896179199 33.9446144104004 33.9445877075195 33.9447860717773 33.9447364807129 33.9445877075195 33.9441146850586 33.9436798095703 33.9425735473633 -9999 -9999 -9999 -9999 -9999 -9999 -9999 -9999 -9999
33.9555244445801 33.9536514282227 33.9531326293945 33.9520950317383 33.950870513916 33.9507102966309 33.9501113891602 33.9495620727539 33.9496192932129 33.9475555419922 33.9471778869629 33.9470291137695 33.9465675354004 33.9462280273438 33.9460945129395 33.9457397460938 33.945499420166 33.9454345703125 33.9453315734863 33.9454231262207 33.9452438354492 33.9451560974121 33.9447059631348 33.9447555541992 33.944263458252 33.9436874389648 33.943359375 33.9428367614746 33.942569732666 33.9426307678223 33.9423942565918 33.9428291320801 33.9428329467773 33.9428977966309 33.9429893493652 33.9430618286133 33.9438819885254 33.9440612792969 33.943920135498 33.9439125061035 33.9440307617188 33.9442481994629 33.9443817138672 33.9438667297363 33.9443817138672 33.9446029663086 33.9448204040527 33.9447937011719 33.9445610046387 33.9444808959961 33.9441070556641 33.9436378479004 33.9424018859863 -9999 -9999 -9999 -9999 -9999 -9999 -9999 -9999
33.9554748535156 33.9535903930664 33.9530944824219 33.951904296875 33.9505233764648 33.950252532959 33.9496040344238 33.9491348266602 33.9489364624023 33.9469833374023 33.9465484619141 33.9464225769043 33.9460792541504 33.9455833435059 33.9453353881836 33.9452934265137 33.9451637268066 33.9451599121094 33.9450225830078 33.9449348449707 33.9452133178711 33.9446983337402 33.9442863464355 33.9446678161621 33.9441337585449 33.9435920715332 33.9433708190918 33.9427642822266 33.9423217773438 33.942325592041 33.9420509338379 33.9421920776367 33.9426918029785 33.942253112793 33.9425811767578 33.9427261352539 33.9435691833496 33.9437789916992 33.9437255859375 33.9439315795898 33.9440994262695 33.9442405700684 33.9443511962891 33.9446029663086 33.9451789855957 33.944709777832 33.9451332092285 33.9451370239258 33.9448013305664 33.9442520141602 33.9446029663086 33.9440231323242 33.943115234375 -9999 -9999 -9999 -9999 -9999 -9999 -9999 -9999
33.956298828125 33.9544067382812 33.9543724060059 33.9528656005859 33.9513702392578 33.951114654541 33.9494209289551 33.9483413696289 33.9469680786133 33.9463539123535 33.946231842041 33.9463768005371 33.9460182189941 33.9455986022949 33.9449806213379 33.9447898864746 33.9446144104004 33.9445381164551 33.9448051452637 33.9445877075195 33.9442901611328 33.9442291259766 33.9440612792969 33.9439125061035 33.9439010620117 33.943359375 33.9432754516602 33.9426574707031 33.942066192627 33.9419822692871 33.941764831543 33.9417991638184 33.941535949707 33.9416046142578 33.9420318603516 33.9421844482422 33.9425315856934 33.9427795410156 33.9429550170898 33.9438095092773 33.9441070556641 33.9441032409668 33.944766998291 33.9450187683105 33.9452362060547 33.9452285766602 33.9452209472656 33.9458847045898 33.9457740783691 33.9454956054688 33.9455146789551 33.944881439209 33.9443778991699 33.9445915222168 -9999 -9999 -9999 -9999 -9999 -9999 -9999
33.9567680358887 33.9547576904297 33.9546279907227 33.953254699707 33.9514808654785 33.9511604309082 33.9500770568848 33.9472198486328 33.9470481872559 33.9466247558594 33.9459686279297 33.9461250305176 33.9457550048828 33.9453506469727 33.9447402954102 33.9444618225098 33.9442939758301 33.944091796875 33.9441070556641 33.9438247680664 33.9437103271484 33.943977355957 33.9437370300293 33.9436111450195 33.9430847167969 33.9426345825195 33.9425392150879 33.9421539306641 33.9416160583496 33.9414710998535 33.940990447998 33.9404029846191 33.9409828186035 33.9410972595215 33.9416160583496 33.9419021606445 33.9420890808105 33.9424209594727 33.942626953125 33.942943572998 33.9436454772949 33.9438362121582 33.9441146850586 33.9447364807129 33.9448509216309 33.944522857666 33.9452209472656 33.9461097717285 33.9459571838379 33.9456024169922 33.9456520080566 33.9452819824219 33.944221496582 33.9444808959961 33.9437713623047 -9999 -9999 -9999 -9999 -9999 -9999
33.9567260742188 33.9548454284668 33.954761505127 33.9531517028809 33.951358795166 33.9509468078613 33.9483032226562 33.9469985961914 33.9468193054199 33.9461212158203 33.9455642700195 33.9454879760742 33.9451446533203 33.9446907043457 33.9440727233887 33.9440803527832 33.9438438415527 33.9438095092773 33.9433441162109 33.9431800842285 33.9433822631836 33.9433097839355 33.943416595459 33.9433250427246 33.9427871704102 33.9423294067383 33.9422264099121 33.9414710998535 33.9411506652832 33.9409713745117 33.9403076171875 33.9398155212402 33.9394149780273 33.9392929077148 33.9408531188965 33.941047668457 33.9413452148438 33.9416809082031 33.9419250488281 33.9423332214355 33.9429779052734 33.943187713623 33.9438667297363 33.9441871643066 33.9443626403809 33.9444389343262 33.9442481994629 33.9450073242188 33.9455871582031 33.9453392028809 33.9454498291016 33.945011138916 33.9444541931152 33.9447746276855 33.9434547424316 33.9425468444824 -9999 -9999 -9999 -9999 -9999
33.9575004577637 33.9558906555176 33.9540977478027 33.9524307250977 33.9508399963379 33.9503402709961 33.9488258361816 33.9472122192383 33.9470977783203 33.9459838867188 33.9451560974121 33.9450874328613 33.9445381164551 33.9439353942871 33.9438362121582 33.9435081481934 33.9430732727051 33.9430160522461 33.9426918029785 33.9421119689941 33.941967010498 33.9422607421875 33.9422607421875 33.9421539306641 33.941707611084 33.9411659240723 33.9406433105469 33.9400520324707 33.9394721984863 33.9391899108887 33.9387855529785 33.9385948181152 33.9385223388672 33.9388275146484 33.9393348693848 33.9395790100098 33.9405517578125 33.9408798217773 33.9411849975586 33.9416885375977 33.9419441223145 33.9426803588867 33.9431266784668 33.9439353942871 33.9442520141602 33.944507598877 33.9447746276855 33.9455528259277 33.9454917907715 33.9454345703125 33.9454536437988 33.9448204040527 33.9444770812988 33.9444923400879 33.9437980651855 33.9429512023926 -9999 -9999 -9999 -9999 -9999
