G_variables/Set1/2.6/SSSran.asc
NCOLS 581 
NROWS 855 
XLLCORNER -74.9166666666667 
YLLCORNER -55.8333333333333 
CELLSIZE 0.0833333333333333 
NODATA_value -9999 
[rows 486 to 512 of 855, columns 366 to 426 of 581]
1.13574612140656 1.1041886806488 1.09426879882812 1.0589679479599 1.03804099559784 1.02998411655426 1.00214385986328 0.981680333614349 0.974406957626343 0.959989905357361 0.957125723361969 0.936619579792023 0.93810498714447 0.935068607330322 0.940430998802185 0.947282433509827 0.954655110836029 0.957198083400726 0.966104209423065 0.963172256946564 0.963747799396515 0.957412540912628 0.960912704467773 0.950419187545776 0.949102997779846 0.934039354324341 0.934866964817047 0.945079028606415 0.953275203704834 0.955402493476868 0.949581027030945 0.946212410926819 0.939335346221924 0.930546760559082 0.930932402610779 0.928852438926697 0.922974288463593 0.911422371864319 0.906136393547058 0.923168659210205 0.929872155189514 0.940656721591949 0.977328836917877 1.03510308265686 1.0533641576767 1.09664499759674 1.13568127155304 1.15038204193115 1.17135107517242 1.19743454456329 1.20280349254608 1.21532237529755 1.23465204238892 1.249347448349 1.27020227909088 1.28917491436005 1.29707872867584 1.29024243354797 1.2744437456131 1.2830638885498 -9999
1.10853826999664 1.07956409454346 1.05170500278473 1.0241379737854 1.01032197475433 0.993598103523254 0.977605700492859 0.975210726261139 0.961475193500519 0.957910895347595 0.961494207382202 0.942500293254852 0.940511107444763 0.943791568279266 0.941236615180969 0.945361137390137 0.953948080539703 0.959071397781372 0.960927605628967 0.977183818817139 0.973888158798218 0.978720545768738 0.971923828125 0.962813377380371 0.962055504322052 0.938169062137604 0.934407472610474 0.952445030212402 0.952109098434448 0.952799141407013 0.972081661224365 0.973633289337158 0.964610457420349 0.965067327022552 0.947024345397949 0.948215067386627 0.937788367271423 0.906980633735657 0.90951406955719 0.933641672134399 0.935517132282257 0.952083706855774 1.02114987373352 1.05013787746429 1.08637225627899 1.12176334857941 1.12481546401978 1.14432811737061 1.16500890254974 1.1742981672287 1.19000458717346 1.22048795223236 1.24065661430359 1.26188814640045 1.28727078437805 1.2950804233551 1.2977819442749 1.29712545871735 1.28684031963348 -9999 -9999
1.0981959104538 1.05594396591187 1.03410363197327 1.01179754734039 0.988070130348206 0.98521500825882 0.971420705318451 0.961852729320526 0.960047721862793 0.957874178886414 0.961486041545868 0.946008801460266 0.942573070526123 0.94507908821106 0.940922915935516 0.941526889801025 0.955275535583496 0.95837390422821 0.96137136220932 0.97567480802536 0.985363125801086 0.983463823795319 0.978003919124603 0.973598659038544 0.968344271183014 0.951215803623199 0.944325864315033 0.956339061260223 0.958390414714813 0.963324129581451 0.976962745189667 0.985217869281769 0.986194312572479 0.97565895318985 0.96469122171402 0.960288107395172 0.945421397686005 0.932030498981476 0.930009126663208 0.946833670139313 0.95256644487381 0.977651059627533 1.03840458393097 1.07576835155487 1.09807479381561 1.13321363925934 1.14078891277313 1.14359021186829 1.16802370548248 1.17698299884796 1.19104039669037 1.2262110710144 1.24563598632812 1.26560115814209 1.29317557811737 1.29569232463837 1.30568039417267 1.29883396625519 -9999 -9999 -9999
1.06332683563232 1.03107368946075 1.01968884468079 0.98857045173645 0.973096251487732 0.966722905635834 0.957404255867004 0.957253575325012 0.956177771091461 0.958222210407257 0.961696326732635 0.943706274032593 0.942882299423218 0.949199855327606 0.947613716125488 0.946260154247284 0.954321265220642 0.950429320335388 0.965736091136932 0.975069105625153 0.981788158416748 0.997274458408356 0.998567163944244 0.988411545753479 0.991401731967926 0.986623883247375 0.986698150634766 0.989697575569153 0.990338504314423 0.990025162696838 1.0079607963562 1.00615990161896 1.0047003030777 1.00990533828735 0.988790690898895 0.984053194522858 0.997568845748901 0.981997311115265 0.981422662734985 1.00513601303101 1.02200639247894 1.03742837905884 1.08296775817871 1.11754536628723 1.12942910194397 1.1579966545105 1.15635085105896 1.16225898265839 1.18488001823425 1.19458508491516 1.20317661762238 1.22862696647644 1.25143754482269 1.267449259758 1.28161585330963 1.29599237442017 1.30243766307831 1.29967188835144 -9999 -9999 -9999
1.04111611843109 1.00938558578491 0.987821400165558 0.977720022201538 0.966416418552399 0.953929603099823 0.969414353370667 0.963974416255951 0.963724851608276 0.979493916034698 0.967244565486908 0.951780080795288 0.964281499385834 0.956560730934143 0.956971526145935 0.959047138690948 0.948998391628265 0.946645736694336 0.961379706859589 0.978399872779846 0.988763570785522 1.0119765996933 1.03114295005798 1.01574611663818 1.02564465999603 1.02646136283875 1.02559077739716 1.02097916603088 1.01781988143921 1.02092850208282 1.02591669559479 1.03205072879791 1.03512525558472 1.03555488586426 1.03080332279205 1.02447235584259 1.02456831932068 1.02499306201935 1.02264320850372 1.04648566246033 1.07630598545074 1.10441935062408 1.1363091468811 1.1594649553299 1.18437814712524 1.18813645839691 1.1817227602005 1.18647599220276 1.18631553649902 1.20251977443695 1.2189199924469 1.24515128135681 1.26596391201019 1.29105854034424 1.31524837017059 1.31782054901123 -9999 -9999 -9999 -9999 -9999
1.03500890731812 0.99589478969574 0.989314556121826 0.977578401565552 0.96314525604248 0.966570913791656 0.97556209564209 0.971461057662964 0.977189004421234 0.988410830497742 0.983786880970001 0.968732953071594 0.973591208457947 0.969909965991974 0.961354792118073 0.963024318218231 0.957052648067474 0.950398325920105 0.96797513961792 0.984405815601349 1.00069522857666 1.02549159526825 1.0368367433548 1.04468405246735 1.03791427612305 1.04382753372192 1.04488241672516 1.03255152702332 1.04109704494476 1.03213512897491 1.03486824035645 1.04799211025238 1.05525100231171 1.05206680297852 1.05220210552216 1.05829262733459 1.04292380809784 1.04922330379486 1.05877602100372 1.06744027137756 1.11272633075714 1.12913000583649 1.15371406078339 1.19230771064758 1.19673800468445 1.19294476509094 1.20922291278839 1.20159637928009 1.19976460933685 1.21345376968384 1.22858417034149 1.25350546836853 1.27761793136597 1.30636239051819 1.32458388805389 -9999 -9999 -9999 -9999 -9999 -9999
1.02346646785736 1.00103878974915 0.99439799785614 0.993230819702148 0.99017596244812 0.988195717334747 1.00395202636719 1.00828576087952 1.01092541217804 1.02195382118225 1.02060770988464 1.00708389282227 1.00268602371216 0.988818109035492 0.983796834945679 0.988072156906128 0.979780316352844 0.975644767284393 0.994792222976685 1.00993800163269 1.01747095584869 1.04786491394043 1.06838274002075 1.06524693965912 1.07452023029327 1.0759345293045 1.07589507102966 1.07766807079315 1.07271349430084 1.06511700153351 1.07156264781952 1.06989467144012 1.07355272769928 1.08606457710266 1.09003961086273 1.09406840801239 1.10567080974579 1.11286270618439 1.11716628074646 1.14238548278809 1.16310393810272 1.17670929431915 1.20206964015961 1.21147572994232 1.21528208255768 1.2223025560379 1.22320187091827 1.22925138473511 1.23132848739624 1.24228429794312 1.25211608409882 1.28155195713043 1.30214035511017 1.32268881797791 -9999 -9999 -9999 -9999 -9999 -9999 -9999
1.03684151172638 1.01775729656219 0.99885219335556 1.02468168735504 1.02221369743347 1.02015686035156 1.04123330116272 1.04588711261749 1.05588603019714 1.05866968631744 1.05331420898438 1.04338979721069 1.02998805046082 1.0185889005661 1.00672447681427 0.998716533184052 0.994751572608948 0.993714451789856 1.00339448451996 1.01808536052704 1.03159403800964 1.05561721324921 1.08213007450104 1.08593761920929 1.10162055492401 1.10806739330292 1.09935939311981 1.10022366046906 1.09152007102966 1.08461213111877 1.08040022850037 1.07857739925385 1.09120643138885 1.09496212005615 1.11116647720337 1.11449325084686 1.11908662319183 1.13986074924469 1.14554274082184 1.1564314365387 1.1807416677475 1.20443832874298 1.21133780479431 1.22355103492737 1.23221027851105 1.22295987606049 1.21993005275726 1.2246036529541 1.23560857772827 1.25578331947327 1.26435732841492 1.28756558895111 1.31649577617645 -9999 -9999 -9999 -9999 -9999 -9999 -9999 -9999
1.03791308403015 1.02085471153259 1.03499960899353 1.04531979560852 1.05512237548828 1.05441701412201 1.06318247318268 1.07751369476318 1.07105159759521 1.07055950164795 1.07700324058533 1.05612289905548 1.03666353225708 1.03485035896301 1.02932226657867 1.01214349269867 1.01282119750977 1.00838267803192 1.01427149772644 1.03202855587006 1.03738164901733 1.0591447353363 1.08770632743835 1.09627747535706 1.10675466060638 1.11581492424011 1.12329494953156 1.11298513412476 1.11162137985229 1.10045623779297 1.0954087972641 1.10194456577301 1.09704995155334 1.09979176521301 1.12003803253174 1.12874746322632 1.12610757350922 1.14772593975067 1.16053140163422 1.16880369186401 1.20084071159363 1.21015930175781 1.22001349925995 1.23131430149078 1.23444414138794 1.2231525182724 1.21971297264099 1.23652458190918 1.24289095401764 1.2629634141922 1.28035068511963 -9999 -9999 -9999 -9999 -9999 -9999 -9999 -9999 -9999 -9999
1.11195981502533 1.11581313610077 1.11732292175293 1.13784146308899 1.15132761001587 1.1539112329483 1.1673755645752 1.16217851638794 1.14778530597687 1.14702129364014 1.12697184085846 1.11732566356659 1.11380529403687 1.09483587741852 1.08381128311157 1.07955479621887 1.07601881027222 1.07939028739929 1.08549118041992 1.09832632541656 1.09963309764862 1.12483263015747 1.14138281345367 1.13733065128326 1.16030049324036 1.17260360717773 1.17081296443939 1.17453300952911 1.17405486106873 1.1714802980423 1.16535067558289 1.16428983211517 1.1627242565155 1.16952741146088 1.17606735229492 1.17000639438629 1.18251085281372 1.1979638338089 1.20611178874969 1.21264564990997 1.23364186286926 1.23827219009399 1.24829030036926 1.25725984573364 1.26379537582397 1.26570534706116 1.27922832965851 1.30372726917267 1.31693756580353 1.33966553211212 -9999 -9999 -9999 -9999 -9999 -9999 -9999 -9999 -9999 -9999 -9999
1.13903772830963 1.17039251327515 1.17395162582397 1.19864201545715 1.21047151088715 1.22037732601166 1.21403014659882 1.19623112678528 1.18537306785583 1.17132234573364 1.14527368545532 1.13271462917328 1.11804676055908 1.10031807422638 1.08532190322876 1.08552730083466 1.09086084365845 1.09634339809418 1.09545254707336 1.09897971153259 1.10791003704071 1.12588810920715 1.14442956447601 1.14775741100311 1.1607254743576 1.18235754966736 1.18141782283783 1.18553423881531 1.19606423377991 1.19233775138855 1.18413877487183 1.17007982730865 1.17231237888336 1.16322958469391 1.16127097606659 1.15989673137665 1.17261803150177 1.19210982322693 1.20352137088776 1.20484256744385 1.2052241563797 1.21445775032043 1.22053694725037 1.23981511592865 1.24618649482727 1.25650334358215 1.28005945682526 1.30247640609741 -9999 -9999 -9999 -9999 -9999 -9999 -9999 -9999 -9999 -9999 -9999 -9999 -9999
1.15155756473541 1.18519079685211 1.20748150348663 1.21947848796844 1.25497186183929 1.25582849979401 1.23259079456329 1.22763538360596 1.21274471282959 1.18229722976685 1.16396415233612 1.13882100582123 1.11974155902863 1.10434889793396 1.09320139884949 1.08637380599976 1.08863139152527 1.09459865093231 1.10455143451691 1.11795496940613 1.12547266483307 1.1351181268692 1.156365275383 1.14932453632355 1.16667926311493 1.18419182300568 1.18901133537292 1.18898379802704 1.19339084625244 1.20239901542664 1.19230151176453 1.18279445171356 1.17427027225494 1.16878700256348 1.16984629631042 1.16388761997223 1.17527937889099 1.19475531578064 1.19841349124908 1.20220363140106 1.18407905101776 1.181755900383 1.21202504634857 1.23176348209381 1.25163626670837 1.25923597812653 -9999 -9999 -9999 -9999 -9999 -9999 -9999 -9999 -9999 -9999 -9999 -9999 -9999 -9999 -9999
1.20618808269501 1.22873198986053 1.23028421401978 1.2625732421875 1.27698886394501 1.27915799617767 1.27198016643524 1.24945402145386 1.24173271656036 1.22112643718719 1.19029128551483 1.17578303813934 1.15768706798553 1.13554608821869 1.11674785614014 1.11540830135345 1.10379815101624 1.10676884651184 1.12418758869171 1.13884496688843 1.13491761684418 1.14146363735199 1.16191005706787 1.16695165634155 1.18194901943207 1.19558036327362 1.18444764614105 1.19447112083435 1.19891560077667 1.20086336135864 1.18958735466003 1.18965816497803 1.19621098041534 1.18471896648407 1.17968797683716 1.18207955360413 1.18717050552368 1.1987282037735 1.19111752510071 1.18552613258362 1.1836314201355 1.18273687362671 1.19987380504608 1.2193078994751 -9999 -9999 -9999 -9999 -9999 -9999 -9999 -9999 -9999 -9999 -9999 -9999 -9999 -9999 -9999 -9999 -9999
1.22110629081726 1.2558262348175 1.26664507389069 1.30081057548523 1.30598104000092 1.30790543556213 1.30405282974243 1.27610957622528 1.26500248908997 1.25716304779053 1.22880840301514 1.20889854431152 1.1790736913681 1.13775658607483 1.12081575393677 1.11656618118286 1.12262547016144 1.12621307373047 1.12723183631897 1.14008510112762 1.13751673698425 1.14994132518768 1.16887247562408 1.18132174015045 1.17159616947174 1.1679664850235 1.16254186630249 1.17890310287476 1.2029527425766 1.20212197303772 1.21522235870361 1.21195125579834 1.2123202085495 1.19193649291992 1.16940832138062 1.17363572120667 1.1923131942749 1.20216929912567 1.20250308513641 -9999 -9999 -9999 -9999 -9999 -9999 -9999 -9999 -9999 -9999 -9999 -9999 -9999 -9999 -9999 -9999 -9999 -9999 -9999 -9999 -9999 -9999
1.22965955734253 1.27152740955353 1.28954493999481 1.31286859512329 1.32427549362183 1.3244092464447 1.31704366207123 1.30238151550293 1.28646469116211 1.2691011428833 1.24986290931702 1.22479224205017 1.19130480289459 1.16367125511169 1.1261225938797 1.12763047218323 1.13745832443237 1.13508820533752 1.13626229763031 1.14346134662628 1.14765405654907 1.15692186355591 1.17012417316437 1.17498850822449 1.17262804508209 1.16933000087738 1.15444219112396 1.17731142044067 1.19870793819427 1.21489238739014 1.22492814064026 1.21871066093445 1.22224318981171 1.20539617538452 1.18792700767517 -9999 -9999 -9999 -9999 -9999 -9999 -9999 -9999 -9999 -9999 -9999 -9999 -9999 -9999 -9999 -9999 -9999 -9999 -9999 -9999 -9999 -9999 -9999 -9999 -9999 -9999
1.2756108045578 1.3056412935257 1.31841695308685 1.33958864212036 1.3547580242157 1.35536348819733 1.35523104667664 1.33782732486725 1.33058989048004 1.31526184082031 1.2759313583374 1.26124835014343 1.2306215763092 1.19641220569611 1.18841910362244 1.15695440769196 1.13849282264709 1.14154469966888 -9999 -9999 -9999 -9999 -9999 -9999 -9999 -9999 -9999 -9999 -9999 -9999 -9999 -9999 -9999 -9999 -9999 -9999 -9999 -9999 -9999 -9999 -9999 -9999 -9999 -9999 -9999 -9999 -9999 -9999 -9999 -9999 -9999 -9999 -9999 -9999 -9999 -9999 -9999 -9999 -9999 -9999 -9999
1.29653942584991 1.32204616069794 1.34528255462646 1.39286267757416 1.41622030735016 1.41478145122528 1.39857685565948 1.37105655670166 1.36080121994019 1.34386837482452 1.32736349105835 1.30403161048889 1.26401698589325 1.20713710784912 1.19530665874481 1.17586588859558 1.15109443664551 -9999 -9999 -9999 -9999 -9999 -9999 -9999 -9999 -9999 -9999 -9999 -9999 -9999 -9999 -9999 -9999 -9999 -9999 -9999 -9999 -9999 -9999 -9999 -9999 -9999 -9999 -9999 -9999 -9999 -9999 -9999 -9999 -9999 -9999 -9999 -9999 -9999 -9999 -9999 -9999 -9999 -9999 -9999 -9999
1.32016742229462 1.34391856193542 1.366086602211 1.40158426761627 1.4340672492981 1.43289542198181 1.40738391876221 1.39168679714203 1.37833857536316 1.37138986587524 1.35932064056396 1.33549988269806 1.27896010875702 1.23423337936401 1.21367931365967 1.19073021411896 -9999 -9999 -9999 -9999 -9999 -9999 -9999 -9999 -9999 -9999 -9999 -9999 -9999 -9999 -9999 -9999 -9999 -9999 -9999 -9999 -9999 -9999 -9999 -9999 -9999 -9999 -9999 -9999 -9999 -9999 -9999 -9999 -9999 -9999 -9999 -9999 -9999 -9999 -9999 -9999 -9999 -9999 -9999 -9999 -9999
1.3564270734787 1.37421548366547 1.38630950450897 1.42261254787445 1.43270659446716 1.44012808799744 1.43863189220428 1.42360472679138 1.42109513282776 1.40313506126404 1.37120795249939 1.3478707075119 1.32352793216705 1.26995480060577 1.26019990444183 -9999 -9999 -9999 -9999 -9999 -9999 -9999 -9999 -9999 -9999 -9999 -9999 -9999 -9999 -9999 -9999 -9999 -9999 -9999 -9999 -9999 -9999 -9999 -9999 -9999 -9999 -9999 -9999 -9999 -9999 -9999 -9999 -9999 -9999 -9999 -9999 -9999 -9999 -9999 -9999 -9999 -9999 -9999 -9999 -9999 -9999
1.36882102489471 1.39812958240509 1.41058719158173 1.42660796642303 1.45068430900574 1.45289170742035 1.44642436504364 1.43852722644806 1.43316304683685 1.40683650970459 1.38974511623383 1.35782933235168 1.32334864139557 -9999 -9999 -9999 -9999 -9999 -9999 -9999 -9999 -9999 -9999 -9999 -9999 -9999 -9999 -9999 -9999 -9999 -9999 -9999 -9999 -9999 -9999 -9999 -9999 -9999 -9999 -9999 -9999 -9999 -9999 -9999 -9999 -9999 -9999 -9999 -9999 -9999 -9999 -9999 -9999 -9999 -9999 -9999 -9999 -9999 -9999 -9999 -9999
1.37692165374756 1.41389679908752 1.42189633846283 1.42658865451813 1.45299601554871 1.45914053916931 1.44379234313965 1.44112086296082 1.43257856369019 1.41111040115356 1.40011930465698 1.36745321750641 -9999 -9999 -9999 -9999 -9999 -9999 -9999 -9999 -9999 -9999 -9999 -9999 -9999 -9999 -9999 -9999 -9999 -9999 -9999 -9999 -9999 -9999 -9999 -9999 -9999 -9999 -9999 -9999 -9999 -9999 -9999 -9999 -9999 -9999 -9999 -9999 -9999 -9999 -9999 -9999 -9999 -9999 -9999 -9999 -9999 -9999 -9999 -9999 -9999
1.38797008991241 1.41443514823914 1.40425777435303 1.42077791690826 1.43108379840851 1.43367254734039 1.42559683322906 1.42646789550781 1.43120431900024 1.4025936126709 -9999 -9999 -9999 -9999 -9999 -9999 -9999 -9999 -9999 -9999 -9999 -9999 -9999 -9999 -9999 -9999 -9999 -9999 -9999 -9999 -9999 -9999 -9999 -9999 -9999 -9999 -9999 -9999 -9999 -9999 -9999 -9999 -9999 -9999 -9999 -9999 -9999 -9999 -9999 -9999 -9999 -9999 -9999 -9999 -9999 -9999 -9999 -9999 -9999 -9999 -9999
1.39097380638123 1.40200674533844 1.39982032775879 1.40313923358917 1.40574204921722 1.41041159629822 1.4227614402771 1.42656576633453 1.42464542388916 -9999 -9999 -9999 -9999 -9999 -9999 -9999 -9999 -9999 -9999 -9999 -9999 -9999 -9999 -9999 -9999 -9999 -9999 -9999 -9999 -9999 -9999 -9999 -9999 -9999 -9999 -9999 -9999 -9999 -9999 -9999 -9999 -9999 -9999 -9999 -9999 -9999 -9999 -9999 -9999 -9999 -9999 -9999 -9999 -9999 -9999 -9999 -9999 -9999 -9999 -9999 -9999
1.39502286911011 1.38927221298218 1.38794195652008 1.39478921890259 1.38841915130615 1.39492559432983 -9999 -9999 -9999 -9999 -9999 -9999 -9999 -9999 -9999 -9999 -9999 -9999 -9999 -9999 -9999 -9999 -9999 -9999 -9999 -9999 -9999 -9999 -9999 -9999 -9999 -9999 -9999 -9999 -9999 -9999 -9999 -9999 -9999 -9999 -9999 -9999 -9999 -9999 -9999 -9999 -9999 -9999 -9999 -9999 -9999 -9999 -9999 -9999 -9999 -9999 -9999 -9999 -9999 -9999 -9999
1.38121843338013 1.3933310508728 1.37549829483032 -9999 -9999 -9999 -9999 -9999 -9999 -9999 -9999 -9999 -9999 -9999 -9999 -9999 -9999 -9999 -9999 -9999 -9999 -9999 -9999 -9999 -9999 -9999 -9999 -9999 -9999 -9999 -9999 -9999 -9999 -9999 -9999 -9999 -9999 -9999 -9999 -9999 -9999 -9999 -9999 -9999 -9999 -9999 -9999 -9999 -9999 -9999 -9999 -9999 -9999 -9999 -9999 -9999 -9999 -9999 -9999 -9999 -9999
-9999 -9999 -9999 -9999 -9999 -9999 -9999 -9999 -9999 -9999 -9999 -9999 -9999 -9999 -9999 -9999 -9999 -9999 -9999 -9999 -9999 -9999 -9999 -9999 -9999 -9999 -9999 -9999 -9999 -9999 -9999 -9999 -9999 -9999 -9999 -9999 -9999 -9999 -9999 -9999 -9999 -9999 -9999 -9999 -9999 -9999 -9999 -9999 -9999 -9999 -9999 -9999 -9999 -9999 -9999 -9999 -9999 -9999 -9999 -9999 -9999
-9999 -9999 -9999 -9999 -9999 -9999 -9999 -9999 -9999 -9999 -9999 -9999 -9999 -9999 -9999 -9999 -9999 -9999 -9999 -9999 -9999 -9999 -9999 -9999 -9999 -9999 -9999 -9999 -9999 -9999 -9999 -9999 -9999 -9999 -9999 -9999 -9999 -9999 -9999 -9999 -9999 -9999 -9999 -9999 -9999 -9999 -9999 -9999 -9999 -9999 -9999 -9999 -9999 -9999 -9999 -9999 -9999 -9999 -9999 -9999 -9999
