G_variables/Set1/2.6/SSSran.asc
NCOLS 581 
NROWS 855 
XLLCORNER -74.9166666666667 
YLLCORNER -55.8333333333333 
CELLSIZE 0.0833333333333333 
NODATA_value -9999 
[rows 513 to 539 of 855, columns 305 to 365 of 581]
-9999 -9999 -9999 -9999 -9999 -9999 -9999 -9999 -9999 -9999 -9999 4.72644472122192 4.71145391464233 4.40492582321167 4.33293390274048 4.22788858413696 3.88322329521179 3.52785921096802 3.39083480834961 3.02841663360596 2.68095660209656 2.5895631313324 2.32381081581116 2.08367300033569 2.01248455047607 1.82655024528503 1.6612251996994 1.61913323402405 1.48462450504303 1.37508630752563 1.34421801567078 1.25496828556061 1.20713353157043 1.20124280452728 1.18229460716248 1.19153344631195 1.18444192409515 1.21121156215668 1.24018013477325 1.2522132396698 1.26961159706116 1.29347133636475 1.29935932159424 1.27966928482056 1.25871622562408 1.2509491443634 1.21857368946075 1.1880624294281 1.17939114570618 1.16921198368073 1.15321624279022 1.15762579441071 1.16647911071777 -9999 -9999 -9999 -9999 -9999 -9999 -9999 -9999
-9999 -9999 -9999 -9999 -9999 -9999 -9999 -9999 -9999 -9999 4.750403881073 4.76088905334473 4.7464599609375 4.69270944595337 4.48062944412231 4.28315782546997 3.96058583259583 3.56303668022156 3.31932854652405 2.99354195594788 2.71173000335693 2.53383111953735 2.26704549789429 2.05360722541809 1.92500042915344 1.74739241600037 1.62029671669006 1.53646087646484 1.40757298469543 1.31747698783875 1.25638389587402 1.19287717342377 1.17357015609741 1.15259671211243 1.15847826004028 1.16448557376862 1.17431223392487 1.19875133037567 1.21644294261932 1.23561322689056 1.27442300319672 1.29601573944092 1.30140972137451 1.30987858772278 1.28333365917206 1.26613759994507 1.22985625267029 1.17996335029602 1.16767978668213 1.16785788536072 1.16558408737183 1.16577696800232 1.1746780872345 -9999 -9999 -9999 -9999 -9999 -9999 -9999 -9999
-9999 -9999 -9999 -9999 -9999 -9999 -9999 -9999 -9999 -9999 4.76639699935913 4.77479076385498 -9999 4.70746564865112 4.49952936172485 4.30363512039185 3.97120642662048 3.58698654174805 3.32130455970764 2.98740315437317 2.71017646789551 2.50331783294678 2.24715876579285 2.0308883190155 1.88504111766815 1.73279798030853 1.59656059741974 1.5068701505661 1.39406180381775 1.28587222099304 1.2357097864151 1.17731034755707 1.14228785037994 1.1333487033844 1.13197588920593 1.14162981510162 1.16187882423401 1.18224442005157 1.20760464668274 1.2250007390976 1.25810194015503 1.27849757671356 1.29806470870972 1.30780673027039 1.28685390949249 1.26927959918976 1.231201171875 1.1886020898819 1.17270076274872 1.16632127761841 1.16953694820404 1.16543459892273 1.17022895812988 -9999 -9999 -9999 -9999 -9999 -9999 -9999 -9999
-9999 -9999 -9999 -9999 -9999 -9999 -9999 -9999 -9999 -9999 4.85684204101562 4.85010147094727 4.8283166885376 4.50462055206299 4.42680644989014 4.33106470108032 3.97359704971313 3.58110523223877 3.4410514831543 3.04941868782043 2.67234134674072 2.56878781318665 2.26561808586121 1.98011541366577 1.91238641738892 1.70873260498047 1.52589857578278 1.48153948783875 1.35371208190918 1.24878036975861 1.21899926662445 1.16305816173553 1.13549101352692 1.11808836460114 1.12019383907318 1.13605761528015 1.13809990882874 1.17305433750153 1.2058607339859 1.21883189678192 1.25434243679047 1.28254008293152 1.30053460597992 1.30295372009277 1.28978610038757 1.27728748321533 1.25556349754333 1.21757078170776 1.2064071893692 1.19196379184723 1.17643320560455 1.18207991123199 1.18912017345428 -9999 -9999 -9999 -9999 -9999 -9999 -9999 -9999
-9999 -9999 -9999 -9999 -9999 -9999 -9999 -9999 -9999 -9999 4.8779673576355 4.9066596031189 4.88754510879517 4.81230592727661 4.59515476226807 4.40599727630615 4.05166435241699 3.64866137504578 3.39305424690247 3.04044389724731 2.70911502838135 2.51402401924133 2.22284770011902 1.96015584468842 1.82524681091309 1.63516294956207 1.49056994915009 1.39769005775452 1.28010582923889 1.20669281482697 1.15641152858734 1.12306666374207 1.09919905662537 1.09307038784027 1.10485434532166 1.1240953207016 1.13244473934174 1.16777813434601 1.20376706123352 1.22423911094666 1.27660536766052 1.31036150455475 1.32815611362457 1.34684836864471 1.32446300983429 1.3074049949646 1.2800897359848 1.23783147335052 1.21763038635254 1.21760261058807 1.20541024208069 1.2115021944046 1.20791530609131 -9999 -9999 -9999 -9999 -9999 -9999 -9999 -9999
-9999 -9999 -9999 -9999 -9999 -9999 -9999 -9999 -9999 -9999 4.88631010055542 4.9193811416626 4.90139389038086 4.82371187210083 4.62985515594482 4.42698049545288 4.06736183166504 3.67639946937561 3.41259789466858 3.05028200149536 2.73422789573669 2.51407122612 2.23137617111206 1.97534942626953 1.79563796520233 1.61783385276794 1.46308410167694 1.37368500232697 1.26755285263062 1.17927777767181 1.14773297309875 1.11610758304596 1.08763813972473 1.09279441833496 1.10638988018036 1.12248313426971 1.13879799842834 1.168137550354 1.2021107673645 1.23979151248932 1.28340172767639 1.32028770446777 1.34690594673157 1.35694777965546 1.34531056880951 1.33161044120789 1.291384100914 1.25920915603638 1.24054312705994 1.22925221920013 1.23022305965424 1.23088991641998 1.21413826942444 -9999 -9999 -9999 -9999 -9999 -9999 -9999 -9999
-9999 -9999 -9999 -9999 -9999 -9999 -9999 -9999 -9999 -9999 4.93884229660034 4.94062852859497 4.91815853118896 4.62889003753662 4.54269123077393 4.44390106201172 4.07944345474243 3.67306804656982 3.54074239730835 3.11853766441345 2.72048568725586 2.60580635070801 2.27269339561462 1.94991707801819 1.86077868938446 1.63429820537567 1.42425215244293 1.37898397445679 1.26765823364258 1.17317819595337 1.15666353702545 1.12542223930359 1.10761606693268 1.09919452667236 1.11438024044037 1.13290226459503 1.13736343383789 1.18980610370636 1.23413610458374 1.24644732475281 1.30050003528595 1.34091281890869 1.35248148441315 1.37194633483887 1.36166024208069 1.35940778255463 1.34361672401428 1.30863428115845 1.29461789131165 1.29186880588531 1.26230788230896 1.25471222400665 1.26188623905182 -9999 -9999 -9999 -9999 -9999 -9999 -9999 -9999
-9999 -9999 -9999 -9999 -9999 -9999 -9999 -9999 -9999 -9999 4.92989301681519 4.97818088531494 4.95226049423218 4.85153007507324 4.65293121337891 4.45628547668457 4.12808704376221 3.77142381668091 3.497478723526 3.16549468040466 2.82289576530457 2.59794402122498 2.27539825439453 1.96084904670715 1.7835841178894 1.56674337387085 1.40879786014557 1.31757926940918 1.21184098720551 1.14987599849701 1.11768794059753 1.09752452373505 1.10207760334015 1.0917717218399 1.10758244991302 1.13233113288879 1.14603567123413 1.1912214756012 1.23998534679413 1.26705539226532 1.33469295501709 1.38177907466888 1.40242528915405 1.42219114303589 1.40980195999146 1.3976833820343 1.37846899032593 1.3457053899765 1.32454204559326 1.31912958621979 1.31229329109192 1.29595112800598 1.29781711101532 -9999 -9999 -9999 -9999 -9999 -9999 -9999 -9999
-9999 -9999 -9999 -9999 -9999 -9999 -9999 -9999 -9999 -9999 4.91830110549927 4.96713876724243 4.94692850112915 4.84184455871582 4.63272476196289 4.46907186508179 4.12695455551147 3.7674674987793 3.54733443260193 3.18992447853088 2.85355663299561 2.60540008544922 2.27921271324158 1.98860764503479 1.77648413181305 1.56442451477051 1.40887880325317 1.31088244915009 1.20664525032043 1.13833165168762 1.11459124088287 1.09853446483612 1.09841287136078 1.09464883804321 1.1069552898407 1.13362598419189 1.15885543823242 1.19313311576843 1.24547946453094 1.28216695785522 1.34238433837891 1.3983907699585 1.42357802391052 1.43352746963501 1.42669177055359 1.42652094364166 1.39030742645264 1.36840343475342 1.35432016849518 1.3344395160675 1.34192633628845 1.33076214790344 1.30791926383972 -9999 -9999 -9999 -9999 -9999 -9999 -9999 -9999
-9999 -9999 -9999 -9999 -9999 -9999 -9999 -9999 -9999 -9999 4.89970684051514 4.89358568191528 4.86766052246094 4.59320878982544 4.51072883605957 4.42359590530396 4.10217237472534 3.75335264205933 3.63384699821472 3.23956418037415 2.84921908378601 2.72603988647461 2.35974192619324 1.99112975597382 1.89037311077118 1.64975881576538 1.40331745147705 1.35480678081512 1.24673616886139 1.151047706604 1.13812565803528 1.12392926216125 1.11289727687836 1.10293447971344 1.13320088386536 1.16114127635956 1.16757225990295 1.22676217556 1.28384256362915 1.30315482616425 1.36477053165436 1.41148769855499 1.42612445354462 1.45394217967987 1.45324194431305 1.45088315010071 1.4426577091217 1.41880559921265 1.41023182868958 1.40761876106262 1.3869651556015 1.37905371189117 1.38489842414856 -9999 -9999 -9999 -9999 -9999 -9999 -9999 -9999
-9999 -9999 -9999 -9999 -9999 -9999 -9999 -9999 -9999 -9999 4.88182401657104 4.88018703460693 4.79972267150879 4.71616840362549 4.54150819778442 4.3535041809082 4.10215187072754 3.83743023872375 3.59626340866089 3.32149696350098 3.01631641387939 2.7760214805603 2.41042256355286 2.03040742874146 1.83917832374573 1.57912254333496 1.39345395565033 1.30021774768829 1.19428706169128 1.14328074455261 1.11588978767395 1.09928488731384 1.10966002941132 1.10018169879913 1.12865269184113 1.16638398170471 1.1840512752533 1.24755680561066 1.30519270896912 1.34228694438934 1.40604150295258 1.44144225120544 1.46691977977753 1.49671220779419 1.49601125717163 1.48565399646759 1.48015379905701 1.46294844150543 1.4488525390625 1.43335926532745 1.42120766639709 1.42008984088898 -9999 -9999 -9999 -9999 -9999 -9999 -9999 -9999 -9999
-9999 -9999 -9999 -9999 -9999 -9999 -9999 5.12317705154419 4.96097755432129 4.84342908859253 4.83248949050903 4.83425569534302 4.80799961090088 4.69288158416748 4.48574113845825 4.34960460662842 4.08484697341919 3.80098247528076 3.64783835411072 3.34601593017578 3.0459041595459 2.81693553924561 2.43715953826904 2.09153461456299 1.84631657600403 1.58728051185608 1.41525268554688 1.29883694648743 1.19599342346191 1.14045763015747 1.11741399765015 1.09934175014496 1.09372687339783 1.11284208297729 1.13500463962555 1.17343938350677 1.20918226242065 1.25741541385651 1.31989634037018 1.36012709140778 1.41449761390686 1.46372520923615 1.48721146583557 1.50516617298126 1.51015913486481 1.51630401611328 1.49567639827728 1.48501825332642 1.47212600708008 1.44848096370697 1.45330023765564 1.44479918479919 -9999 -9999 -9999 -9999 -9999 -9999 -9999 -9999 -9999
-9999 -9999 -9999 -9999 -9999 -9999 -9999 5.09626054763794 5.07214736938477 4.98970794677734 4.78782176971436 4.78895950317383 4.75250005722046 4.56572484970093 4.36029672622681 4.2901439666748 4.03832197189331 3.77714204788208 3.69288039207458 3.36878514289856 3.02653026580811 2.91052412986755 2.51956248283386 2.12926054000854 2.01120400428772 1.71598851680756 1.42922282218933 1.37006282806396 1.25757741928101 1.14473485946655 1.1365339756012 1.12718284130096 1.11152422428131 1.1213366985321 1.17000699043274 1.21217525005341 1.22448718547821 1.29761397838593 1.3613224029541 1.38099920749664 1.44557023048401 1.48770141601562 1.50660884380341 1.53845643997192 1.53405129909515 1.5387190580368 1.53499507904053 1.51902794837952 1.51154005527496 1.49796414375305 1.47951865196228 1.48185992240906 -9999 -9999 -9999 -9999 -9999 -9999 -9999 -9999 -9999
-9999 -9999 -9999 -9999 -9999 -9999 5.14428043365479 5.1176815032959 5.09191226959229 5.0640082359314 4.87600088119507 4.74285554885864 4.70685529708862 4.57475423812866 4.37936162948608 4.23299694061279 4.03278636932373 3.80672121047974 3.63019704818726 3.40742015838623 3.17279839515686 2.93241095542908 2.56307458877563 2.20086407661438 1.96799921989441 1.63603961467743 1.40613234043121 1.30250751972198 1.16896760463715 1.12642693519592 1.10588777065277 1.09262955188751 1.1164858341217 1.13346874713898 1.16885316371918 1.21069312095642 1.2594963312149 1.33323121070862 1.39572095870972 1.43760275840759 1.49071943759918 1.51839327812195 1.54221951961517 1.57026958465576 1.57607483863831 1.58003449440002 1.569788813591 1.54832291603088 1.52736473083496 1.52155900001526 1.49445223808289 1.49274551868439 -9999 -9999 -9999 -9999 -9999 -9999 -9999 -9999 -9999
-9999 -9999 -9999 -9999 -9999 -9999 5.30665874481201 5.14987564086914 5.11030054092407 5.07724332809448 4.88473415374756 4.80394268035889 4.69896745681763 4.57202053070068 4.36941051483154 4.22062158584595 4.02871465682983 3.80072689056396 3.62683033943176 3.40520238876343 3.16065073013306 2.96105623245239 2.56316471099854 2.19735288619995 1.95393919944763 1.63470578193665 1.42829632759094 1.27794182300568 1.14848470687866 1.10243380069733 1.10531151294708 1.08958375453949 1.11058437824249 1.13706517219543 1.16468381881714 1.22343528270721 1.28403532505035 1.34963798522949 1.42714357376099 1.45921158790588 1.50366306304932 1.54321885108948 1.55341041088104 1.57322156429291 1.58739280700684 1.5896383523941 1.56788182258606 1.56440567970276 1.54059982299805 1.51181280612946 1.49885487556458 -9999 -9999 -9999 -9999 -9999 -9999 -9999 -9999 -9999 -9999
-9999 -9999 -9999 -9999 -9999 -9999 5.4512357711792 5.30469465255737 5.19686555862427 5.14927291870117 4.99603080749512 4.79201126098633 4.74156284332275 4.53848791122437 4.32135057449341 4.24991226196289 3.99214625358582 3.74420309066772 3.6591362953186 3.37174534797668 3.04029273986816 2.93671226501465 2.55131220817566 2.18182015419006 2.05582666397095 1.71663117408752 1.43066823482513 1.35906517505646 1.22369658946991 1.10529220104218 1.11257517337799 1.12102317810059 1.13767635822296 1.15286803245544 1.22033381462097 1.2895143032074 1.30044531822205 1.38461208343506 1.45164358615875 1.47528076171875 1.52857255935669 1.56544351577759 1.56852400302887 1.59633803367615 1.60434448719025 1.58962655067444 1.5893394947052 1.57452762126923 1.57004427909851 1.54321146011353 1.51810264587402 -9999 -9999 -9999 -9999 -9999 -9999 -9999 -9999 -9999 -9999
-9999 -9999 -9999 -9999 -9999 5.72883367538452 5.68804025650024 5.43839979171753 5.246262550354 5.20064496994019 5.05067014694214 4.86791610717773 4.7624340057373 4.61711883544922 4.4175910949707 4.27975988388062 3.96706938743591 3.69356298446655 3.53851175308228 3.23950958251953 3.03603887557983 2.81930065155029 2.47459173202515 2.20379447937012 1.95478975772858 1.59427773952484 1.37333679199219 1.24122869968414 1.11044657230377 1.0850522518158 1.06621670722961 1.09475576877594 1.14038729667664 1.16924440860748 1.25131118297577 1.31422412395477 1.34869539737701 1.42587065696716 1.47751915454865 1.5160436630249 1.54953360557556 1.5745655298233 1.59563803672791 1.60652995109558 1.60524141788483 1.60858774185181 1.60856914520264 1.60089564323425 1.58926522731781 1.56268405914307 1.53220510482788 -9999 -9999 -9999 -9999 -9999 -9999 -9999 -9999 -9999 -9999
-9999 -9999 -9999 6.08063316345215 5.82643842697144 5.76978349685669 5.72527360916138 5.47497177124023 5.37593126296997 5.24825191497803 5.07430410385132 4.91152334213257 4.78821086883545 4.63071584701538 4.45625019073486 4.22796630859375 3.95365977287292 3.68977499008179 3.43907046318054 3.18946862220764 2.95408225059509 2.76549077033997 2.44052886962891 2.12026453018188 1.91955626010895 1.57456517219543 1.33352673053741 1.2316712141037 1.09540212154388 1.05332505702972 1.07727289199829 1.09685730934143 1.14590585231781 1.19691169261932 1.26428043842316 1.34123015403748 1.37024128437042 1.43543362617493 1.50365877151489 1.52596759796143 1.55351006984711 1.58627021312714 1.60274732112885 1.61053967475891 1.61498618125916 1.61699879169464 1.61178290843964 1.60548233985901 1.59038686752319 1.56633603572845 -9999 -9999 -9999 -9999 -9999 -9999 -9999 -9999 -9999 -9999 -9999
-9999 -9999 6.64097023010254 6.24963235855103 5.98620319366455 5.91798877716064 5.85437345504761 5.6947169303894 5.43415355682373 5.36625623703003 5.16915225982666 4.94706439971924 4.88449430465698 4.60451030731201 4.33817720413208 4.2407374382019 3.87614440917969 3.52874493598938 3.41338348388672 3.04137301445007 2.71679878234863 2.62029004096985 2.25908637046814 1.96082258224487 1.85447776317596 1.55005180835724 1.31337738037109 1.25378775596619 1.1364107131958 1.08016753196716 1.08768951892853 1.13542819023132 1.19807684421539 1.23172330856323 1.31373929977417 1.38513910770416 1.39587545394897 1.46693015098572 1.52339708805084 1.52903807163239 1.56843340396881 1.5898574590683 1.59841859340668 1.6185257434845 1.62645220756531 1.62021839618683 1.61136484146118 1.59906017780304 1.59056794643402 1.55585551261902 -9999 -9999 -9999 -9999 -9999 -9999 -9999 -9999 -9999 -9999 -9999
-9999 6.76975059509277 6.69259691238403 6.63008117675781 6.23878955841064 6.00173664093018 5.94708156585693 5.68618106842041 5.51259231567383 5.38080406188965 5.15358066558838 5.01176691055298 4.89321660995483 4.58639669418335 4.3416314125061 4.1605544090271 3.6973819732666 3.36770129203796 3.15475630760193 2.79765844345093 2.58079862594604 2.38811135292053 2.1008882522583 1.86628437042236 1.64202916622162 1.39328837394714 1.22967851161957 1.09966123104095 1.06348192691803 1.07234644889832 1.07992959022522 1.16823410987854 1.23465847969055 1.28828346729279 1.36385190486908 1.41883897781372 1.45560193061829 1.50085937976837 1.53437972068787 1.56033396720886 1.58010864257812 1.59143579006195 1.60332405567169 1.6186648607254 1.62953567504883 1.62406551837921 1.61738419532776 1.60643076896667 1.59234035015106 1.55790555477142 -9999 -9999 -9999 -9999 -9999 -9999 -9999 -9999 -9999 -9999 -9999
7.21556901931763 6.86741065979004 6.74868774414062 6.67507362365723 6.27452611923218 6.16739892959595 5.95680999755859 5.69288301467896 5.53246068954468 5.37304830551147 5.1484055519104 5.00677680969238 4.80768394470215 4.55270576477051 4.30140209197998 4.02902460098267 3.63171529769897 3.2549877166748 3.01424551010132 2.72682213783264 2.44201135635376 2.27106046676636 2.03716564178467 1.73673367500305 1.61319506168365 1.37065243721008 1.15442967414856 1.11865210533142 1.06752669811249 1.06778037548065 1.11132860183716 1.18599307537079 1.26483511924744 1.30560290813446 1.36928939819336 1.44436538219452 1.4759327173233 1.51555705070496 1.56055951118469 1.56385982036591 1.58259510993958 1.59597313404083 1.60304415225983 1.61543011665344 1.62596166133881 1.62318170070648 1.61919164657593 1.60822594165802 1.59124183654785 -9999 -9999 -9999 -9999 -9999 -9999 -9999 -9999 -9999 -9999 -9999 -9999
7.50398635864258 7.1109471321106 6.94864177703857 6.82890367507935 6.557053565979 6.12469577789307 6.02827119827271 5.73228073120117 5.44928121566772 5.37407207489014 5.05978965759277 4.82244110107422 4.73220348358154 4.32982349395752 3.98268890380859 3.85295104980469 3.38832497596741 3.01244950294495 2.885338306427 2.47083353996277 2.19261622428894 2.10390830039978 1.81619131565094 1.58118331432343 1.5138783454895 1.32858061790466 1.20205736160278 1.17085683345795 1.1406022310257 1.15793967247009 1.17864894866943 1.26342976093292 1.33116483688354 1.35292625427246 1.42439413070679 1.4743914604187 1.49491739273071 1.54171931743622 1.56653070449829 1.56190478801727 1.58420646190643 1.5977338552475 1.60140180587769 1.6065092086792 1.6112220287323 1.60945153236389 1.59889256954193 1.5823312997818 1.57601928710938 -9999 -9999 -9999 -9999 -9999 -9999 -9999 -9999 -9999 -9999 -9999 -9999
8.10787010192871 7.44316720962524 7.03252935409546 6.91113758087158 6.4192214012146 6.09694337844849 5.91794061660767 5.60252809524536 5.37424325942993 5.23387002944946 4.96911382675171 4.72562837600708 4.56095027923584 4.19715976715088 3.82866454124451 3.56486487388611 3.16660690307617 2.8208646774292 2.56287956237793 2.29061818122864 2.06981730461121 1.89458584785461 1.67054533958435 1.48361587524414 1.33030200004578 1.2386257648468 1.20508646965027 1.14494562149048 1.16576552391052 1.21141684055328 1.25246012210846 1.30859816074371 1.36347663402557 1.41283750534058 1.43906390666962 1.48076605796814 1.51878356933594 1.52945959568024 1.56163465976715 1.57698369026184 1.57073819637299 1.59451937675476 1.60122191905975 1.5946649312973 1.60011219978333 1.60326552391052 1.58045566082001 1.5732147693634 -9999 -9999 -9999 -9999 -9999 -9999 -9999 -9999 -9999 -9999 -9999 -9999 -9999
8.12955474853516 7.47198390960693 7.19685888290405 6.88596820831299 6.40583276748657 6.08582544326782 5.85004711151123 5.56894159317017 5.3268575668335 5.12667608261108 4.91314125061035 4.6367449760437 4.41783094406128 4.13088750839233 3.69918584823608 3.44228076934814 3.09186816215515 2.66821932792664 2.46366047859192 2.23611855506897 1.96504092216492 1.81247401237488 1.62621819972992 1.39249277114868 1.33566761016846 1.23005700111389 1.16506946086884 1.18501663208008 1.19057083129883 1.25537443161011 1.28119075298309 1.32860600948334 1.39843535423279 1.4156848192215 1.44441962242126 1.49235653877258 1.50912630558014 1.52400600910187 1.55435979366302 1.56692707538605 1.56646704673767 1.5861200094223 1.58967745304108 1.5909651517868 1.58981919288635 1.58711624145508 1.57304644584656 1.55448186397552 -9999 -9999 -9999 -9999 -9999 -9999 -9999 -9999 -9999 -9999 -9999 -9999 -9999
7.94191694259644 7.62128448486328 7.10715293884277 6.94518089294434 6.40572643280029 5.98732089996338 5.86825037002563 5.47105360031128 5.15909433364868 5.06458473205566 4.69523525238037 4.37069272994995 4.2690052986145 3.83476781845093 3.44515061378479 3.311354637146 2.87377762794495 2.52246832847595 2.41732788085938 2.0862340927124 1.81286859512329 1.73257791996002 1.53183174133301 1.35975921154022 1.3318532705307 1.26183485984802 1.22843372821808 1.23524701595306 1.26907229423523 1.3172413110733 1.32910919189453 1.3753387928009 1.40391457080841 1.41531646251678 1.4458270072937 1.47210276126862 1.48669075965881 1.50139987468719 1.53257215023041 1.53912150859833 1.53510868549347 1.55974757671356 1.55739283561707 1.5482474565506 1.55403029918671 1.55352330207825 1.53235054016113 1.51621162891388 -9999 -9999 -9999 -9999 -9999 -9999 -9999 -9999 -9999 -9999 -9999 -9999 -9999
7.87756586074829 7.42074632644653 7.04382610321045 6.69301223754883 6.29922294616699 5.96272087097168 5.7223687171936 5.38655662536621 5.07854461669922 4.89944553375244 4.59399080276489 4.29008817672729 4.0768723487854 3.71311378479004 3.35914969444275 3.08203434944153 2.72410082817078 2.43564987182617 2.22118020057678 1.97788453102112 1.78095638751984 1.62098860740662 1.43985652923584 1.31526863574982 1.22266030311584 1.21163141727448 1.26048636436462 1.27040922641754 1.30509197711945 1.34117329120636 1.37248516082764 1.37851119041443 1.39624071121216 1.42261111736298 1.40590953826904 1.4289014339447 1.44443762302399 1.44727039337158 1.48336172103882 1.49293196201324 1.48950612545013 1.51810872554779 1.51497042179108 1.5071028470993 1.52009546756744 1.51956737041473 1.51191818714142 1.50752913951874 -9999 -9999 -9999 -9999 -9999 -9999 -9999 -9999 -9999 -9999 -9999 -9999 -9999
7.76881122589111 7.34866189956665 6.87218523025513 6.64965724945068 6.27081680297852 5.90254688262939 5.66482353210449 5.36427783966064 5.03652048110962 4.80232763290405 4.54689645767212 4.20917224884033 3.96216225624084 3.64640259742737 3.25071430206299 3.00848412513733 2.6789493560791 2.34158897399902 2.17716026306152 1.95734119415283 1.72970390319824 1.60903668403625 1.42541599273682 1.27955436706543 1.24836182594299 1.22594857215881 1.25619673728943 1.2909095287323 1.32120764255524 1.36961996555328 1.36222791671753 1.37871909141541 1.40120899677277 1.39726603031158 1.40727579593658 1.41930329799652 1.41081047058105 1.43260228633881 1.44448757171631 1.47120845317841 1.48664903640747 1.49455142021179 1.48899388313293 1.49761915206909 1.4902263879776 1.50840210914612 1.49526762962341 -9999 -9999 -9999 -9999 -9999 -9999 -9999 -9999 -9999 -9999 -9999 -9999 -9999 -9999
