G_variables/Set1/2.6/SSTmean.asc
NCOLS 581 
NROWS 855 
XLLCORNER -74.9166666666667 
YLLCORNER -55.8333333333333 
CELLSIZE 0.0833333333333333 
NODATA_value -9999 
[rows 513 to 539 of 855, columns 305 to 365 of 581]
-9999 -9999 -9999 -9999 -9999 -9999 -9999 -9999 -9999 -9999 -9999 22.0812568664551 22.0991134643555 22.1010608673096 22.1996040344238 22.2513599395752 22.3068962097168 22.4562225341797 22.5426597595215 22.6567058563232 22.819751739502 22.9160346984863 23.0736770629883 23.2137088775635 23.3010482788086 23.4648323059082 23.562084197998 23.6310214996338 23.7639865875244 23.844446182251 23.8987159729004 24.009204864502 24.0547351837158 24.0946636199951 24.1839008331299 24.1879367828369 24.2010097503662 24.2488803863525 24.225549697876 24.2208786010742 24.2242336273193 24.2043228149414 24.1963863372803 24.1776809692383 24.1629390716553 24.1622982025146 24.1491985321045 24.135404586792 24.1324138641357 24.1226387023926 24.1060066223145 24.096227645874 24.0890159606934 -9999 -9999 -9999 -9999 -9999 -9999 -9999 -9999
-9999 -9999 -9999 -9999 -9999 -9999 -9999 -9999 -9999 -9999 22.0192928314209 22.0674915313721 22.0820121765137 22.0973224639893 22.1340065002441 22.282922744751 22.3159103393555 22.388391494751 22.6075210571289 22.6940364837646 22.7451477050781 23.0012321472168 23.0983009338379 23.1492881774902 23.3882141113281 23.4748477935791 23.5159912109375 23.7067565917969 23.7753505706787 23.8107223510742 23.9545288085938 23.9877605438232 24.0413627624512 24.1261978149414 24.1393032073975 24.1686267852783 24.2036037445068 24.216667175293 24.2111530303955 24.1990413665771 24.1935424804688 24.1875076293945 24.1614284515381 24.1556072235107 24.1481952667236 24.1297473907471 24.1245613098145 24.1229343414307 24.0930328369141 24.0915489196777 24.0894451141357 24.066047668457 24.0593662261963 -9999 -9999 -9999 -9999 -9999 -9999 -9999 -9999
-9999 -9999 -9999 -9999 -9999 -9999 -9999 -9999 -9999 -9999 21.9403114318848 21.962158203125 -9999 21.9994564056396 22.0686836242676 22.2222270965576 22.2603321075439 22.3644905090332 22.5894622802734 22.6967468261719 22.7509651184082 23.0070610046387 23.121711730957 23.1763782501221 23.4292736053467 23.4801654815674 23.5726089477539 23.7651119232178 23.8332405090332 23.8647308349609 23.9908218383789 24.0340919494629 24.05100440979 24.1336822509766 24.1484527587891 24.144868850708 24.1679191589355 24.1770153045654 24.1672592163086 24.1448459625244 24.1372108459473 24.1208095550537 24.098295211792 24.0958442687988 24.080924987793 24.0526390075684 24.0392227172852 24.0285549163818 24.0133609771729 24.0069026947021 23.994758605957 23.9673156738281 23.9615955352783 -9999 -9999 -9999 -9999 -9999 -9999 -9999 -9999
-9999 -9999 -9999 -9999 -9999 -9999 -9999 -9999 -9999 -9999 21.8367652893066 21.9252052307129 21.9525108337402 21.9440746307373 22.0864677429199 22.1580085754395 22.2432479858398 22.4167594909668 22.5127124786377 22.6522159576416 22.8283958435059 22.9334297180176 23.1071834564209 23.2606430053711 23.3686466217041 23.5596294403076 23.6480712890625 23.7214012145996 23.8728885650635 23.9226474761963 23.9610366821289 24.062105178833 24.0794734954834 24.100736618042 24.1658725738525 24.1529388427734 24.1504230499268 24.1686267852783 24.143009185791 24.1298637390137 24.1170063018799 24.0916404724121 24.0874843597412 24.0675487518311 24.0476016998291 24.0363235473633 24.0211200714111 23.9999542236328 23.9870681762695 23.973072052002 23.9536571502686 23.9434833526611 23.9234237670898 -9999 -9999 -9999 -9999 -9999 -9999 -9999 -9999
-9999 -9999 -9999 -9999 -9999 -9999 -9999 -9999 -9999 -9999 21.8530502319336 21.9142589569092 21.9384765625 21.9609832763672 22.0138607025146 22.2062168121338 22.2465305328369 22.3318481445312 22.5846614837646 22.6906032562256 22.7454967498779 23.0217685699463 23.0780067443848 23.1844787597656 23.4487457275391 23.5449275970459 23.5880451202393 23.7857437133789 23.8204784393311 23.8809719085693 23.9988574981689 24.0483837127686 24.0598316192627 24.108549118042 24.1383190155029 24.140043258667 24.134708404541 24.1321258544922 24.128698348999 24.0984363555908 24.0876598358154 24.0793342590332 24.0462646484375 24.0342884063721 24.0331783294678 23.9969673156738 23.9874954223633 23.9819068908691 23.9463672637939 23.9415435791016 23.9323825836182 23.9003524780273 23.8969707489014 -9999 -9999 -9999 -9999 -9999 -9999 -9999 -9999
-9999 -9999 -9999 -9999 -9999 -9999 -9999 -9999 -9999 -9999 21.7808151245117 21.8217124938965 21.8535099029541 21.876335144043 21.9632740020752 22.1620235443115 22.2713928222656 22.3252029418945 22.5811767578125 22.638635635376 22.7482452392578 23.0253162384033 23.1356964111328 23.1914920806885 23.4498329162598 23.5033359527588 23.5984477996826 23.798864364624 23.8742141723633 23.8995151519775 24.0146751403809 24.0464038848877 24.0541191101074 24.0968780517578 24.1010856628418 24.1010246276855 24.0913639068604 24.0765209197998 24.0678157806396 24.0361557006836 24.0160293579102 24.0069999694824 23.9733085632324 23.9641609191895 23.9502830505371 23.9125728607178 23.8955821990967 23.8894824981689 23.8452377319336 23.8388118743896 23.8339385986328 23.8017539978027 23.791971206665 -9999 -9999 -9999 -9999 -9999 -9999 -9999 -9999
-9999 -9999 -9999 -9999 -9999 -9999 -9999 -9999 -9999 -9999 21.6344184875488 21.7821445465088 21.8265113830566 21.8139209747314 22.0009593963623 22.0935764312744 22.2227630615234 22.402645111084 22.5044403076172 22.6639842987061 22.8370227813721 22.9393615722656 23.107515335083 23.2719230651855 23.3750610351562 23.5730781555176 23.668493270874 23.7461242675781 23.9093151092529 23.941915512085 23.9809246063232 24.0777816772461 24.0701789855957 24.0767707824707 24.1106128692627 24.0860042572021 24.0721416473389 24.0631980895996 24.0417861938477 24.0259227752686 24.002010345459 23.9711494445801 23.9538326263428 23.93039894104 23.9055500030518 23.8953914642334 23.8714370727539 23.8452262878418 23.8250465393066 23.8009929656982 23.7836132049561 23.7728080749512 23.7533493041992 -9999 -9999 -9999 -9999 -9999 -9999 -9999 -9999
-9999 -9999 -9999 -9999 -9999 -9999 -9999 -9999 -9999 -9999 21.7039470672607 21.7841339111328 21.8190040588379 21.8770942687988 21.9269180297852 22.160135269165 22.2180557250977 22.3298034667969 22.6028861999512 22.7033882141113 22.753381729126 23.02512550354 23.078182220459 23.1892261505127 23.4521751403809 23.5545082092285 23.5993328094482 23.8008937835693 23.8706645965576 23.8963871002197 24.0075130462646 24.0264720916748 24.0509262084961 24.073751449585 24.0811920166016 24.076509475708 24.04807472229 24.0364894866943 24.0335865020752 23.9894714355469 23.977897644043 23.9594764709473 23.9106349945068 23.9031105041504 23.8927345275879 23.8514461517334 23.8354053497314 23.8278255462646 23.7812309265137 23.7686023712158 23.7621040344238 23.7313232421875 23.7251758575439 -9999 -9999 -9999 -9999 -9999 -9999 -9999 -9999
-9999 -9999 -9999 -9999 -9999 -9999 -9999 -9999 -9999 -9999 21.6112670898438 21.7274799346924 21.7717113494873 21.860200881958 21.9126949310303 22.1499977111816 22.2687454223633 22.3426628112793 22.6164970397949 22.657735824585 22.7552185058594 23.0234870910645 23.073787689209 23.1758613586426 23.4397220611572 23.5396289825439 23.585506439209 23.7884693145752 23.8597049713135 23.8859786987305 23.9921531677246 24.0217876434326 24.0266494750977 24.0486450195312 24.0398120880127 24.0332717895508 24.0090980529785 23.987512588501 23.9829330444336 23.9264450073242 23.9000453948975 23.8857898712158 23.8347549438477 23.8121147155762 23.8040428161621 23.7589855194092 23.7394580841064 23.7326221466064 23.6949195861816 23.6783561706543 23.6730403900146 23.6356811523438 23.62526512146 -9999 -9999 -9999 -9999 -9999 -9999 -9999 -9999
-9999 -9999 -9999 -9999 -9999 -9999 -9999 -9999 -9999 -9999 21.5133590698242 21.6455955505371 21.7636375427246 21.7738094329834 21.9716529846191 22.0757102966309 22.2325000762939 22.4164619445801 22.5216159820557 22.6807174682617 22.8398818969727 22.9342460632324 23.0843620300293 23.2521839141846 23.3553314208984 23.5298633575439 23.6410274505615 23.7217903137207 23.8849945068359 23.9122333526611 23.9491100311279 24.0466327667236 24.0307121276855 24.0324001312256 24.0501117706299 24.0157947540283 24.0027446746826 23.9838008880615 23.9429130554199 23.9113845825195 23.8815155029297 23.8418445587158 23.8176021575928 23.7808322906494 23.7507495880127 23.7387161254883 23.7067451477051 23.6872329711914 23.6756000518799 23.6450290679932 23.6305961608887 23.6143989562988 23.5809764862061 -9999 -9999 -9999 -9999 -9999 -9999 -9999 -9999
-9999 -9999 -9999 -9999 -9999 -9999 -9999 -9999 -9999 -9999 21.5629959106445 21.6455211639404 21.7628288269043 21.8056659698486 21.9000396728516 22.1568813323975 22.2147006988525 22.331090927124 22.5997219085693 22.7099514007568 22.7585716247559 23.0150299072266 23.1226959228516 23.1744499206543 23.4224586486816 23.5247211456299 23.570629119873 23.7685985565186 23.8057613372803 23.8669109344482 23.9704666137695 24.0016593933105 24.0050354003906 24.0213146209717 24.0176200866699 24.0092544555664 23.9729709625244 23.961763381958 23.9392719268799 23.8723258972168 23.8598384857178 23.8381977081299 23.7762603759766 23.7624053955078 23.7428073883057 23.6952476501465 23.6776351928711 23.6740913391113 23.6334037780762 23.6264686584473 23.6127796173096 23.5732765197754 -9999 -9999 -9999 -9999 -9999 -9999 -9999 -9999 -9999
-9999 -9999 -9999 -9999 -9999 -9999 -9999 21.3838386535645 21.455249786377 21.4850196838379 21.5210094451904 21.6303100585938 21.7547512054443 21.8592414855957 21.9204540252686 22.179407119751 22.242847442627 22.357364654541 22.6255931854248 22.678050994873 22.7750930786133 23.0284938812256 23.0774879455566 23.1684589385986 23.4104595184326 23.4575366973877 23.5428810119629 23.7409229278564 23.7810287475586 23.8357849121094 23.9387702941895 23.9568729400635 23.9683532714844 23.9773197174072 23.9625110626221 23.9560470581055 23.9135551452637 23.8864555358887 23.8722629547119 23.8134269714355 23.7758369445801 23.7635192871094 23.6995372772217 23.6741638183594 23.6646595001221 23.6128826141357 23.6031341552734 23.5832824707031 23.5462303161621 23.5198879241943 23.5141677856445 23.4803199768066 -9999 -9999 -9999 -9999 -9999 -9999 -9999 -9999 -9999
-9999 -9999 -9999 -9999 -9999 -9999 -9999 21.317798614502 21.4008255004883 21.4755954742432 21.4263954162598 21.6111812591553 21.6946716308594 21.7931804656982 21.9954299926758 22.1047420501709 22.2752876281738 22.4462623596191 22.5482711791992 22.712459564209 22.8605060577393 22.9505558013916 23.085018157959 23.2424812316895 23.3314819335938 23.4729042053223 23.5962562561035 23.6749477386475 23.8280143737793 23.8591232299805 23.8961181640625 23.9909820556641 23.9626960754395 23.9584369659424 23.9707908630371 23.9247245788574 23.9065704345703 23.8783435821533 23.8342151641846 23.8095455169678 23.771993637085 23.7275981903076 23.6921672821045 23.651927947998 23.621524810791 23.6036281585693 23.5640621185303 23.5416164398193 23.5222492218018 23.4910221099854 23.4760627746582 23.464168548584 -9999 -9999 -9999 -9999 -9999 -9999 -9999 -9999 -9999
-9999 -9999 -9999 -9999 -9999 -9999 21.26589012146 21.3306522369385 21.3975849151611 21.4311199188232 21.5004138946533 21.5497570037842 21.7681980133057 21.8664455413818 21.9263572692871 22.201452255249 22.2600955963135 22.3795700073242 22.6417388916016 22.6932220458984 22.8007202148438 23.0359859466553 23.1335697174072 23.179615020752 23.3999061584473 23.4951610565186 23.536828994751 23.7183113098145 23.7864761352539 23.8134326934814 23.9096450805664 23.926794052124 23.9384117126465 23.9383010864258 23.9342193603516 23.9264183044434 23.8703632354736 23.84596824646 23.8294563293457 23.7615280151367 23.7467575073242 23.7207889556885 23.6474800109863 23.621789932251 23.6099662780762 23.5556869506836 23.5387516021729 23.5403003692627 23.4826126098633 23.4672775268555 23.4622478485107 23.430492401123 -9999 -9999 -9999 -9999 -9999 -9999 -9999 -9999 -9999
-9999 -9999 -9999 -9999 -9999 -9999 21.2465782165527 21.2651023864746 21.3528003692627 21.4458675384521 21.5285110473633 21.5778217315674 21.8070011138916 21.8624782562256 21.9809627532959 22.2569484710693 22.3158855438232 22.4350757598877 22.6973152160645 22.7514801025391 22.8422031402588 23.0737991333008 23.1513519287109 23.1934146881104 23.4084968566895 23.4513111114502 23.5203227996826 23.6964225769043 23.7288379669189 23.7751159667969 23.8720645904541 23.8880653381348 23.8906364440918 23.8924522399902 23.8835716247559 23.8592166900635 23.8081111907959 23.7945022583008 23.7586154937744 23.6829967498779 23.6665630340576 23.6376857757568 23.5757808685303 23.5604801177979 23.5372142791748 23.4841403961182 23.4711399078369 23.4632587432861 23.4115161895752 23.3969116210938 23.3853492736816 -9999 -9999 -9999 -9999 -9999 -9999 -9999 -9999 -9999 -9999
-9999 -9999 -9999 -9999 -9999 -9999 21.2311725616455 21.2026920318604 21.3387107849121 21.3964157104492 21.4414234161377 21.6449279785156 21.7509250640869 21.8863964080811 22.0807571411133 22.1923351287842 22.3655090332031 22.5307521820068 22.6345539093018 22.7992324829102 22.932487487793 23.012321472168 23.1375904083252 23.2680397033691 23.3438491821289 23.4532928466797 23.56667137146 23.6382274627686 23.7649726867676 23.7938957214355 23.8305568695068 23.9140548706055 23.8724384307861 23.8674755096436 23.8833026885986 23.8251342773438 23.7946357727051 23.7578773498535 23.7117366790771 23.6766548156738 23.6299152374268 23.5891036987305 23.5678062438965 23.5240840911865 23.4912414550781 23.4678993225098 23.4317073822021 23.4078388214111 23.4006195068359 23.3706951141357 23.3571872711182 -9999 -9999 -9999 -9999 -9999 -9999 -9999 -9999 -9999 -9999
-9999 -9999 -9999 -9999 -9999 21.1611766815186 21.1953887939453 21.2534351348877 21.2869262695312 21.4743156433105 21.5121631622314 21.5943508148193 21.8536891937256 21.9638919830322 22.0255737304688 22.3073863983154 22.4235973358154 22.4810771942139 22.7389545440674 22.8400993347168 22.8826675415039 23.0986480712891 23.137113571167 23.2234497070312 23.4047565460205 23.4873237609863 23.5222129821777 23.6700267791748 23.7344532012939 23.7567596435547 23.8307762145996 23.8405475616455 23.855354309082 23.8410930633545 23.8382167816162 23.8171730041504 23.7493991851807 23.732852935791 23.7032165527344 23.6280784606934 23.5970706939697 23.5822296142578 23.5143871307373 23.4894943237305 23.4838027954102 23.4224185943604 23.4140720367432 23.396183013916 23.3601036071777 23.3466892242432 23.3417377471924 -9999 -9999 -9999 -9999 -9999 -9999 -9999 -9999 -9999 -9999
-9999 -9999 -9999 21.0324192047119 21.0476474761963 21.1278839111328 21.2089557647705 21.2866115570068 21.3276805877686 21.5268268585205 21.6254577636719 21.6786785125732 21.9397106170654 22.0538368225098 22.1166362762451 22.3984451293945 22.5137348175049 22.5703773498535 22.8251037597656 22.9145221710205 22.9552593231201 23.1671409606934 23.2296237945557 23.2626628875732 23.4372138977051 23.4883766174316 23.5167865753174 23.6569385528564 23.6861877441406 23.7119827270508 23.7807312011719 23.7867164611816 23.7874565124512 23.7712688446045 23.7619762420654 23.7397136688232 23.6704959869385 23.6531429290771 23.6185359954834 23.5419921875 23.5089454650879 23.4937286376953 23.4275150299072 23.405782699585 23.4004383087158 23.3406600952148 23.3336925506592 23.3162574768066 23.277961730957 23.2758293151855 -9999 -9999 -9999 -9999 -9999 -9999 -9999 -9999 -9999 -9999 -9999
-9999 -9999 20.9603595733643 21.018196105957 20.9793930053711 21.1124019622803 21.1708927154541 21.2194538116455 21.396203994751 21.4830741882324 21.5949153900146 21.7796325683594 21.8852462768555 22.0476360321045 22.2319736480713 22.3462390899658 22.5289764404297 22.6814727783203 22.7834987640381 22.9558238983154 23.053783416748 23.1215572357178 23.2447509765625 23.3342247009277 23.3907222747803 23.4903182983398 23.5626182556152 23.6152076721191 23.7156982421875 23.7246150970459 23.7449626922607 23.805212020874 23.7595119476318 23.7528667449951 23.7516345977783 23.6910228729248 23.6570320129395 23.6128597259521 23.5659313201904 23.5302143096924 23.474084854126 23.4345264434814 23.4101848602295 23.3732280731201 23.3475894927979 23.3290004730225 23.2991046905518 23.2743625640869 23.258113861084 23.2309913635254 -9999 -9999 -9999 -9999 -9999 -9999 -9999 -9999 -9999 -9999 -9999
-9999 20.9088363647461 20.9638385772705 20.9905567169189 21.0415725708008 21.0703983306885 21.2399845123291 21.3020114898682 21.3522148132324 21.5852890014648 21.676399230957 21.7321166992188 22.0018768310547 22.1179141998291 22.1796550750732 22.4597854614258 22.526008605957 22.6458435058594 22.8930683135986 22.9376411437988 23.0188674926758 23.200626373291 23.273157119751 23.3007984161377 23.4388313293457 23.4683399200439 23.5329704284668 23.6343746185303 23.6836242675781 23.6944465637207 23.7340316772461 23.7394504547119 23.7408981323242 23.7168006896973 23.696569442749 23.6805686950684 23.6074886322021 23.5720958709717 23.5552883148193 23.4754257202148 23.4363803863525 23.410099029541 23.3464202880859 23.3472652435303 23.334644317627 23.2835998535156 23.2700252532959 23.253942489624 23.2164688110352 23.2124519348145 -9999 -9999 -9999 -9999 -9999 -9999 -9999 -9999 -9999 -9999 -9999
20.8623180389404 20.8747215270996 20.9426193237305 21.0094814300537 21.0363464355469 21.1128635406494 21.2928905487061 21.3393669128418 21.4392833709717 21.6761703491211 21.7307891845703 21.8346214294434 22.1017017364502 22.1606674194336 22.2763977050781 22.5564250946045 22.6718311309814 22.7385139465332 22.9882984161377 23.0263996124268 23.0907096862793 23.2676086425781 23.2963104248047 23.3382186889648 23.4725437164307 23.4985046386719 23.5267486572266 23.6161422729492 23.6310882568359 23.6374034881592 23.6688613891602 23.6643238067627 23.6573143005371 23.6253871917725 23.6014099121094 23.5856761932373 23.518180847168 23.4863758087158 23.4697303771973 23.3892841339111 23.3647956848145 23.3242607116699 23.2610282897949 23.2628574371338 23.2534160614014 23.1935024261475 23.1877861022949 23.1722965240479 23.1352233886719 -9999 -9999 -9999 -9999 -9999 -9999 -9999 -9999 -9999 -9999 -9999 -9999
20.8536205291748 20.8259162902832 20.9347858428955 20.9823303222656 21.0247383117676 21.1845474243164 21.2635498046875 21.3777103424072 21.5376949310303 21.6348896026611 21.7910060882568 21.9512310028076 22.0520000457764 22.2170181274414 22.3920288085938 22.5016231536865 22.6907138824463 22.8288326263428 22.9327869415283 23.1106433868408 23.1729373931885 23.2290439605713 23.3470821380615 23.3937454223633 23.4372749328613 23.5234355926514 23.5503234863281 23.5773773193359 23.6470565795898 23.63037109375 23.6345691680908 23.6595077514648 23.6232528686523 23.6062717437744 23.5922393798828 23.5356349945068 23.509765625 23.4666957855225 23.4104270935059 23.3749294281006 23.3230209350586 23.2824306488037 23.2595272064209 23.2248725891113 23.1887130737305 23.1745204925537 23.1497383117676 23.1245803833008 23.1158332824707 -9999 -9999 -9999 -9999 -9999 -9999 -9999 -9999 -9999 -9999 -9999 -9999
20.8331108093262 20.8728370666504 20.8986148834229 21.0480117797852 21.101375579834 21.145528793335 21.3578987121582 21.4423542022705 21.4927215576172 21.7406387329102 21.7928848266602 21.9004249572754 22.1647453308105 22.2787570953369 22.3373699188232 22.6049137115479 22.668155670166 22.7777118682861 23.0082740783691 23.0559749603271 23.1331005096436 23.2864532470703 23.3467998504639 23.3659553527832 23.4628753662109 23.5109252929688 23.5239658355713 23.5752906799316 23.6036930084229 23.6063613891602 23.6044216156006 23.6045970916748 23.6005764007568 23.5610218048096 23.5495300292969 23.5222263336182 23.4589042663574 23.4413204193115 23.4006633758545 23.3301105499268 23.3110218048096 23.2818050384521 23.2206134796143 23.1895961761475 23.1832313537598 23.1327953338623 23.1152648925781 23.1111259460449 -9999 -9999 -9999 -9999 -9999 -9999 -9999 -9999 -9999 -9999 -9999 -9999 -9999
20.8390045166016 20.86545753479 20.9350547790527 21.0930938720703 21.17991065979 21.225133895874 21.4458103179932 21.493709564209 21.5920600891113 21.8389759063721 21.9382724761963 21.9897403717041 22.254373550415 22.3076591491699 22.4181385040283 22.6904163360596 22.7957363128662 22.8454265594482 23.0752124786377 23.1140975952148 23.1735038757324 23.3260040283203 23.3589096069336 23.3737716674805 23.4645442962646 23.4783935546875 23.4873924255371 23.5322132110596 23.5357608795166 23.5261783599854 23.5220241546631 23.5166549682617 23.5019912719727 23.4565258026123 23.4322395324707 23.4221687316895 23.3505725860596 23.3351726531982 23.3073921203613 23.2395629882812 23.2123241424561 23.2017135620117 23.1319961547852 23.1118869781494 23.1043567657471 23.0525760650635 23.0346660614014 23.0263710021973 -9999 -9999 -9999 -9999 -9999 -9999 -9999 -9999 -9999 -9999 -9999 -9999 -9999
20.812858581543 20.8504428863525 20.9886131286621 21.0604591369629 21.1477890014648 21.3119773864746 21.4071350097656 21.5511493682861 21.698278427124 21.7913856506348 21.9456577301025 22.1002464294434 22.1964282989502 22.3499660491943 22.5200901031494 22.6285228729248 22.81911277771 22.9338722229004 23.0248260498047 23.1926231384277 23.234842300415 23.2830276489258 23.3838996887207 23.4055252075195 23.4332256317139 23.4954242706299 23.4906902313232 23.5002498626709 23.5390644073486 23.5093250274658 23.4940242767334 23.4946250915527 23.4574947357178 23.4367389678955 23.4117698669434 23.3606452941895 23.339183807373 23.299144744873 23.2569808959961 23.2319068908691 23.1877822875977 23.15260887146 23.1247959136963 23.091682434082 23.0613288879395 23.0412483215332 23.011869430542 22.9816188812256 -9999 -9999 -9999 -9999 -9999 -9999 -9999 -9999 -9999 -9999 -9999 -9999 -9999
20.8663291931152 20.9112529754639 20.9474601745605 21.1408958435059 21.2208251953125 21.2686824798584 21.5068035125732 21.5564727783203 21.6519012451172 21.8945064544678 21.9961166381836 22.0461807250977 22.3009166717529 22.4087009429932 22.4639644622803 22.7201309204102 22.8332290649414 22.8823623657227 23.0926952362061 23.1741733551025 23.2007675170898 23.3185634613037 23.3411750793457 23.3809833526611 23.4323139190674 23.4616641998291 23.4683399200439 23.4821758270264 23.4927158355713 23.485294342041 23.4538097381592 23.4469470977783 23.4361419677734 23.3907070159912 23.3611927032471 23.3479862213135 23.2844066619873 23.2545890808105 23.2432765960693 23.1816463470459 23.1676788330078 23.140007019043 23.0861396789551 23.0569705963135 23.0457153320312 22.9963359832764 22.980655670166 22.9699058532715 -9999 -9999 -9999 -9999 -9999 -9999 -9999 -9999 -9999 -9999 -9999 -9999 -9999
20.8806114196777 20.9716339111328 21.0132637023926 21.2135925292969 21.2618007659912 21.3632049560547 21.5983543395996 21.6511116027832 21.7397422790527 21.9801597595215 22.0689964294434 22.1178436279297 22.3718700408936 22.4701061248779 22.5282115936279 22.7855663299561 22.8376712799072 22.925142288208 23.1350288391113 23.1938571929932 23.2205810546875 23.3354167938232 23.3480930328369 23.357837677002 23.4115982055664 23.4088287353516 23.4083290100098 23.4112319946289 23.4075241088867 23.3896770477295 23.3586158752441 23.349515914917 23.33034324646 23.2802276611328 23.2691249847412 23.2457790374756 23.1796054840088 23.1586971282959 23.1458797454834 23.091459274292 23.0673999786377 23.0548973083496 22.9973926544189 22.9793090820312 22.9589824676514 22.911922454834 22.89501953125 -9999 -9999 -9999 -9999 -9999 -9999 -9999 -9999 -9999 -9999 -9999 -9999 -9999 -9999
