G_variables/Set1/2.6/SSTmean.asc
NCOLS 581 
NROWS 855 
XLLCORNER -74.9166666666667 
YLLCORNER -55.8333333333333 
CELLSIZE 0.0833333333333333 
NODATA_value -9999 
[rows 27 to 53 of 855, columns 0 to 60 of 581]
-9999 -9999 -9999 -9999 -9999 -9999 -9999 -9999 -9999 28.1474323272705 28.1325035095215 28.1264381408691 28.1195201873779 28.1115303039551 28.1063327789307 28.0895538330078 28.080005645752 28.0756721496582 28.0721893310547 28.0690937042236 28.0649127960205 28.0541000366211 28.0499210357666 28.0447826385498 28.0317783355713 28.0177459716797 28.0043201446533 28.0000858306885 27.9935989379883 28.0018615722656 28.0156803131104 28.0054340362549 28.0080966949463 28.0350971221924 28.0234069824219 28.0248870849609 28.0351543426514 28.0220146179199 28.0270690917969 28.0607414245605 28.0623416900635 28.0752639770508 28.1208877563477 28.1252956390381 28.1383419036865 28.1725749969482 28.1773452758789 28.2092266082764 28.2688159942627 28.2822971343994 28.3022594451904 28.3516998291016 28.352783203125 28.3634834289551 28.4128437042236 28.4123477935791 28.4219532012939 28.4484043121338 28.4445953369141 28.4527149200439 28.4810543060303
-9999 -9999 -9999 -9999 -9999 -9999 -9999 -9999 -9999 -9999 28.1387042999268 28.1123847961426 28.1084213256836 28.105619430542 28.093864440918 28.08176612854 28.0777359008789 28.0558910369873 28.0530567169189 28.055233001709 28.034610748291 28.0336132049561 28.0256443023682 28.0037937164307 27.9986381530762 27.9940128326416 27.9673976898193 27.9651412963867 27.9712066650391 27.9578609466553 27.9657802581787 27.9640026092529 27.9618835449219 27.9672317504883 27.966287612915 27.9648246765137 27.9653129577637 27.9603462219238 27.9882678985596 27.9863719940186 27.9962062835693 28.0341606140137 28.0529670715332 28.0574531555176 28.1043395996094 28.1243591308594 28.1360664367676 28.1893692016602 28.2101764678955 28.2284049987793 28.2784252166748 28.3007164001465 28.3092956542969 28.356351852417 28.3676452636719 28.3698196411133 28.4112663269043 28.4204654693604 28.4226837158203 28.4556732177734 28.4642887115479
-9999 -9999 -9999 -9999 -9999 -9999 -9999 -9999 -9999 -9999 28.1040382385254 28.0849380493164 28.0812797546387 28.0719528198242 28.0500679016113 28.0306587219238 28.0255756378174 28.0039291381836 27.9963722229004 27.9909381866455 27.9682426452637 27.964298248291 27.9490947723389 27.9193458557129 27.9141330718994 27.8945636749268 27.8738956451416 27.8688831329346 27.8452987670898 27.8321323394775 27.828405380249 27.8074150085449 27.79319190979 27.7765159606934 27.7710914611816 27.7658672332764 27.7655506134033 27.7678279876709 27.7857799530029 27.7929515838623 27.8167762756348 27.8519668579102 27.8817024230957 27.8999004364014 27.949821472168 27.9588489532471 27.9791030883789 28.0331707000732 28.0508975982666 28.071849822998 28.1240577697754 28.1424751281738 28.1670188903809 28.2188014984131 28.253849029541 28.2549667358398 28.3018074035645 28.3371829986572 28.3433246612549 28.3806018829346 28.3912677764893
-9999 -9999 -9999 -9999 -9999 -9999 -9999 -9999 -9999 -9999 -9999 28.0825996398926 28.065357208252 28.0542697906494 28.0369167327881 28.0153751373291 28.0018405914307 27.9924831390381 27.974630355835 27.9626522064209 27.9522705078125 27.9310264587402 27.9146041870117 27.9023609161377 27.8769969940186 27.8578834533691 27.8481788635254 27.8391780853271 27.8021774291992 27.7950897216797 27.7937030792236 27.7535228729248 27.7422218322754 27.7451152801514 27.7102699279785 27.7025051116943 27.721736907959 27.7093353271484 27.7163200378418 27.7423610687256 27.7679958343506 27.7900428771973 27.8324642181396 27.8612594604492 27.8805751800537 27.9203796386719 27.9465751647949 27.97047996521 28.0182609558105 28.0401916503906 28.0680980682373 28.1360378265381 28.1496276855469 28.1622257232666 28.2383708953857 28.2437515258789 28.2587871551514 28.3269424438477 28.3331890106201 28.3507099151611 28.4185638427734
-9999 -9999 -9999 -9999 -9999 -9999 -9999 -9999 -9999 -9999 -9999 28.0655422210693 28.0629348754883 28.0520191192627 28.0183124542236 28.0094528198242 27.9984474182129 27.9723110198975 27.9655475616455 27.9560794830322 27.924877166748 27.9072666168213 27.9013748168945 27.8590278625488 27.8531150817871 27.8418884277344 27.8008670806885 27.7939853668213 27.7754383087158 27.7270812988281 27.7184658050537 27.7070178985596 27.6558818817139 27.6532096862793 27.644474029541 27.6286449432373 27.6305561065674 27.6244640350342 27.648624420166 27.6596145629883 27.6788215637207 27.743278503418 27.7671222686768 27.7763385772705 27.838451385498 27.8494319915771 27.8721561431885 27.9377708435059 27.9500885009766 27.9710502624512 28.0268535614014 28.042839050293 28.0643062591553 28.1331615447998 28.145622253418 28.1670379638672 28.2503356933594 28.266056060791 28.2807655334473 28.3585815429688 28.3768501281738
-9999 -9999 -9999 -9999 -9999 -9999 -9999 -9999 -9999 -9999 -9999 -9999 28.04709815979 28.0269203186035 27.9922103881836 27.9718437194824 27.9683208465576 27.9376773834229 27.9169120788574 27.912504196167 27.8725605010986 27.8634338378906 27.8349514007568 27.7806129455566 27.7457389831543 27.7399711608887 27.6900901794434 27.649694442749 27.6285152435303 27.5641212463379 27.517915725708 27.5029964447021 27.4460926055908 27.4319076538086 27.4144058227539 27.3851375579834 27.3782176971436 27.3874454498291 27.415563583374 27.4254035949707 27.4826412200928 27.5598735809326 27.5722637176514 27.6118431091309 27.6759262084961 27.6838970184326 27.7103786468506 27.7632369995117 27.7680988311768 27.7723350524902 27.8343715667725 27.8385543823242 27.8525466918945 27.9231624603271 27.9428691864014 27.977611541748 28.0649757385254 28.0830688476562 28.1422691345215 28.2187690734863 28.2389068603516
-9999 -9999 -9999 -9999 -9999 -9999 -9999 -9999 -9999 -9999 -9999 -9999 28.0242366790771 28.0062122344971 27.9903392791748 27.9579467773438 27.9461097717285 27.934886932373 27.9024982452393 27.883092880249 27.8661098480225 27.8327140808105 27.7949161529541 27.7726955413818 27.7306861877441 27.685474395752 27.663122177124 27.6222724914551 27.5578517913818 27.523307800293 27.4689979553223 27.4217071533203 27.3900318145752 27.3317794799805 27.3306579589844 27.3124256134033 27.2411289215088 27.3191967010498 27.3300609588623 27.3055820465088 27.4281463623047 27.4793891906738 27.4990615844727 27.5712509155273 27.5964946746826 27.6311092376709 27.6713237762451 27.6839122772217 27.6792888641357 27.7297134399414 27.7473258972168 27.7574768066406 27.8058815002441 27.8314228057861 27.8856830596924 27.9460372924805 27.9905242919922 28.0770587921143 28.1185646057129 28.1544132232666 28.2511730194092
-9999 -9999 -9999 -9999 -9999 -9999 -9999 -9999 -9999 -9999 -9999 -9999 -9999 28.0161113739014 27.9752960205078 27.9625492095947 27.9542922973633 27.9143123626709 27.9041576385498 27.8914451599121 27.8314609527588 27.818811416626 27.7985286712646 27.7182102203369 27.6998519897461 27.6791725158691 27.5829944610596 27.5658187866211 27.5402679443359 27.4295635223389 27.406925201416 27.3960437774658 27.3048534393311 27.2860736846924 27.2801895141602 27.248119354248 27.2365036010742 27.2435665130615 27.2946510314941 27.3168315887451 27.3500328063965 27.4631252288818 27.4771423339844 27.5175857543945 27.596565246582 27.618595123291 27.6287689208984 27.6554183959961 27.6668186187744 27.6686820983887 27.6904048919678 27.6913223266602 27.7162036895752 27.775691986084 27.8093090057373 27.8342132568359 27.949197769165 27.9772815704346 28.0183811187744 28.1492652893066 28.1652317047119
-9999 -9999 -9999 -9999 -9999 -9999 -9999 -9999 -9999 -9999 -9999 -9999 -9999 28.0073623657227 27.9720516204834 27.9503383636475 27.9405002593994 27.8987064361572 27.8884029388428 27.8601703643799 27.7959575653076 27.7535095214844 27.7331638336182 27.6448707580566 27.5899257659912 27.5771923065186 27.4700546264648 27.442850112915 27.3987579345703 27.2745456695557 27.2398872375488 27.2240562438965 27.1300354003906 27.1114063262939 27.1054134368896 27.0745582580566 27.0522651672363 27.0932903289795 27.1310653686523 27.1976642608643 27.2898845672607 27.3688583374023 27.4547672271729 27.4524326324463 27.5040168762207 27.5431442260742 27.5537357330322 27.5696926116943 27.5259780883789 27.5244178771973 27.5345306396484 27.527961730957 27.5100650787354 27.5603675842285 27.567195892334 27.5957183837891 27.7189750671387 27.7820644378662 27.8246021270752 27.9693546295166 28.0381641387939
-9999 -9999 -9999 -9999 -9999 -9999 -9999 -9999 -9999 -9999 -9999 -9999 -9999 -9999 27.9792747497559 27.9547138214111 27.9278717041016 27.9095077514648 27.8823871612549 27.8315830230713 27.8040599822998 27.767541885376 27.6880054473877 27.6469116210938 27.5898189544678 27.509033203125 27.4612083435059 27.3704891204834 27.3136501312256 27.2705783843994 27.1432437896729 27.1372013092041 27.0977897644043 26.9524917602539 27.0295467376709 27.0159606933594 26.8906383514404 27.0518779754639 27.1010322570801 -9999 -9999 27.356725692749 27.3751316070557 27.4437465667725 27.4995098114014 27.5033302307129 27.533971786499 27.5205402374268 27.4311904907227 27.482816696167 27.4722118377686 27.3869705200195 27.4658126831055 27.4793014526367 27.4087104797363 27.5538120269775 27.6060161590576 27.6389141082764 27.7894840240479 27.8628520965576 27.9682712554932
-9999 -9999 -9999 -9999 -9999 -9999 -9999 -9999 -9999 -9999 -9999 -9999 -9999 -9999 27.9666957855225 27.9544677734375 27.9427452087402 27.8853874206543 27.8740310668945 27.8496913909912 27.7602787017822 27.7417850494385 27.7070178985596 27.5864410400391 27.5643672943115 27.5240516662598 27.3894939422607 27.3456859588623 27.3310241699219 27.2067279815674 27.1773433685303 27.1407489776611 27.0465679168701 27.0254726409912 27.0069274902344 26.9972057342529 -9999 27.0168132781982 -9999 -9999 -9999 -9999 -9999 27.5512161254883 27.4985179901123 27.5470733642578 27.5403919219971 27.5220527648926 27.5104885101318 27.5018520355225 27.4418811798096 27.4308624267578 27.4447250366211 27.4428787231445 27.4356918334961 27.4773216247559 27.588005065918 27.6398315429688 27.6827239990234 27.854907989502 27.8944282531738
-9999 -9999 -9999 -9999 -9999 -9999 -9999 -9999 -9999 -9999 -9999 -9999 -9999 -9999 -9999 27.9509124755859 27.922643661499 27.8686981201172 27.8363990783691 27.8176517486572 27.722957611084 27.7013492584229 27.650260925293 27.5239696502686 27.4976654052734 27.452033996582 27.3162784576416 27.2861881256104 27.2622833251953 27.14280128479 27.1150245666504 27.0899486541748 27.0016994476318 26.9854488372803 -9999 26.9582252502441 26.961742401123 -9999 -9999 -9999 -9999 -9999 -9999 -9999 27.7292613983154 27.7327213287354 27.6343955993652 27.6064586639404 27.5160789489746 27.4938659667969 27.4176692962646 27.3559322357178 27.343936920166 27.32741355896 27.3183650970459 27.3093814849854 27.4112224578857 27.4644355773926 27.5153160095215 27.6971035003662 27.7505207061768
-9999 -9999 -9999 -9999 -9999 -9999 -9999 -9999 -9999 -9999 -9999 -9999 -9999 -9999 -9999 27.9639492034912 27.9001178741455 27.88157081604 27.8641796112061 27.7780704498291 27.737434387207 27.6893749237061 27.5933723449707 27.5415840148926 27.4410915374756 27.3861541748047 27.3353157043457 27.2164115905762 27.2042465209961 27.1651954650879 27.0339488983154 27.0478401184082 27.0222301483154 -9999 -9999 26.9396018981934 -9999 -9999 -9999 -9999 -9999 -9999 -9999 -9999 -9999 27.7373943328857 27.6773319244385 27.6328468322754 27.5346202850342 27.4876747131348 27.4421234130859 27.3231906890869 27.3252487182617 27.2968063354492 27.1850414276123 27.3007545471191 27.3313388824463 27.2946796417236 -9999 -9999 27.7617435455322
-9999 -9999 -9999 -9999 -9999 -9999 -9999 -9999 -9999 -9999 -9999 -9999 -9999 -9999 -9999 -9999 27.9085311889648 27.8412647247314 27.813627243042 27.7940559387207 27.6862926483154 27.6616649627686 27.6136608123779 27.4847145080566 27.4565467834473 27.408390045166 27.2936878204346 27.2518520355225 27.2382736206055 27.151086807251 27.1308746337891 27.091007232666 27.0379524230957 -9999 -9999 -9999 -9999 -9999 -9999 -9999 -9999 -9999 -9999 -9999 -9999 27.8515129089355 27.8186588287354 27.6796340942383 27.6294479370117 27.5980262756348 27.4246501922607 27.3865451812744 27.3649425506592 27.2701816558838 27.2531814575195 27.2694683074951 -9999 -9999 -9999 -9999 27.6686840057373
-9999 -9999 -9999 -9999 -9999 -9999 -9999 -9999 -9999 -9999 -9999 -9999 -9999 -9999 -9999 -9999 27.8657417297363 27.7956581115723 27.7732582092285 27.7512016296387 27.6450424194336 27.6172046661377 27.5852661132812 27.4606914520264 27.4352073669434 27.4069919586182 27.310791015625 27.2937183380127 27.253942489624 27.1946487426758 27.1639995574951 27.104621887207 27.0723648071289 -9999 -9999 -9999 -9999 -9999 -9999 -9999 -9999 -9999 -9999 28.2286643981934 28.1828842163086 28.1855602264404 28.038553237915 27.864875793457 27.7359390258789 27.6769523620605 27.481143951416 27.4345054626465 27.3423557281494 27.2375507354736 27.2195644378662 27.2131824493408 -9999 -9999 -9999 -9999 -9999
-9999 -9999 -9999 -9999 -9999 -9999 -9999 -9999 -9999 -9999 -9999 -9999 -9999 -9999 -9999 -9999 -9999 27.801721572876 27.7746028900146 27.703929901123 27.662145614624 27.5800132751465 27.5275192260742 27.4831809997559 27.3752269744873 27.3708629608154 27.3539867401123 27.2778949737549 27.2646617889404 27.2078113555908 27.1990070343018 27.1475849151611 -9999 -9999 -9999 -9999 -9999 -9999 -9999 -9999 -9999 -9999 -9999 28.3964004516602 28.285774230957 28.381368637085 28.1136245727539 28.0021648406982 27.8526458740234 27.6718597412109 27.5660991668701 27.3963603973389 27.3171539306641 27.2646083831787 27.174108505249 27.2327442169189 -9999 -9999 -9999 -9999 -9999
-9999 -9999 -9999 -9999 -9999 -9999 -9999 -9999 -9999 -9999 -9999 -9999 -9999 -9999 -9999 -9999 -9999 27.7671871185303 27.7332630157471 27.7131175994873 27.6335220336914 27.6025333404541 27.5392169952393 27.4549083709717 27.4489650726318 27.4204998016357 27.3707637786865 27.3180999755859 27.283992767334 27.2676086425781 27.2037200927734 -9999 -9999 -9999 -9999 -9999 -9999 -9999 -9999 -9999 -9999 -9999 28.5750541687012 28.4903736114502 28.389669418335 28.2893962860107 28.2393970489502 27.9620838165283 27.8576831817627 27.7802295684814 27.4932556152344 27.4140396118164 27.3713150024414 27.2312049865723 27.2104358673096 27.2149753570557 -9999 -9999 -9999 -9999 -9999
-9999 -9999 -9999 -9999 -9999 -9999 -9999 -9999 -9999 -9999 -9999 -9999 -9999 -9999 -9999 -9999 -9999 -9999 27.6865501403809 27.6819114685059 27.6146278381348 27.5986003875732 27.5711212158203 27.4976100921631 27.4987087249756 27.4814033508301 27.4181594848633 27.3705348968506 -9999 -9999 -9999 -9999 -9999 -9999 -9999 -9999 -9999 -9999 -9999 28.5676727294922 28.6579704284668 28.6597576141357 28.6614303588867 28.5963172912598 28.5035495758057 28.4375152587891 28.3829231262207 28.0983295440674 27.932071685791 27.8450469970703 27.5401306152344 27.4670486450195 27.3558692932129 27.2113418579102 27.1865215301514 27.1913204193115 -9999 -9999 -9999 -9999 27.6409530639648
-9999 -9999 -9999 -9999 -9999 -9999 -9999 -9999 -9999 -9999 -9999 -9999 -9999 -9999 -9999 -9999 -9999 -9999 27.6682147979736 27.6540241241455 27.6362781524658 27.6147174835205 27.5725765228271 27.554630279541 27.551815032959 27.5203037261963 -9999 -9999 -9999 -9999 -9999 -9999 -9999 -9999 -9999 28.2663822174072 28.6114120483398 28.5504093170166 28.5870952606201 28.6885452270508 28.6846904754639 28.673454284668 28.7207050323486 28.6161975860596 28.584114074707 28.6068630218506 28.3184604644775 28.1899433135986 28.0060329437256 27.7729797363281 27.6234340667725 27.3355464935303 27.3111152648926 27.2474365234375 27.0644702911377 27.1986789703369 27.2511940002441 27.353479385376 27.4577579498291 27.5569229125977 27.8300495147705
-9999 -9999 -9999 -9999 -9999 -9999 -9999 -9999 -9999 -9999 -9999 -9999 -9999 -9999 -9999 -9999 -9999 -9999 -9999 27.6518535614014 27.6375541687012 27.6308937072754 27.6003379821777 27.5762767791748 -9999 -9999 -9999 -9999 -9999 -9999 -9999 -9999 -9999 -9999 -9999 28.4198703765869 28.5535316467285 28.6831531524658 28.69602394104 28.6966171264648 28.6886768341064 28.6965599060059 28.6807842254639 28.6698379516602 28.5461597442627 28.4703178405762 28.4068946838379 28.1109600067139 28.0305557250977 27.8782253265381 27.5358562469482 27.4137954711914 27.3697853088379 27.2064590454102 27.1580924987793 27.1629238128662 27.2745609283447 27.3216495513916 27.416145324707 27.5594997406006 27.6116580963135
-9999 -9999 -9999 -9999 -9999 -9999 -9999 -9999 -9999 -9999 -9999 -9999 -9999 -9999 -9999 -9999 -9999 -9999 -9999 27.649435043335 27.6294479370117 27.644214630127 27.6159324645996 -9999 -9999 -9999 -9999 -9999 -9999 -9999 -9999 -9999 -9999 -9999 -9999 28.552339553833 28.5815944671631 28.6891651153564 28.7027206420898 28.7132320404053 28.725061416626 28.7316265106201 28.7254962921143 28.7156848907471 28.5926818847656 28.5307636260986 28.4700794219971 28.1777229309082 28.0982913970947 27.9332160949707 27.5937538146973 27.5076370239258 27.3891353607178 27.2763156890869 27.171257019043 27.1878280639648 27.2619819641113 27.3229751586914 27.3872261047363 -9999 27.6091728210449
-9999 -9999 -9999 -9999 -9999 -9999 -9999 -9999 -9999 -9999 -9999 -9999 -9999 -9999 -9999 -9999 -9999 -9999 -9999 -9999 27.6430988311768 27.6722373962402 -9999 -9999 -9999 -9999 -9999 -9999 -9999 -9999 -9999 -9999 -9999 -9999 -9999 28.5782299041748 28.6393260955811 28.690845489502 28.7090549468994 28.7307434082031 28.7331829071045 28.7487945556641 28.7788009643555 28.6846961975098 28.6539402008057 28.6641750335693 28.3996601104736 28.2804088592529 28.1083869934082 27.8567085266113 27.6960582733154 27.3801612854004 27.3914184570312 27.266077041626 27.0187034606934 27.2025032043457 27.2676010131836 -9999 -9999 -9999 -9999
-9999 -9999 -9999 -9999 -9999 -9999 -9999 -9999 -9999 -9999 -9999 -9999 -9999 -9999 -9999 -9999 -9999 -9999 -9999 -9999 -9999 -9999 -9999 -9999 -9999 -9999 -9999 -9999 -9999 -9999 -9999 -9999 -9999 -9999 -9999 28.6978321075439 28.6987762451172 28.7063827514648 28.7207508087158 28.7361717224121 28.7518615722656 28.751049041748 28.7452526092529 28.7299327850342 28.6174411773682 28.5953483581543 28.4911327362061 28.2024707794189 28.1340179443359 27.9724388122559 27.7319622039795 27.5405006408691 27.4409770965576 27.3687839508057 27.2303714752197 -9999 -9999 -9999 -9999 -9999 -9999
-9999 -9999 -9999 -9999 -9999 -9999 -9999 -9999 -9999 -9999 -9999 -9999 -9999 -9999 -9999 -9999 -9999 -9999 -9999 -9999 -9999 -9999 -9999 -9999 -9999 -9999 -9999 -9999 -9999 -9999 -9999 -9999 -9999 -9999 28.7143630981445 28.7120895385742 28.7181701660156 28.7388095855713 28.7573852539062 28.7889194488525 28.7941474914551 28.7896308898926 28.7718048095703 28.7610664367676 28.6442565917969 28.6206035614014 28.4820423126221 28.2950210571289 28.1712303161621 27.9798145294189 27.8069267272949 27.5814647674561 -9999 -9999 -9999 -9999 -9999 -9999 -9999 -9999 -9999
-9999 -9999 -9999 -9999 -9999 -9999 -9999 -9999 -9999 -9999 -9999 -9999 -9999 -9999 -9999 -9999 -9999 -9999 -9999 -9999 -9999 -9999 -9999 -9999 -9999 -9999 -9999 -9999 -9999 -9999 -9999 -9999 -9999 -9999 -9999 28.7235641479492 -9999 28.756799697876 28.7898044586182 28.806303024292 28.8049240112305 28.8022689819336 28.8019981384277 28.7351989746094 28.7031440734863 28.6755924224854 28.5006084442139 28.3092555999756 -9999 -9999 -9999 -9999 -9999 -9999 -9999 -9999 -9999 -9999 -9999 -9999 -9999
-9999 -9999 -9999 -9999 -9999 -9999 -9999 -9999 -9999 -9999 -9999 -9999 -9999 -9999 -9999 -9999 -9999 -9999 -9999 -9999 -9999 -9999 -9999 -9999 -9999 -9999 -9999 -9999 -9999 -9999 -9999 -9999 -9999 -9999 -9999 -9999 -9999 28.8287296295166 28.8498268127441 28.8116855621338 28.8158702850342 28.8110847473145 28.8046016693115 28.7869205474854 28.7100238800049 28.6437835693359 -9999 -9999 -9999 -9999 -9999 -9999 -9999 -9999 -9999 -9999 -9999 -9999 -9999 -9999 -9999
-9999 -9999 -9999 -9999 -9999 -9999 -9999 -9999 -9999 -9999 -9999 -9999 -9999 -9999 -9999 -9999 -9999 -9999 -9999 -9999 -9999 -9999 -9999 -9999 -9999 -9999 -9999 -9999 -9999 -9999 -9999 -9999 -9999 -9999 -9999 -9999 -9999 -9999 28.8864135742188 28.8971004486084 28.895471572876 28.8797435760498 28.8663654327393 28.7712955474854 -9999 -9999 -9999 -9999 -9999 -9999 -9999 -9999 -9999 -9999 -9999 -9999 -9999 -9999 -9999 -9999 -9999
