G_variables/Set1/2.6/SSTmean.asc
NCOLS 581 
NROWS 855 
XLLCORNER -74.9166666666667 
YLLCORNER -55.8333333333333 
CELLSIZE 0.0833333333333333 
NODATA_value -9999 
[rows 567 to 593 of 855, columns 244 to 304 of 581]
-9999 -9999 -9999 -9999 -9999 -9999 -9999 -9999 -9999 -9999 -9999 -9999 -9999 -9999 -9999 -9999 -9999 -9999 -9999 -9999 -9999 -9999 -9999 -9999 -9999 -9999 -9999 19.4094905853271 19.452112197876 19.4859409332275 -9999 19.4655990600586 19.5024852752686 19.4797344207764 19.4656963348389 19.4222717285156 19.4597663879395 19.4616718292236 19.412425994873 19.4962730407715 19.526273727417 19.5352344512939 19.6467761993408 19.7002220153809 19.7577514648438 19.9167366027832 20.0035743713379 20.128396987915 20.3546829223633 20.4879550933838 20.6943073272705 20.9342136383057 21.0878276824951 21.3454608917236 21.5274829864502 21.6606826782227 21.9097461700439 21.9824714660645 22.060131072998 22.2263774871826 22.2324886322021
-9999 -9999 -9999 -9999 -9999 -9999 -9999 -9999 -9999 -9999 -9999 -9999 -9999 -9999 -9999 -9999 -9999 -9999 -9999 -9999 -9999 -9999 -9999 -9999 -9999 -9999 -9999 -9999 19.3877124786377 19.4239673614502 19.4357852935791 19.4354782104492 19.4405136108398 19.4368324279785 19.4337368011475 19.4232635498047 19.4256801605225 19.4502105712891 19.446985244751 19.4641742706299 19.5458126068115 19.5687084197998 19.6083869934082 19.7580699920654 19.7822647094727 19.8498096466064 20.0920543670654 20.1978225708008 20.2609024047852 20.6057109832764 20.7515621185303 20.832498550415 21.2186031341553 21.3725452423096 21.449649810791 21.7628574371338 21.884838104248 21.9283924102783 22.112548828125 22.1845188140869 22.2002620697021
-9999 -9999 -9999 -9999 -9999 -9999 -9999 -9999 -9999 -9999 -9999 -9999 -9999 -9999 -9999 -9999 -9999 -9999 -9999 -9999 -9999 -9999 -9999 -9999 -9999 -9999 -9999 -9999 19.3008232116699 19.3012084960938 19.30881690979 19.3123512268066 19.3193588256836 19.3212261199951 19.3264503479004 19.3271560668945 19.3419532775879 19.3774700164795 19.3913726806641 19.4238147735596 19.5094871520996 19.5600643157959 19.5927600860596 19.7439250946045 19.7699718475342 19.8532791137695 20.0973606109619 20.1504936218262 20.2905788421631 20.641206741333 20.8086566925049 20.8918800354004 21.2819786071777 21.4391918182373 21.5108013153076 21.821460723877 21.8765392303467 21.9498920440674 22.1279697418213 22.1610050201416 22.1723442077637
-9999 -9999 -9999 -9999 -9999 -9999 -9999 -9999 -9999 -9999 -9999 -9999 -9999 -9999 -9999 -9999 -9999 -9999 -9999 -9999 -9999 -9999 -9999 -9999 -9999 -9999 -9999 -9999 -9999 19.2305660247803 19.2534408569336 19.2694568634033 19.2510719299316 19.2866325378418 19.2938232421875 19.2797679901123 19.3262786865234 19.3475856781006 19.3728847503662 19.4379501342773 19.4757328033447 19.5309963226318 19.6278381347656 19.6825428009033 19.7566986083984 19.9275245666504 20.0178966522217 20.1390018463135 20.4004039764404 20.5438785552979 20.7548770904541 21.0198650360107 21.1867389678955 21.458402633667 21.6216201782227 21.7422466278076 21.9820213317871 22.0174694061279 22.0772495269775 22.2046318054199 22.1871013641357
-9999 -9999 -9999 -9999 -9999 -9999 -9999 -9999 -9999 -9999 -9999 -9999 -9999 -9999 -9999 -9999 -9999 -9999 -9999 -9999 -9999 -9999 -9999 -9999 -9999 -9999 -9999 -9999 19.1985301971436 19.20751953125 19.2338485717773 19.2570095062256 19.2540588378906 19.2583770751953 19.29323387146 19.2864246368408 19.299072265625 19.3561496734619 19.3737239837646 19.3969173431396 19.4941310882568 19.538158416748 19.5639820098877 19.7246360778809 19.7585945129395 19.8409786224365 20.1079044342041 20.224494934082 20.2953433990479 20.6713485717773 20.8310527801514 20.9172267913818 21.3147258758545 21.471830368042 21.5425415039062 21.8305473327637 21.8818912506104 21.9773998260498 22.1104202270508 22.131010055542 22.1639671325684
-9999 -9999 -9999 -9999 -9999 -9999 -9999 -9999 -9999 -9999 -9999 -9999 -9999 -9999 -9999 -9999 -9999 -9999 -9999 -9999 -9999 -9999 -9999 -9999 -9999 -9999 -9999 19.109130859375 19.125114440918 19.103910446167 19.1363735198975 19.1706008911133 19.1857852935791 19.1904792785645 19.2257385253906 19.2363605499268 19.25412940979 19.3145542144775 19.3388500213623 19.3553485870361 19.4512920379639 19.50071144104 19.5268745422363 19.6881885528564 19.7785949707031 19.8251972198486 20.0975742340088 20.2468070983887 20.3241310119629 20.7110900878906 20.7977657318115 20.9805641174316 21.3793888092041 21.4601211547852 21.5865039825439 21.8682479858398 21.9148616790771 21.9703197479248 22.0946617126465 22.1058826446533 22.1088562011719
-9999 -9999 -9999 -9999 -9999 -9999 -9999 -9999 -9999 -9999 -9999 -9999 -9999 -9999 -9999 -9999 -9999 -9999 -9999 -9999 -9999 -9999 -9999 -9999 -9999 -9999 -9999 19.0598068237305 19.0812892913818 19.0979671478271 19.1217079162598 19.1415500640869 19.1774120330811 19.1871318817139 19.1989364624023 19.2255020141602 19.2577514648438 19.2820301055908 19.3184700012207 19.3737907409668 19.4049224853516 19.4600353240967 19.5657653808594 19.6228885650635 19.6961688995361 19.8992938995361 20.0047721862793 20.1385612487793 20.445426940918 20.6125526428223 20.8547248840332 21.1134204864502 21.2805442810059 21.5766010284424 21.6931018829346 21.8002758026123 22.0124073028564 22.0179462432861 22.049783706665 22.1379165649414 22.0940589904785
-9999 -9999 -9999 -9999 -9999 -9999 -9999 -9999 -9999 -9999 -9999 -9999 -9999 -9999 -9999 -9999 -9999 -9999 -9999 -9999 -9999 -9999 -9999 -9999 -9999 -9999 19.0068836212158 19.0167236328125 19.0376205444336 19.078182220459 19.0885963439941 19.1344108581543 19.1430931091309 19.1521854400635 19.1965751647949 19.204158782959 19.2197875976562 19.2763557434082 19.3070201873779 19.3218879699707 19.4202079772949 19.4451599121094 19.4908638000488 19.6699714660645 19.7075576782227 19.8021106719971 20.1133728027344 20.1825885772705 20.3304843902588 20.7504234313965 20.8424644470215 21.0150394439697 21.4143733978271 21.4873962402344 21.6244964599609 21.8711814880371 21.912712097168 21.9847393035889 22.0545825958252 22.0788040161133 22.0759086608887
-9999 -9999 -9999 -9999 -9999 -9999 -9999 -9999 -9999 -9999 -9999 -9999 -9999 -9999 -9999 -9999 -9999 -9999 -9999 -9999 -9999 -9999 -9999 -9999 -9999 -9999 18.9152145385742 18.962028503418 18.9779396057129 18.9904479980469 19.0136051177979 19.0621089935303 19.0811424255371 19.089448928833 19.1312065124512 19.1490230560303 19.1579475402832 19.2135982513428 19.2452640533447 19.2613162994385 19.358943939209 19.4158706665039 19.4451217651367 19.6295547485352 19.7317447662354 19.7865524291992 20.1177749633789 20.1932258605957 20.3817729949951 20.8105049133301 20.9088897705078 21.0906848907471 21.481029510498 21.6082229614258 21.6608352661133 21.8840465545654 21.9186477661133 21.9461822509766 22.0265598297119 22.0325717926025 22.0190181732178
-9999 -9999 -9999 -9999 -9999 -9999 -9999 -9999 -9999 -9999 -9999 -9999 -9999 -9999 -9999 -9999 -9999 -9999 -9999 -9999 -9999 -9999 -9999 -9999 -9999 -9999 18.8810615539551 18.9079494476318 18.9469928741455 18.9850063323975 19.0110607147217 19.0312557220459 19.072301864624 19.0864944458008 19.0938663482666 19.117395401001 19.1519832611084 19.170919418335 19.1947555541992 19.2685718536377 19.3021659851074 19.3379516601562 19.4831237792969 19.5511074066162 19.6134548187256 19.8815994262695 20.0142097473145 20.1766891479492 20.5114002227783 20.7037696838379 21.0182361602783 21.2323188781738 21.388843536377 21.6932430267334 21.7506694793701 21.8186283111572 21.9892120361328 21.9683322906494 21.9822463989258 22.0301723480225 21.9893569946289
-9999 -9999 -9999 -9999 -9999 -9999 -9999 -9999 -9999 -9999 -9999 -9999 -9999 -9999 -9999 -9999 -9999 -9999 -9999 -9999 -9999 -9999 -9999 -9999 -9999 18.8326988220215 18.8447265625 18.890064239502 18.9265956878662 18.9542350769043 18.9648361206055 19.0171527862549 19.0347690582275 19.0415878295898 19.0886745452881 19.1050205230713 19.1087055206299 19.1692276000977 19.1877117156982 19.2207660675049 19.3303146362305 19.3526077270508 19.4110069274902 19.6258811950684 19.6702995300293 19.7770233154297 20.1440601348877 20.2979068756104 20.3949108123779 20.8533554077148 20.9513988494873 21.1298980712891 21.5027637481689 21.5668659210205 21.6855087280273 21.8744201660156 21.9015445709229 21.9385623931885 21.9753112792969 21.9768867492676 21.9752712249756
-9999 -9999 -9999 -9999 -9999 -9999 -9999 -9999 -9999 -9999 -9999 -9999 -9999 -9999 -9999 -9999 -9999 -9999 -9999 -9999 -9999 -9999 -9999 18.7349815368652 -9999 18.7568969726562 18.745153427124 18.7923450469971 18.8391819000244 18.865909576416 18.8775672912598 18.9307193756104 18.9542942047119 18.9632511138916 19.0111846923828 19.0210971832275 19.0483684539795 19.11159324646 19.1519508361816 19.1733684539795 19.2876834869385 19.3107032775879 19.3959445953369 19.6163311004639 19.7348346710205 19.8058376312256 20.1810111999512 20.3599605560303 20.4604988098145 20.9226093292236 21.1042232513428 21.1881046295166 21.5535850524902 21.6490268707275 21.6891441345215 21.8658924102783 21.8885669708252 21.8916645050049 21.9229125976562 21.9114761352539 21.904088973999
-9999 -9999 -9999 -9999 -9999 -9999 -9999 -9999 -9999 -9999 -9999 -9999 -9999 -9999 -9999 -9999 -9999 -9999 -9999 -9999 -9999 -9999 -9999 18.6734676361084 18.7042484283447 18.717248916626 18.7276382446289 18.7682991027832 18.792459487915 18.8284587860107 18.8640174865723 18.8856887817383 18.9213905334473 18.9517364501953 18.9694309234619 18.9944133758545 19.044864654541 19.0680027008057 19.0833168029785 19.1908016204834 19.2331047058105 19.2593803405762 19.450756072998 19.5343265533447 19.6043891906738 19.9190425872803 20.074670791626 20.2592067718506 20.6072998046875 20.8086204528809 21.1475830078125 21.3190517425537 21.4521541595459 21.7366771697998 21.7563610076904 21.8072128295898 21.9284820556641 21.90403175354 21.8948192596436 21.9165802001953 21.8740425109863
-9999 -9999 -9999 -9999 -9999 -9999 -9999 -9999 -9999 -9999 -9999 -9999 -9999 -9999 -9999 -9999 -9999 -9999 -9999 -9999 -9999 -9999 18.604061126709 18.6384086608887 18.644458770752 18.6604461669922 18.7075996398926 18.7151050567627 18.7620792388916 18.8031845092773 18.8093605041504 18.8579406738281 18.8885765075684 18.9046821594238 18.9519786834717 18.9883708953857 19.0049343109131 19.0748863220215 19.1043262481689 19.1620330810547 19.2763595581055 19.3418045043945 19.4227333068848 19.6160297393799 19.6940059661865 19.8950881958008 20.2031440734863 20.404598236084 20.5595397949219 20.9154853820801 21.0529651641846 21.244909286499 21.4965686798096 21.609546661377 21.6975231170654 21.7950229644775 21.8755378723145 21.8676891326904 21.8583889007568 21.8751583099365 21.8470916748047
-9999 -9999 -9999 -9999 -9999 -9999 -9999 -9999 -9999 -9999 -9999 -9999 -9999 -9999 -9999 -9999 -9999 -9999 -9999 -9999 -9999 18.4858360290527 18.4988632202148 18.5318012237549 18.5778388977051 18.5902824401855 18.6137924194336 18.6445655822754 18.6916332244873 18.7162189483643 18.7463397979736 18.7967128753662 18.8095474243164 18.8555450439453 18.9077186584473 18.9212684631348 18.9819393157959 19.0593948364258 19.0831737518311 19.177526473999 19.2998752593994 19.3522109985352 19.4738693237305 19.6751594543457 19.7831840515137 19.9730777740479 20.2825107574463 20.5079822540283 20.6314067840576 20.9701061248779 21.1943054199219 21.2763156890869 21.5160217285156 21.6399364471436 21.6913280487061 21.7787284851074 21.8261985778809 21.8290138244629 21.8178272247314 21.7951698303223 21.7868785858154
-9999 -9999 -9999 -9999 -9999 -9999 -9999 -9999 -9999 -9999 -9999 -9999 -9999 -9999 -9999 -9999 -9999 -9999 -9999 -9999 18.4508514404297 18.4644412994385 18.4777870178223 18.4946384429932 18.5180587768555 18.5515251159668 18.5586738586426 18.612340927124 18.6390972137451 18.6742782592773 18.7226390838623 18.7512512207031 18.7907619476318 18.8438148498535 18.8696632385254 18.8939208984375 18.9920787811279 19.0310020446777 19.0558948516846 19.2232894897461 19.2891407012939 19.3389739990234 19.5666179656982 19.6699485778809 19.7729759216309 20.0910606384277 20.249397277832 20.4478912353516 20.7653007507324 20.9432563781738 21.2614421844482 21.3909034729004 21.5020656585693 21.7424278259277 21.740213394165 21.7695865631104 21.8517799377441 21.8090114593506 21.7999172210693 21.79638671875 21.7477931976318
-9999 -9999 -9999 -9999 -9999 -9999 -9999 -9999 -9999 -9999 -9999 -9999 -9999 -9999 -9999 -9999 -9999 -9999 -9999 18.3387508392334 18.3786678314209 18.3939418792725 18.4167957305908 18.45876121521 18.5001449584961 18.5325393676758 18.5428943634033 18.5634880065918 18.6171760559082 18.6613140106201 18.6736335754395 18.7360706329346 18.7853717803955 18.8049087524414 18.8835048675537 18.9298496246338 18.9723854064941 19.0912265777588 19.1332607269287 19.2278251647949 19.3918552398682 19.4795017242432 19.5935306549072 19.8187084197998 19.9567985534668 20.1099166870117 20.4077930450439 20.5101413726807 20.7446250915527 21.0507659912109 21.2636222839355 21.336519241333 21.5329933166504 21.6309108734131 21.6934947967529 21.7519569396973 21.7936038970947 21.7788505554199 21.7526836395264 21.7573719024658 21.7210292816162
-9999 -9999 -9999 -9999 -9999 -9999 -9999 -9999 -9999 -9999 -9999 -9999 -9999 -9999 -9999 -9999 -9999 -9999 18.2446060180664 18.2550888061523 18.2916316986084 18.3351516723633 18.347017288208 18.3608360290527 18.4009704589844 18.4511756896973 18.4727077484131 18.5050029754639 18.5597457885742 18.5740661621094 18.6296939849854 18.6904964447021 18.7089748382568 18.7830448150635 18.8737030029297 18.9009113311768 19.0048408508301 19.1427974700928 19.203498840332 19.3256225585938 19.5026016235352 19.6697216033936 19.7387599945068 19.966516494751 20.1597557067871 20.2561550140381 20.5475940704346 20.7550163269043 20.852912902832 21.1342582702637 21.3128929138184 21.3747711181641 21.5542373657227 21.6467208862305 21.6747455596924 21.726676940918 21.7432899475098 21.7240791320801 21.7030982971191 21.6706657409668 21.6596431732178
-9999 -9999 -9999 -9999 -9999 -9999 -9999 -9999 -9999 -9999 -9999 -9999 -9999 -9999 -9999 -9999 -9999 -9999 18.2404727935791 18.2528018951416 18.2991065979004 18.2903003692627 18.3154411315918 18.3194828033447 18.3790683746338 18.4013767242432 18.4204406738281 18.4830951690674 18.5177936553955 18.5644798278809 18.6187133789062 18.6497821807861 18.6886463165283 18.7961597442627 18.8432998657227 18.8821811676025 19.0644550323486 19.143217086792 19.2203006744385 19.4372596740723 19.5381698608398 19.6540222167969 19.8888893127441 20.0057582855225 20.1537780761719 20.4164962768555 20.5606708526611 20.7766571044922 20.993106842041 21.1345386505127 21.4063301086426 21.473388671875 21.548267364502 21.7226943969727 21.6896133422852 21.6973781585693 21.7456607818604 21.6990451812744 21.6829662322998 21.6721496582031 21.5998477935791
-9999 -9999 -9999 -9999 -9999 -9999 -9999 -9999 -9999 -9999 -9999 -9999 -9999 -9999 -9999 -9999 -9999 18.1839904785156 18.1886501312256 18.2043037414551 18.2446365356445 18.2738418579102 18.3019237518311 18.3291778564453 18.3402233123779 18.3855228424072 18.4127826690674 18.4415493011475 18.5078601837158 18.5423908233643 18.5806140899658 18.6649761199951 18.7042503356934 18.7690238952637 18.9071636199951 18.9785251617432 19.0704364776611 19.2642593383789 19.3562297821045 19.47776222229 19.7027587890625 19.8147964477539 19.951192855835 20.1874103546143 20.3265590667725 20.4684295654297 20.7153759002686 20.7963428497314 20.9957160949707 21.2278423309326 21.3114681243896 21.4371528625488 21.550666809082 21.6543121337891 21.6519317626953 21.6635398864746 21.6888694763184 21.6579570770264 21.6221389770508 21.6216735839844 21.5718879699707
-9999 -9999 -9999 -9999 -9999 -9999 -9999 -9999 -9999 -9999 -9999 -9999 -9999 -9999 -9999 -9999 -9999 18.1094493865967 18.142240524292 18.1800079345703 18.19264793396 18.2136783599854 18.245325088501 18.2524337768555 18.2925033569336 18.338436126709 18.3679351806641 18.4003829956055 18.4646110534668 18.5128479003906 18.5561542510986 18.647481918335 18.6757431030273 18.794713973999 18.9519672393799 19.0175361633301 19.1703796386719 19.3914222717285 19.5078964233398 19.6581840515137 19.8849792480469 20.027624130249 20.1525611877441 20.3785018920898 20.5584030151367 20.6336841583252 20.8772087097168 21.0062465667725 21.1038112640381 21.2972946166992 21.4085063934326 21.447925567627 21.5580272674561 21.5980854034424 21.6053142547607 21.6110458374023 21.5955944061279 21.5929317474365 21.5477142333984 21.5047779083252 21.4870891571045
-9999 -9999 -9999 -9999 -9999 -9999 -9999 -9999 -9999 -9999 -9999 -9999 -9999 -9999 -9999 18.0442657470703 18.0816879272461 18.0803070068359 18.1205387115479 18.1361064910889 18.1497097015381 18.1890163421631 18.2062816619873 18.2216720581055 18.2744846343994 18.3024559020996 18.337329864502 18.3946838378906 18.4267444610596 18.4699420928955 18.5646190643311 18.607946395874 18.6361770629883 18.8456001281738 18.9370613098145 19.0236797332764 19.2932395935059 19.427059173584 19.6157245635986 19.8284645080566 19.9551162719727 20.1612491607666 20.3268966674805 20.4415531158447 20.6386184692383 20.7909202575684 20.901948928833 21.119779586792 21.2277336120605 21.3037776947021 21.5030975341797 21.5105819702148 21.5468654632568 21.6452217102051 21.5923366546631 21.5858974456787 21.5939655303955 21.5373859405518 21.5123672485352 21.4870491027832 21.4225406646729
-9999 -9999 -9999 -9999 -9999 -9999 -9999 -9999 -9999 -9999 -9999 -9999 -9999 -9999 17.9986972808838 18.0251140594482 18.0347080230713 18.0728607177734 18.0760192871094 18.1131134033203 18.1378993988037 18.1536808013916 18.1925029754639 18.21923828125 18.2433986663818 18.2962665557861 18.3232803344727 18.3597087860107 18.4378433227539 18.4884834289551 18.5365314483643 18.672269821167 18.743185043335 18.846134185791 19.0666885375977 19.1425189971924 19.3210315704346 19.5976142883301 19.6881294250488 19.8827419281006 20.1365795135498 20.2735385894775 20.3976879119873 20.6092491149902 20.6637668609619 20.8396186828613 21.0242233276367 21.1545562744141 21.2145595550537 21.3578624725342 21.4038963317871 21.4771518707275 21.5326442718506 21.5816059112549 21.5534934997559 21.5375213623047 21.5351638793945 21.4987010955811 21.4453220367432 21.4358654022217 21.3791465759277
-9999 -9999 -9999 -9999 -9999 -9999 -9999 -9999 -9999 -9999 -9999 -9999 -9999 17.8980712890625 17.9073429107666 17.9437427520752 17.9855365753174 18.0059070587158 18.0261173248291 18.0615673065186 18.0748767852783 18.1119899749756 18.1568012237549 18.1814842224121 18.2113494873047 18.2593116760254 18.2764530181885 18.3337631225586 18.4094219207764 18.4330215454102 18.5464611053467 18.6995792388916 18.8470878601074 18.9319839477539 19.1824531555176 19.4006271362305 19.4903888702393 19.7780876159668 19.9448680877686 20.0916042327881 20.3400707244873 20.4847545623779 20.5865364074707 20.789966583252 20.9031200408936 20.9726409912109 21.1392574310303 21.2185573577881 21.2701530456543 21.3871612548828 21.431547164917 21.453670501709 21.4997634887695 21.4835395812988 21.4879817962646 21.4697608947754 21.4310340881348 21.4109668731689 21.3563766479492 21.3182830810547 21.2841396331787
-9999 -9999 -9999 -9999 -9999 -9999 -9999 -9999 -9999 -9999 -9999 -9999 -9999 17.8817386627197 17.8790473937988 17.9250335693359 17.9456195831299 17.9662113189697 18.0095062255859 18.0314559936523 18.0616474151611 18.1018829345703 18.125602722168 18.1641311645508 18.2002391815186 18.2241897583008 18.2648487091064 18.33473777771 18.3719425201416 18.3994407653809 18.5853443145752 18.6648540496826 18.7205600738525 19.03932762146 19.1889972686768 19.3764610290527 19.664514541626 19.8367481231689 20.1280460357666 20.2882518768311 20.4159889221191 20.6616039276123 20.756908416748 20.8454113006592 21.0374488830566 21.090368270874 21.1572551727295 21.3196029663086 21.3329181671143 21.3737869262695 21.4860897064209 21.4616279602051 21.4712371826172 21.5044097900391 21.4557456970215 21.4386234283447 21.4241218566895 21.3511657714844 21.3162326812744 21.2740802764893 21.2100734710693
-9999 -9999 -9999 -9999 -9999 -9999 -9999 -9999 -9999 -9999 17.7807674407959 17.8134613037109 17.8228206634521 17.8446979522705 17.8778495788574 17.8884334564209 17.9324359893799 17.964334487915 17.977367401123 18.0226039886475 18.0586357116699 18.0736408233643 18.1146392822266 18.1412162780762 18.1684017181396 18.2245922088623 18.2682800292969 18.3067207336426 18.4185905456543 18.4786777496338 18.5760765075684 18.787691116333 18.8609161376953 19.0560569763184 19.3680038452148 19.5327663421631 19.7007942199707 20.0162982940674 20.1938304901123 20.331449508667 20.5588283538818 20.7055549621582 20.8083457946777 20.9622077941895 20.9960136413574 21.1088085174561 21.2112426757812 21.2379913330078 21.3096523284912 21.3711452484131 21.4275531768799 21.4166831970215 21.4172687530518 21.4379711151123 21.4197940826416 21.3854484558105 21.3646564483643 21.314769744873 21.2412052154541 21.2111721038818 21.1636447906494
-9999 -9999 -9999 -9999 -9999 -9999 -9999 -9999 -9999 -9999 17.7268104553223 17.7305183410645 17.7748680114746 17.7917613983154 17.8050365447998 17.8459186553955 17.8912887573242 17.907787322998 17.9430332183838 17.9874324798584 18.0037155151367 18.0379066467285 18.0797824859619 18.0909805297852 18.1362075805664 18.1897163391113 18.2451839447021 18.3005867004395 18.4230117797852 18.5485954284668 18.6356887817383 18.8827228546143 18.989501953125 19.2083263397217 19.5373878479004 19.7147121429443 19.8995876312256 20.1970310211182 20.3768119812012 20.4981422424316 20.7214412689209 20.849889755249 20.923957824707 21.0675525665283 21.1324100494385 21.1586208343506 21.2389354705811 21.2675971984863 21.286979675293 21.3224754333496 21.3215751647949 21.3329582214355 21.3331851959229 21.3143291473389 21.3269863128662 21.2921276092529 21.2473297119141 21.2151699066162 21.1444492340088 21.0826835632324 21.0558910369873
