G_variables/Set1/2.6/Velmean.asc
NCOLS 581 
NROWS 855 
XLLCORNER -74.9166666666667 
YLLCORNER -55.8333333333333 
CELLSIZE 0.0833333333333333 
NODATA_value -9999 
[rows 270 to 296 of 855, columns 480 to 539 of 581]
-9999 0.157810658216476 0.179390758275986 0.210617169737816 0.274193644523621 0.444201827049255 0.417633920907974 0.400363057851791 0.306770801544189 0.287559270858765 0.266542702913284 0.256401211023331 0.249125868082047 0.238346293568611 0.230414852499962 0.229137301445007 0.233734473586082 0.221835717558861 0.215579897165298 0.205739557743073 0.18373042345047 0.175675719976425 0.162015125155449 0.156976893544197 0.156516790390015 0.157441854476929 0.157032832503319 0.156754374504089 0.157842397689819 0.159756377339363 0.160475999116898 0.162905380129814 0.16785354912281 0.1694575548172 0.173124447464943 0.176287084817886 0.178553998470306 0.178447857499123 0.180027425289154 0.18140572309494 0.181382045149803 -9999 -9999 -9999 -9999 -9999 -9999 -9999 -9999 -9999 -9999 -9999 -9999 -9999 -9999 -9999 -9999 -9999 -9999 -9999
-9999 0.158956125378609 0.175589993596077 0.232988223433495 0.306833565235138 0.435796409845352 0.41239121556282 0.382059156894684 0.313168495893478 0.275621920824051 0.259081363677979 0.255610585212708 0.242672979831696 0.232858300209045 0.226449057459831 0.225134417414665 0.23037177324295 0.223465904593468 0.212880373001099 0.202914491295815 0.186306953430176 0.172539919614792 0.161670044064522 0.157453879714012 0.156714722514153 0.156748548150063 0.156745105981827 0.156201496720314 0.157287761569023 0.159483000636101 0.161018043756485 0.164083659648895 0.167667061090469 0.171145632863045 0.174528107047081 0.176665246486664 0.178840830922127 0.181544750928879 0.181372970342636 0.181886032223701 0.183265641331673 -9999 -9999 -9999 -9999 -9999 -9999 -9999 -9999 -9999 -9999 -9999 -9999 -9999 -9999 -9999 -9999 -9999 -9999 -9999
-9999 0.153745844960213 0.185108974575996 0.219357416033745 0.272313117980957 0.437247008085251 0.420223385095596 0.42144975066185 0.322501718997955 0.282649457454681 0.266236364841461 0.252289772033691 0.245387703180313 0.242041572928429 0.219531908631325 0.221648037433624 0.232180774211884 0.226494684815407 0.217844143509865 0.211252257227898 0.190743014216423 0.181475698947906 0.1706832498312 0.16358195245266 0.164497807621956 0.160913407802582 0.158206939697266 0.157677426934242 0.158155024051666 0.159691721200943 0.160095766186714 0.163735076785088 0.168905675411224 0.169838562607765 0.174663677811623 0.178390249609947 0.183836370706558 0.181808888912201 0.185622185468674 0.18436299264431 0.181475847959518 -9999 -9999 -9999 -9999 -9999 -9999 -9999 -9999 -9999 -9999 -9999 -9999 -9999 -9999 -9999 -9999 -9999 -9999 -9999
-9999 0.14914533495903 0.16982239484787 0.196572810411453 0.250477850437164 0.395884245634079 0.385296434164047 0.392817974090576 0.300664901733398 0.269942343235016 0.245513588190079 0.235176414251328 0.234442383050919 0.240973830223083 0.222909867763519 0.214611530303955 0.225258365273476 0.226978302001953 0.221247494220734 0.214259669184685 0.195091381669044 0.188559800386429 0.177394852042198 0.172193124890327 0.171787261962891 0.17078597843647 0.164822474122047 0.162593930959702 0.158926412463188 0.157800912857056 0.158021256327629 0.161565214395523 0.167904928326607 0.169437482953072 0.174786016345024 0.17769293487072 0.179539248347282 0.178249046206474 0.179564341902733 0.178578227758408 0.177198261022568 -9999 -9999 -9999 -9999 -9999 -9999 -9999 -9999 -9999 -9999 -9999 -9999 -9999 -9999 -9999 -9999 -9999 -9999 -9999
-9999 0.148920744657516 0.166006281971931 0.213609844446182 0.278469115495682 0.387615203857422 0.368177175521851 0.343331545591354 0.297074049711227 0.233685657382011 0.23129104077816 0.229585126042366 0.229708939790726 0.236204266548157 0.224785506725311 0.210044726729393 0.223362401127815 0.225913390517235 0.218851774930954 0.21017698943615 0.196229517459869 0.183343082666397 0.17387068271637 0.172610193490982 0.17332336306572 0.172270745038986 0.166582778096199 0.164360553026199 0.159881249070168 0.15750390291214 0.158571004867554 0.160343527793884 0.166414588689804 0.166853487491608 0.17070560157299 0.171029716730118 0.176563993096352 0.172301486134529 0.174080953001976 0.176431015133858 0.169986143708229 -9999 -9999 -9999 -9999 -9999 -9999 -9999 -9999 -9999 -9999 -9999 -9999 -9999 -9999 -9999 -9999 -9999 -9999 -9999
0.140953496098518 0.133063673973083 0.167670875787735 0.207261249423027 0.255008041858673 0.367682963609695 0.350611954927444 0.338861376047134 0.258322060108185 0.228874534368515 0.218907907605171 0.223377957940102 0.225981071591377 0.238438919186592 0.227717369794846 0.216023609042168 0.216957166790962 0.227075606584549 0.223694041371346 0.221341177821159 0.198367834091187 0.189100652933121 0.180732637643814 0.176503226161003 0.17663648724556 0.176945731043816 0.172497391700745 0.169494926929474 0.167164728045464 0.161439955234528 0.15753336250782 0.16057987511158 0.16168986260891 0.161714360117912 0.166339114308357 0.168835416436195 0.171040132641792 0.166414722800255 0.171145662665367 0.168274357914925 0.161560565233231 -9999 -9999 -9999 -9999 -9999 -9999 -9999 -9999 -9999 -9999 -9999 -9999 -9999 -9999 -9999 -9999 -9999 -9999 -9999
-9999 0.13855317234993 0.169002905488014 0.197074249386787 0.263591110706329 0.384251236915588 0.362607032060623 0.347692996263504 0.257964700460434 0.238859236240387 0.224155321717262 0.224253252148628 0.220984771847725 0.236610472202301 0.230679258704185 0.221942856907845 0.216775953769684 0.222611948847771 0.220701098442078 0.223233073949814 0.206299066543579 0.199354693293571 0.1876320540905 0.177122965455055 0.177313655614853 0.179546698927879 0.176187187433243 0.173367664217949 0.169965818524361 0.163275212049484 0.160344794392586 0.158967584371567 0.157411560416222 0.157447770237923 0.159271165728569 0.160945206880569 0.160058215260506 0.159226447343826 0.160214573144913 0.159626662731171 0.160653978586197 -9999 -9999 -9999 -9999 -9999 -9999 -9999 -9999 -9999 -9999 -9999 -9999 -9999 -9999 -9999 -9999 -9999 -9999 -9999
0.14303232729435 0.145229279994965 0.166138052940369 0.233042672276497 0.300713449716568 0.385253190994263 0.359847784042358 0.325982630252838 0.264786154031754 0.232239797711372 0.22822280228138 0.223911076784134 0.222060814499855 0.233309686183929 0.2315554022789 0.217946693301201 0.214886710047722 0.220121577382088 0.218488812446594 0.219194918870926 0.207860559225082 0.196325495839119 0.184271737933159 0.17620912194252 0.176798611879349 0.177745848894119 0.175146207213402 0.170745939016342 0.168024554848671 0.16399921476841 0.161977782845497 0.159922361373901 0.157950386404991 0.159391015768051 0.15947513282299 0.159281879663467 0.157748177647591 0.156069442629814 0.157999724149704 0.159321814775467 0.162886932492256 -9999 -9999 -9999 -9999 -9999 -9999 -9999 -9999 -9999 -9999 -9999 -9999 -9999 -9999 -9999 -9999 -9999 -9999 -9999
-9999 0.137527778744698 0.17861433327198 0.244319498538971 0.297381490468979 0.386332899332047 0.365677088499069 0.350868672132492 0.26905545592308 0.242142572999001 0.240588545799255 0.228424444794655 0.221453353762627 0.23454949259758 0.232377856969833 0.223992541432381 0.222105413675308 0.216931283473969 0.217842385172844 0.223882585763931 0.211740419268608 0.202558100223541 0.194271326065063 0.176182225346565 0.176017135381699 0.179816782474518 0.176083669066429 0.172662287950516 0.171281471848488 0.167680531740189 0.165792047977448 0.163650333881378 0.160958170890808 0.160686835646629 0.162030324339867 0.16146294772625 0.158151552081108 0.156775817275047 0.157024592161179 0.163391098380089 0.167604357004166 -9999 -9999 -9999 -9999 -9999 -9999 -9999 -9999 -9999 -9999 -9999 -9999 -9999 -9999 -9999 -9999 -9999 -9999 -9999
-9999 0.142493888735771 0.197931125760078 0.247603535652161 0.336853682994843 0.399539768695831 0.377042323350906 0.348697364330292 0.267836809158325 0.245058491826057 0.241967082023621 0.228526413440704 0.218717738986015 0.229366287589073 0.227126210927963 0.222230613231659 0.222782731056213 0.213403463363647 0.21107380092144 0.219229131937027 0.212503165006638 0.205531433224678 0.195811927318573 0.177291303873062 0.172400504350662 0.176732212305069 0.175615340471268 0.173672154545784 0.171306490898132 0.169560626149178 0.168487533926964 0.167012095451355 0.162196666002274 0.160790726542473 0.163458213210106 0.163073748350143 0.159476548433304 0.160082206130028 0.163242518901825 0.170857533812523 0.171245098114014 -9999 -9999 -9999 -9999 -9999 -9999 -9999 -9999 -9999 -9999 -9999 -9999 -9999 -9999 -9999 -9999 -9999 -9999 -9999
0.157545253634453 0.158593341708183 0.200390622019768 0.277088850736618 0.347236126661301 0.39420947432518 0.36346048116684 0.341471165418625 0.271793633699417 0.245823055505753 0.229060649871826 0.224552184343338 0.205436289310455 0.224239662289619 0.225002378225327 0.212483182549477 0.218978568911552 0.213367030024529 0.204207986593246 0.213573038578033 0.211457416415215 0.203166738152504 0.194881469011307 0.178574904799461 0.176541522145271 0.172614872455597 0.173388332128525 0.168567851185799 0.168044298887253 0.168069377541542 0.168254718184471 0.166971251368523 0.160963788628578 0.16444930434227 0.163308873772621 0.163207843899727 0.160620957612991 0.170122772455215 0.168267041444778 0.170906946063042 0.175406292080879 -9999 -9999 -9999 -9999 -9999 -9999 -9999 -9999 -9999 -9999 -9999 -9999 -9999 -9999 -9999 -9999 -9999 -9999 -9999
0.180923953652382 0.168915584683418 0.236520364880562 0.278427928686142 0.355655461549759 0.384821265935898 0.364598453044891 0.349928498268127 0.27008444070816 0.246664687991142 0.227722927927971 0.213006377220154 0.205948650836945 0.222857758402824 0.218717515468597 0.212693586945534 0.218248695135117 0.2125294059515 0.204625174403191 0.210766851902008 0.208570942282677 0.203511625528336 0.197976484894753 0.18215723335743 0.176711231470108 0.171587631106377 0.17017237842083 0.16865599155426 0.168285146355629 0.168840929865837 0.168333619832993 0.169357880949974 0.166810944676399 0.164533138275146 0.16622468829155 0.165948107838631 0.168970569968224 0.170159205794334 0.17412431538105 0.176036909222603 0.17541640996933 -9999 -9999 -9999 -9999 -9999 -9999 -9999 -9999 -9999 -9999 -9999 -9999 -9999 -9999 -9999 -9999 -9999 -9999 -9999
0.171668529510498 0.18628790974617 0.233140707015991 0.326400369405746 0.373925268650055 0.389326065778732 0.361321687698364 0.322296530008316 0.272214591503143 0.22524257004261 0.214040830731392 0.209575623273849 0.203859180212021 0.214038044214249 0.217227101325989 0.208713099360466 0.211624145507812 0.211959972977638 0.202490195631981 0.206150010228157 0.207740917801857 0.198620438575745 0.193472474813461 0.183284252882004 0.173986867070198 0.17002409696579 0.169351011514664 0.165378719568253 0.166096806526184 0.167831867933273 0.167501658201218 0.168707087635994 0.167304456233978 0.166246831417084 0.166742369532585 0.168855145573616 0.169585719704628 0.172843053936958 0.173920914530754 0.175671398639679 0.173196211457253 -9999 -9999 -9999 -9999 -9999 -9999 -9999 -9999 -9999 -9999 -9999 -9999 -9999 -9999 -9999 -9999 -9999 -9999 -9999
0.175968319177628 0.17067576944828 0.266840636730194 0.325490981340408 0.396452993154526 0.393900632858276 0.353500485420227 0.337441563606262 0.259237915277481 0.223710715770721 0.217515826225281 0.199053093791008 0.195134311914444 0.214003995060921 0.20956963300705 0.203186899423599 0.212206453084946 0.20980529487133 0.201553136110306 0.206260070204735 0.203204780817032 0.197718039155006 0.197409182786942 0.183794349431992 0.175404414534569 0.173939079046249 0.166288748383522 0.163690507411957 0.165757194161415 0.16750904917717 0.16623018682003 0.170738309621811 0.17048342525959 0.16773846745491 0.169891178607941 0.172540262341499 0.174192935228348 0.172196596860886 0.175285533070564 0.172686398029327 0.1676005423069 -9999 -9999 -9999 -9999 -9999 -9999 -9999 -9999 -9999 -9999 -9999 -9999 -9999 -9999 -9999 -9999 -9999 -9999 -9999
0.173657357692719 0.186219155788422 0.294745564460754 0.321693420410156 0.382888078689575 0.375982910394669 0.342581421136856 0.306516528129578 0.2374407351017 0.217463493347168 0.208722338080406 0.19514325261116 0.19003763794899 0.204213127493858 0.20151324570179 0.196972563862801 0.208396673202515 0.205237284302711 0.199749559164047 0.19999897480011 0.195754751563072 0.192642793059349 0.191494137048721 0.180741250514984 0.174867168068886 0.171559259295464 0.167235895991325 0.166475057601929 0.16623443365097 0.165726631879807 0.166273683309555 0.16956128180027 0.1714106798172 0.17130883038044 0.173492416739464 0.175185039639473 0.172987207770348 0.171163007616997 0.16875059902668 0.167161598801613 0.166802644729614 -9999 -9999 -9999 -9999 -9999 -9999 -9999 -9999 -9999 -9999 -9999 -9999 -9999 -9999 -9999 -9999 -9999 -9999 -9999
0.184834852814674 0.223721906542778 0.296158790588379 0.371988922357559 0.390193819999695 0.381106942892075 0.322282433509827 0.27783128619194 0.237663075327873 0.210274383425713 0.202377602458 0.19618946313858 0.190541937947273 0.199819847941399 0.200417652726173 0.197047933936119 0.203222021460533 0.203651532530785 0.192276030778885 0.193725779652596 0.193873688578606 0.186077415943146 0.184559777379036 0.180237367749214 0.169178411364555 0.168441370129585 0.167602807283401 0.167554467916489 0.166971370577812 0.165084972977638 0.165809839963913 0.169274091720581 0.171259015798569 0.172422707080841 0.173985049128532 0.172681376338005 0.171679854393005 0.168720707297325 0.166635677218437 0.16696509718895 0.166916936635971 -9999 -9999 -9999 -9999 -9999 -9999 -9999 -9999 -9999 -9999 -9999 -9999 -9999 -9999 -9999 -9999 -9999 -9999 -9999
0.195171296596527 0.215645432472229 0.33620274066925 0.371465593576431 0.43162938952446 0.374158263206482 0.325987607240677 0.288837879896164 0.22617581486702 0.214261770248413 0.208900168538094 0.201276078820229 0.192279040813446 0.198515936732292 0.196796134114265 0.192213982343674 0.202607065439224 0.196591064333916 0.188456505537033 0.190208837389946 0.186528488993645 0.182235196232796 0.184319987893105 0.1742854565382 0.167912393808365 0.169205740094185 0.169686391949654 0.168487638235092 0.170184850692749 0.167829960584641 0.164762198925018 0.168855041265488 0.173436567187309 0.17312316596508 0.176086515188217 0.175286993384361 0.169794484972954 0.168497115373611 0.169253051280975 0.16731084883213 0.166087195277214 -9999 -9999 -9999 -9999 -9999 -9999 -9999 -9999 -9999 -9999 -9999 -9999 -9999 -9999 -9999 -9999 -9999 -9999 -9999
0.198360651731491 0.239659681916237 0.354003816843033 0.367055833339691 0.402798622846603 0.371755629777908 0.338238447904587 0.300876349210739 0.246122524142265 0.234908163547516 0.223811864852905 0.210281312465668 0.201402515172958 0.198611527681351 0.200613677501678 0.194593712687492 0.198589727282524 0.190632775425911 0.185468450188637 0.182981237769127 0.180312156677246 0.178428575396538 0.184183090925217 0.174564719200134 0.169682547450066 0.170451492071152 0.169075697660446 0.168707802891731 0.169512987136841 0.167395174503326 0.165687188506126 0.165686458349228 0.173229515552521 0.173875197768211 0.178030326962471 0.177344620227814 0.170998275279999 0.170680612325668 0.170315861701965 0.167243093252182 -9999 -9999 -9999 -9999 -9999 -9999 -9999 -9999 -9999 -9999 -9999 -9999 -9999 -9999 -9999 -9999 -9999 -9999 -9999 -9999
0.228655517101288 0.270229339599609 0.348198473453522 0.371219485998154 0.366227686405182 0.361074268817902 0.287119418382645 0.263399958610535 0.245476678013802 0.226226419210434 0.217024341225624 0.210938110947609 0.197431534528732 0.19878089427948 0.201693147420883 0.19521963596344 0.194060206413269 0.190716445446014 0.181076571345329 0.179311141371727 0.179000377655029 0.178524807095528 0.178654208779335 0.175252020359039 0.169924423098564 0.170882731676102 0.169832199811935 0.170405969023705 0.16889850795269 0.166960701346397 0.164653480052948 0.166050031781197 0.172361016273499 0.177175596356392 0.178691238164902 0.178427651524544 0.171443730592728 0.172550484538078 0.170755252242088 0.166668683290482 -9999 -9999 -9999 -9999 -9999 -9999 -9999 -9999 -9999 -9999 -9999 -9999 -9999 -9999 -9999 -9999 -9999 -9999 -9999 -9999
0.237781658768654 0.265145301818848 0.346707701683044 0.356115847826004 0.368051052093506 0.303944498300552 0.269987761974335 0.257136911153793 0.240119829773903 0.226583421230316 0.223837450146675 0.210886120796204 0.200272560119629 0.201219856739044 0.207896843552589 0.201502740383148 0.196262076497078 0.18778795003891 0.179744973778725 0.178883329033852 0.174982696771622 0.175858303904533 0.183355465531349 0.173244550824165 0.170671463012695 0.172486320137978 0.17319555580616 0.174405857920647 0.173592582345009 0.171385794878006 0.170443639159203 0.168815478682518 0.176546782255173 0.180174693465233 0.182363018393517 0.1824761480093 0.174221396446228 0.173323646187782 0.173292905092239 0.170599713921547 -9999 -9999 -9999 -9999 -9999 -9999 -9999 -9999 -9999 -9999 -9999 -9999 -9999 -9999 -9999 -9999 -9999 -9999 -9999 -9999
0.250377118587494 0.300090819597244 0.377683371305466 0.375299155712128 0.369737237691879 0.29963493347168 0.275551408529282 0.256645143032074 0.243222191929817 0.231738820672035 0.222345858812332 0.20861591398716 0.201511830091476 0.202842056751251 0.214299291372299 0.205521985888481 0.20138256251812 0.184971436858177 0.18009477853775 0.176364287734032 0.172630220651627 0.175737410783768 0.186105981469154 0.176183253526688 0.174320161342621 0.177250266075134 0.179674759507179 0.180095866322517 0.181271970272064 0.178343892097473 0.176610916852951 0.175458610057831 0.184280976653099 0.186285316944122 0.18948857486248 0.187791779637337 0.17741771042347 0.176310449838638 0.173556551337242 0.171269357204437 -9999 -9999 -9999 -9999 -9999 -9999 -9999 -9999 -9999 -9999 -9999 -9999 -9999 -9999 -9999 -9999 -9999 -9999 -9999 -9999
0.294226169586182 0.329265564680099 0.380038738250732 0.376632064580917 0.344480037689209 0.301600426435471 0.256554961204529 0.249874010682106 0.244369953870773 0.225678369402885 0.215733408927917 0.209141507744789 0.198835715651512 0.205599159002304 0.215133935213089 0.203733444213867 0.19542196393013 0.185124590992928 0.178077936172485 0.173374488949776 0.172378867864609 0.182606756687164 0.184086859226227 0.17700782418251 0.177192255854607 0.17925651371479 0.180112600326538 0.18206150829792 0.181805908679962 0.179081305861473 0.179094940423965 0.181243255734444 0.185101836919785 0.190483823418617 0.190112009644508 0.18781703710556 0.17809134721756 0.177744120359421 0.172862902283669 0.171442821621895 -9999 -9999 -9999 -9999 -9999 -9999 -9999 -9999 -9999 -9999 -9999 -9999 -9999 -9999 -9999 -9999 -9999 -9999 -9999 -9999
0.308125168085098 0.35249063372612 0.39359924197197 0.356099426746368 0.357667028903961 0.28977707028389 0.253328561782837 0.254780620336533 0.240478917956352 0.225038915872574 0.22194592654705 0.210006386041641 0.200184032320976 0.201216891407967 0.217984646558762 0.209397807717323 0.203851625323296 0.186005219817162 0.178570285439491 0.177358135581017 0.179339990019798 0.183488637208939 0.189924895763397 0.180072098970413 0.178885042667389 0.182265043258667 0.182936996221542 0.182505056262016 0.18407978117466 0.183674141764641 0.181750059127808 0.184295430779457 0.190998509526253 0.18998110294342 0.193069875240326 0.189758107066154 0.180996015667915 0.176908954977989 0.177210628986359 -9999 -9999 -9999 -9999 -9999 -9999 -9999 -9999 -9999 -9999 -9999 -9999 -9999 -9999 -9999 -9999 -9999 -9999 -9999 -9999 -9999
0.331161111593246 0.372487008571625 0.366962462663651 0.339434593915939 0.295253455638885 0.247199296951294 0.233706399798393 0.24885892868042 0.235407456755638 0.225041478872299 0.222701072692871 0.211340591311455 0.203260317444801 0.198827058076859 0.22114834189415 0.214454561471939 0.207265436649323 0.185695260763168 0.179392203688622 0.17607644200325 0.18109518289566 0.182060286402702 0.188957840204239 0.178506210446358 0.178096249699593 0.18191696703434 0.181007042527199 0.180892556905746 0.18232798576355 0.181177049875259 0.179311811923981 0.183046162128448 0.187221631407738 0.18575319647789 0.18624421954155 0.183494180440903 0.178381830453873 0.176417917013168 0.175274968147278 -9999 -9999 -9999 -9999 -9999 -9999 -9999 -9999 -9999 -9999 -9999 -9999 -9999 -9999 -9999 -9999 -9999 -9999 -9999 -9999 -9999
0.379900127649307 0.38819208741188 0.376309335231781 0.326648354530334 0.270521521568298 0.244557276368141 0.23279432952404 0.240267843008041 0.235705092549324 0.221538096666336 0.217414245009422 0.212236285209656 0.199004963040352 0.203274920582771 0.220960766077042 0.212798997759819 0.200964093208313 0.186243236064911 0.175297945737839 0.17423452436924 0.179746329784393 0.183054506778717 0.183136731386185 0.177496001124382 0.177821785211563 0.179523572325706 0.180107191205025 0.179773941636086 0.179558932781219 0.180130362510681 0.175527900457382 0.177428141236305 0.184032440185547 0.178400099277496 0.179736137390137 0.176871746778488 0.176239565014839 0.169306308031082 0.169381484389305 -9999 -9999 -9999 -9999 -9999 -9999 -9999 -9999 -9999 -9999 -9999 -9999 -9999 -9999 -9999 -9999 -9999 -9999 -9999 -9999 -9999
0.38623583316803 0.437230408191681 0.38753604888916 0.329986661672592 0.28731045126915 0.232538983225822 0.230969354510307 0.249205887317657 0.233300253748894 0.221233338117599 0.222430288791656 0.212476432323456 0.198392510414124 0.196540743112564 0.222652867436409 0.21628974378109 0.211854740977287 0.1849485039711 0.17603711783886 0.176799535751343 0.183574572205544 0.179668635129929 0.184653952717781 0.175409242510796 0.17466376721859 0.179402902722359 0.179566264152527 0.179151833057404 0.181720048189163 0.178848281502724 0.176974803209305 0.178347259759903 0.177488788962364 0.174533948302269 0.174787402153015 0.171792358160019 0.167344808578491 0.160585567355156 -9999 -9999 -9999 -9999 -9999 -9999 -9999 -9999 -9999 -9999 -9999 -9999 -9999 -9999 -9999 -9999 -9999 -9999 -9999 -9999 -9999 -9999
0.381007581949234 0.400171607732773 0.353961437940598 0.317593306303024 0.277457565069199 0.232679694890976 0.234456956386566 0.253264456987381 0.235211655497551 0.225242465734482 0.225106760859489 0.210823476314545 0.19942481815815 0.190497577190399 0.220113947987556 0.21570049226284 0.214891672134399 0.186617985367775 0.177708357572556 0.178088024258614 0.18297778069973 0.178913488984108 0.17589895427227 0.171651840209961 0.171259939670563 0.176350817084312 0.178209275007248 0.177493676543236 0.179340183734894 0.177536815404892 0.177165403962135 0.178102180361748 0.176954478025436 0.175414770841599 0.173541605472565 0.170510247349739 0.163306131958961 0.161534711718559 -9999 -9999 -9999 -9999 -9999 -9999 -9999 -9999 -9999 -9999 -9999 -9999 -9999 -9999 -9999 -9999 -9999 -9999 -9999 -9999 -9999 -9999
