G_variables/Set1/2.6/Velmean.asc
NCOLS 581 
NROWS 855 
XLLCORNER -74.9166666666667 
YLLCORNER -55.8333333333333 
CELLSIZE 0.0833333333333333 
NODATA_value -9999 
[rows 324 to 350 of 855, columns 420 to 479 of 581]
-9999 -9999 -9999 -9999 -9999 -9999 -9999 -9999 -9999 -9999 -9999 -9999 -9999 -9999 -9999 -9999 -9999 -9999 -9999 -9999 -9999 -9999 -9999 -9999 -9999 -9999 -9999 -9999 -9999 0.194373175501823 0.212750524282455 0.26066255569458 0.307462126016617 0.347093641757965 0.371233254671097 0.399911940097809 0.38980707526207 0.357207894325256 0.329321801662445 0.302110314369202 0.256895005702972 0.258099764585495 0.2395408898592 0.234476834535599 0.22451551258564 0.211386501789093 0.199096724390984 0.219113782048225 0.23629592359066 0.249000027775764 0.248447746038437 0.246860519051552 0.227566957473755 0.223923370242119 0.223565369844437 0.224620223045349 0.230630442500114 0.218955039978027 0.20669037103653 0.208245277404785
-9999 -9999 -9999 -9999 -9999 -9999 -9999 -9999 -9999 -9999 -9999 -9999 -9999 -9999 -9999 -9999 -9999 -9999 -9999 -9999 -9999 -9999 -9999 -9999 -9999 -9999 -9999 -9999 -9999 0.189738556742668 0.214406564831734 0.268629878759384 0.358607947826385 0.377594411373138 0.385719835758209 0.393703132867813 0.375108420848846 0.369197577238083 0.308949917554855 0.282705962657928 0.257345855236053 0.240342557430267 0.226789385080338 0.237311512231827 0.218044355511665 0.209571480751038 0.201954036951065 0.236646696925163 0.241134271025658 0.260685354471207 0.253728568553925 0.247543096542358 0.237582445144653 0.227585390210152 0.220141366124153 0.226477101445198 0.221232816576958 0.209070086479187 0.205743283033371 0.204536139965057
-9999 -9999 -9999 -9999 -9999 -9999 -9999 -9999 -9999 -9999 -9999 -9999 -9999 -9999 -9999 -9999 -9999 -9999 -9999 -9999 -9999 -9999 -9999 -9999 -9999 -9999 -9999 -9999 0.208595722913742 0.203346818685532 0.225850790739059 0.317818969488144 0.407418191432953 0.40579229593277 0.399778336286545 0.363471955060959 0.350634455680847 0.327169001102448 0.2780582010746 0.264652371406555 0.240758389234543 0.227036356925964 0.22475965321064 0.234795168042183 0.217458859086037 0.211498409509659 0.201352015137672 0.242713063955307 0.246363550424576 0.264545500278473 0.253985583782196 0.247343450784683 0.229890570044518 0.219713777303696 0.214854896068573 0.216127082705498 0.212404832243919 0.208261653780937 0.205094367265701 0.200184300541878
-9999 -9999 -9999 -9999 -9999 -9999 -9999 -9999 -9999 -9999 -9999 -9999 -9999 -9999 -9999 -9999 -9999 -9999 -9999 -9999 -9999 -9999 -9999 -9999 -9999 -9999 -9999 -9999 0.20766893029213 0.20289035141468 0.250890791416168 0.344098657369614 0.408181548118591 0.408426582813263 0.380146890878677 0.362279385328293 0.340492874383926 0.301272213459015 0.277385056018829 0.25834122300148 0.231842711567879 0.227698996663094 0.22474592924118 0.225357323884964 0.218141987919807 0.209954559803009 0.206274285912514 0.239797979593277 0.244913965463638 0.256350785493851 0.25381663441658 0.244672283530235 0.228022068738937 0.220204725861549 0.219316318631172 0.217279091477394 0.214561805129051 0.213301554322243 0.204924449324608 0.199043527245522
-9999 -9999 -9999 -9999 -9999 -9999 -9999 -9999 -9999 -9999 -9999 -9999 -9999 -9999 -9999 -9999 -9999 -9999 -9999 -9999 -9999 -9999 -9999 -9999 -9999 -9999 -9999 0.205910444259644 0.185196951031685 0.238297656178474 0.294525027275085 0.36476257443428 0.409551024436951 0.400004237890244 0.38911834359169 0.345917940139771 0.320527851581573 0.307165026664734 0.266374498605728 0.253070831298828 0.239457786083221 0.225977152585983 0.222387805581093 0.228003203868866 0.214510977268219 0.205674588680267 0.201171681284904 0.240422442555428 0.237904131412506 0.258054196834564 0.250924855470657 0.243859618902206 0.235340416431427 0.225467219948769 0.221352577209473 0.226921617984772 0.219775229692459 0.213994055986404 0.211008533835411 0.201229348778725
-9999 -9999 -9999 -9999 -9999 -9999 -9999 -9999 -9999 -9999 -9999 -9999 -9999 -9999 -9999 -9999 -9999 -9999 -9999 -9999 -9999 -9999 -9999 -9999 -9999 -9999 -9999 0.227513179183006 0.215649574995041 0.312526285648346 0.335117399692535 0.432237535715103 0.403240144252777 0.386388301849365 0.339434921741486 0.30082705616951 0.294633030891418 0.28640553355217 0.262081742286682 0.254348993301392 0.235421106219292 0.219677641987801 0.218148469924927 0.221058562397957 0.211960598826408 0.207110241055489 0.191391572356224 0.224824786186218 0.227312698960304 0.247289210557938 0.25019508600235 0.245437771081924 0.239247426390648 0.230968400835991 0.227404192090034 0.231863632798195 0.219679579138756 0.214891955256462 0.208556443452835 0.201895207166672
-9999 -9999 -9999 -9999 -9999 -9999 -9999 -9999 -9999 -9999 -9999 -9999 -9999 -9999 -9999 -9999 -9999 -9999 -9999 -9999 -9999 -9999 -9999 -9999 -9999 -9999 0.205541670322418 0.214056000113487 0.261133998632431 0.318012714385986 0.367704093456268 0.408562779426575 0.402752429246902 0.376330226659775 0.312848389148712 0.296580284833908 0.28058934211731 0.273110210895538 0.263167947530746 0.252102345228195 0.222410872578621 0.219096451997757 0.2134899944067 0.216341644525528 0.213284373283386 0.209527239203453 0.19691076874733 0.221986711025238 0.228093713521957 0.242439463734627 0.249157190322876 0.241601049900055 0.236330419778824 0.2315973341465 0.228361248970032 0.224385201931 0.219067513942719 0.212374314665794 0.203246504068375 0.201319590210915
-9999 -9999 -9999 -9999 -9999 -9999 -9999 -9999 -9999 -9999 -9999 -9999 -9999 -9999 -9999 -9999 -9999 -9999 -9999 -9999 -9999 -9999 -9999 -9999 -9999 0.205990493297577 0.198845580220222 0.216415718197823 0.248472437262535 0.378579795360565 0.400286644697189 0.428339123725891 0.382000982761383 0.348184734582901 0.317812591791153 0.279179871082306 0.2694051861763 0.279010057449341 0.258893042802811 0.247124701738358 0.22863182425499 0.212591886520386 0.209736898541451 0.21868596971035 0.215261474251747 0.210807487368584 0.201049134135246 0.226134866476059 0.226133197546005 0.242292523384094 0.244103863835335 0.234359219670296 0.240344256162643 0.232386633753777 0.22207236289978 0.228441521525383 0.214749157428741 0.202729433774948 0.202556401491165 0.199905514717102
-9999 -9999 -9999 -9999 -9999 -9999 -9999 -9999 -9999 -9999 -9999 -9999 -9999 -9999 -9999 -9999 -9999 -9999 -9999 -9999 -9999 -9999 -9999 -9999 -9999 0.206332311034203 0.214867815375328 0.239803493022919 0.328753978013992 0.422407358884811 0.414678424596786 0.397709757089615 0.332994610071182 0.318946272134781 0.281986653804779 0.261555016040802 0.260943800210953 0.269365191459656 0.254345029592514 0.24713122844696 0.224451959133148 0.207775846123695 0.208774983882904 0.2187669724226 0.221169993281364 0.217436134815216 0.20629346370697 0.219487279653549 0.222553223371506 0.239289700984955 0.235767304897308 0.229424834251404 0.23011589050293 0.220644697546959 0.21498054265976 0.212501883506775 0.199170380830765 0.195594146847725 0.195025160908699 0.196374163031578
-9999 -9999 -9999 -9999 -9999 -9999 -9999 -9999 -9999 -9999 -9999 -9999 -9999 -9999 -9999 -9999 -9999 -9999 -9999 -9999 -9999 -9999 -9999 -9999 0.218787655234337 0.224487796425819 0.22153215110302 0.280529081821442 0.348113864660263 0.419227331876755 0.394440352916718 0.348294854164124 0.327305227518082 0.294683903455734 0.256159156560898 0.258139729499817 0.251138806343079 0.254148364067078 0.254048526287079 0.24392206966877 0.213929668068886 0.207876652479172 0.211150005459785 0.216434940695763 0.220952123403549 0.219586342573166 0.199510022997856 0.215032681822777 0.215726256370544 0.230602830648422 0.234117567539215 0.225903630256653 0.21836194396019 0.217721357941628 0.203847959637642 0.197051852941513 0.195957526564598 0.187551274895668 0.192408338189125 0.196449309587479
-9999 -9999 -9999 -9999 -9999 -9999 -9999 -9999 -9999 -9999 -9999 -9999 -9999 -9999 -9999 -9999 -9999 -9999 -9999 -9999 -9999 -9999 -9999 0.214723572134972 0.244005843997002 0.203550383448601 0.282258808612823 0.324202060699463 0.392168462276459 0.392862409353256 0.362216264009476 0.337396204471588 0.293363034725189 0.267957270145416 0.251911044120789 0.248162463307381 0.243968442082405 0.258462727069855 0.249577090144157 0.239524960517883 0.22785709798336 0.21328030526638 0.210948273539543 0.217950195074081 0.22488509118557 0.222443774342537 0.21281673014164 0.208581402897835 0.206245273351669 0.22943127155304 0.229180678725243 0.220410168170929 0.221286684274673 0.207191705703735 0.198521926999092 0.197211220860481 0.190402299165726 0.185184195637703 0.194284826517105 0.198059126734734
-9999 -9999 -9999 -9999 -9999 -9999 -9999 -9999 -9999 -9999 -9999 -9999 -9999 -9999 -9999 -9999 -9999 -9999 -9999 -9999 -9999 -9999 -9999 0.268196493387222 0.272837698459625 0.282023012638092 0.340813636779785 0.345276474952698 0.383944362401962 0.348239034414291 0.332941353321075 0.299627900123596 0.260261446237564 0.248525381088257 0.236658573150635 0.23570254445076 0.233990952372551 0.248735591769218 0.247312590479851 0.243789255619049 0.236827850341797 0.214064449071884 0.215916484594345 0.224872320890427 0.231877610087395 0.230627402663231 0.227125987410545 0.204543516039848 0.202082380652428 0.215925067663193 0.216622591018677 0.213524684309959 0.209980174899101 0.199961081147194 0.1970055103302 0.190348848700523 0.186094209551811 0.184153527021408 0.191337108612061 0.194233477115631
-9999 -9999 -9999 -9999 -9999 -9999 -9999 -9999 -9999 -9999 -9999 -9999 -9999 -9999 0.250930368900299 -9999 -9999 -9999 -9999 -9999 -9999 -9999 0.29151839017868 0.284181624650955 0.307808369398117 0.308879762887955 0.346511602401733 0.359593689441681 0.349733263254166 0.340116381645203 0.302736580371857 0.273718446493149 0.257913410663605 0.237868800759315 0.224096849560738 0.233012944459915 0.231225475668907 0.240500688552856 0.247007831931114 0.246879369020462 0.232451900839806 0.215065523982048 0.216771736741066 0.225990563631058 0.231282919645309 0.231932491064072 0.22371731698513 0.205460116267204 0.207443863153458 0.208691895008087 0.212445065379143 0.208970293402672 0.201217532157898 0.198644831776619 0.192185238003731 0.184168577194214 0.185402497649193 0.189193427562714 0.191501006484032 0.193363696336746
-9999 -9999 -9999 -9999 -9999 -9999 -9999 -9999 -9999 -9999 -9999 -9999 -9999 -9999 0.249016955494881 0.255303621292114 0.260557055473328 -9999 -9999 -9999 -9999 0.293115973472595 0.287969201803207 0.308317393064499 0.335114657878876 0.353074908256531 0.370834141969681 0.352275162935257 0.349083036184311 0.297666013240814 0.280447781085968 0.274177581071854 0.239995464682579 0.229067981243134 0.231947898864746 0.230142861604691 0.231317907571793 0.247250646352768 0.252661973237991 0.249223738908768 0.245604053139687 0.222320958971977 0.214809522032738 0.22574745118618 0.232494220137596 0.228753581643105 0.234752118587494 0.215104341506958 0.210653483867645 0.208737194538116 0.209158286452293 0.201845154166222 0.206378698348999 0.194997668266296 0.189098656177521 0.190892070531845 0.194266676902771 0.19224388897419 0.200143605470657 0.199201911687851
-9999 -9999 -9999 -9999 -9999 -9999 -9999 -9999 -9999 -9999 -9999 -9999 -9999 0.243194133043289 0.24599589407444 0.254203170537949 0.260789066553116 0.260732531547546 -9999 -9999 0.307948410511017 0.302069902420044 0.296584725379944 0.366811186075211 0.363595366477966 0.379205912351608 0.338331013917923 0.326539397239685 0.29854628443718 0.26742160320282 0.260375142097473 0.25005179643631 0.224786147475243 0.22276483476162 0.224584519863129 0.229113921523094 0.232382565736771 0.252814024686813 0.259658604860306 0.257750540971756 0.252498298883438 0.22387221455574 0.218430399894714 0.215211108326912 0.224013090133667 0.224050685763359 0.230176702141762 0.21908888220787 0.216740950942039 0.20895804464817 0.201943144202232 0.199803292751312 0.200319528579712 0.193045794963837 0.191857561469078 0.195481419563293 0.200844794511795 0.201008006930351 0.204956963658333 0.203267872333527
-9999 -9999 -9999 -9999 -9999 -9999 -9999 -9999 -9999 -9999 -9999 -9999 0.201681107282639 0.2085330337286 0.235950261354446 0.252482861280441 0.261088490486145 -9999 -9999 0.319183886051178 0.322022885084152 0.321967452764511 0.321850776672363 0.367974728345871 0.358109086751938 0.347918331623077 0.335173308849335 0.308179467916489 0.268544375896454 0.264311283826828 0.245900377631187 0.229622229933739 0.220699027180672 0.214164152741432 0.217814430594444 0.225501239299774 0.232718572020531 0.251001119613647 0.258158445358276 0.259034425020218 0.24574787914753 0.227715149521828 0.224874064326286 0.21219202876091 0.220228865742683 0.220632791519165 0.22158320248127 0.217336356639862 0.218998700380325 0.205025047063828 0.201120942831039 0.196693003177643 0.194029316306114 0.192349895834923 0.194258943200111 0.196854680776596 0.197983115911484 0.200802251696587 0.199676990509033 0.201805010437965
-9999 -9999 -9999 -9999 -9999 -9999 -9999 -9999 -9999 -9999 -9999 -9999 -9999 0.199069187045097 0.202937394380569 0.240807399153709 0.264792740345001 0.28890073299408 0.314664334058762 0.336869746446609 0.315200358629227 0.340788990259171 0.355608016252518 0.362090349197388 0.335030794143677 0.336057633161545 0.310543119907379 0.283104658126831 0.267008721828461 0.248185873031616 0.238458067178726 0.229029148817062 0.211834639310837 0.205967590212822 0.227206483483315 0.229021817445755 0.228374004364014 0.257778018712997 0.262044101953506 0.260667145252228 0.262191444635391 0.23411126434803 0.226865217089653 0.211312547326088 0.220014378428459 0.217375338077545 0.22536239027977 0.221984907984734 0.21700556576252 0.215504705905914 0.197505757212639 0.192554742097855 0.199138462543488 0.19356481730938 0.191292613744736 0.202016934752464 0.202798813581467 0.20005489885807 0.204577460885048 0.202079400420189
-9999 -9999 -9999 -9999 -9999 -9999 -9999 -9999 -9999 -9999 -9999 -9999 -9999 -9999 0.196322098374367 0.236741378903389 0.24846750497818 0.295530796051025 0.314406633377075 0.345099657773972 0.375507026910782 0.363609284162521 0.348787635564804 0.317816972732544 0.302369862794876 0.282064646482468 0.263948142528534 0.256750732660294 0.24461404979229 0.242128312587738 0.234929233789444 0.219522356987 0.203996032476425 0.205252319574356 0.229469567537308 0.233256295323372 0.233606353402138 0.254180788993835 0.262648016214371 0.262280762195587 0.265671610832214 0.238829061388969 0.232474386692047 0.212483614683151 0.21453982591629 0.215412825345993 0.221115037798882 0.218909278512001 0.217548549175262 0.212783947587013 0.196428507566452 0.197652116417885 0.203405871987343 0.198088601231575 0.197136521339417 0.203736424446106 0.20647981762886 0.205229267477989 0.20425945520401 0.20147879421711
-9999 -9999 -9999 -9999 -9999 -9999 -9999 -9999 -9999 -9999 -9999 -9999 0.158286347985268 0.166862741112709 0.18206599354744 0.207500502467155 0.28253185749054 0.312354207038879 0.332974314689636 0.349750638008118 0.374152690172195 0.342312633991241 0.305073529481888 0.310856521129608 0.274094253778458 0.263895988464355 0.260277986526489 0.244149744510651 0.232451811432838 0.241332843899727 0.226633697748184 0.206068098545074 0.203893586993217 0.219595447182655 0.233958855271339 0.234063863754272 0.238742396235466 0.252088487148285 0.2601538002491 0.261612564325333 0.255012094974518 0.239394098520279 0.23499122262001 0.209035888314247 0.212698593735695 0.211567953228951 0.213827103376389 0.217111006379128 0.213152766227722 0.204615011811256 0.195921555161476 0.202227473258972 0.203662782907486 0.200024411082268 0.202641770243645 0.198361471295357 0.204112321138382 0.19877989590168 0.197115287184715 0.20029354095459
-9999 -9999 -9999 -9999 -9999 -9999 -9999 -9999 -9999 -9999 -9999 0.145789116621017 0.145172864198685 0.156387329101562 0.168826520442963 0.203186601400375 0.26896807551384 0.338435411453247 0.345127373933792 0.381274312734604 0.341753005981445 0.306030750274658 0.29150202870369 0.268184810876846 0.255134582519531 0.264690339565277 0.245553627610207 0.236380830407143 0.233599409461021 0.231817737221718 0.217963993549347 0.211103871464729 0.223013535141945 0.231658175587654 0.247727066278458 0.246636316180229 0.245448127388954 0.253134042024612 0.262906461954117 0.258391410112381 0.266500979661942 0.242709621787071 0.229063093662262 0.216366276144981 0.211769044399261 0.204290181398392 0.213060706853867 0.211573541164398 0.201418444514275 0.207121595740318 0.201915442943573 0.200387448072433 0.210981398820877 0.206674829125404 0.201180979609489 0.202113941311836 0.196872726082802 0.195385679602623 0.199792668223381 0.198487043380737
-9999 -9999 -9999 -9999 -9999 -9999 -9999 -9999 -9999 -9999 -9999 0.146439626812935 0.146672397851944 0.14642359316349 0.19986329972744 0.222086533904076 0.313133031129837 0.341131597757339 0.331761300563812 0.319736301898956 0.282596439123154 0.270848333835602 0.24875408411026 0.23936265707016 0.239591032266617 0.248693123459816 0.234373584389687 0.229415088891983 0.228537485003471 0.221952512860298 0.21799547970295 0.219261258840561 0.241269201040268 0.243760004639626 0.255321800708771 0.258926421403885 0.255606591701508 0.250958919525146 0.255863904953003 0.253004372119904 0.252190142869949 0.229558125138283 0.223364591598511 0.207156270742416 0.196878686547279 0.193954959511757 0.19066159427166 0.191974669694901 0.191186681389809 0.192484423518181 0.197039857506752 0.199448868632317 0.210897371172905 0.206948474049568 0.205045014619827 0.203010857105255 0.202386081218719 0.202072471380234 0.204760640859604 0.195948660373688
-9999 -9999 -9999 -9999 -9999 -9999 -9999 -9999 -9999 -9999 0.150282248854637 0.150514289736748 0.156776517629623 0.183553114533424 0.205393746495247 0.253512293100357 0.311472177505493 0.337138533592224 0.310683220624924 0.281579613685608 0.276656329631805 0.243541970849037 0.217886716127396 0.236742600798607 0.235821798443794 0.235769748687744 0.232927098870277 0.22426426410675 0.22564485669136 0.222853526473045 0.226493090391159 0.231151014566422 0.242105290293694 0.248559936881065 0.255615949630737 0.259618669748306 0.25714248418808 0.244076952338219 0.252471327781677 0.241662487387657 0.230962321162224 0.224861204624176 0.206487208604813 0.194152176380157 0.192742109298706 0.187032446265221 0.183827430009842 0.189784526824951 0.1853087246418 0.187447175383568 0.194193467497826 0.195215508341789 0.204586282372475 0.205438137054443 0.200017303228378 0.199731171131134 0.201710119843483 0.20061232149601 0.200011372566223 0.196752056479454
-9999 -9999 -9999 -9999 -9999 -9999 -9999 -9999 -9999 -9999 -9999 -9999 0.183065697550774 0.200315684080124 0.262721836566925 0.291104108095169 0.332327485084534 0.312422394752502 0.289518564939499 0.272690325975418 0.241484627127647 0.22139099240303 0.212467402219772 0.2348413169384 0.233562558889389 0.23902440071106 0.229175508022308 0.225481808185577 0.237522095441818 0.233940944075584 0.226640477776527 0.240120440721512 0.25127512216568 0.246445223689079 0.26177042722702 0.262526839971542 0.251406311988831 0.243176728487015 0.239277690649033 0.226315066218376 0.228404223918915 0.205100744962692 0.194661721587181 0.193066671490669 0.187637373805046 0.185489445924759 0.188005849719048 0.184052094817162 0.179850488901138 0.184632062911987 0.190611511468887 0.1875219643116 0.204240053892136 0.199271634221077 0.19265191257 0.198057800531387 0.199832364916801 0.197263032197952 0.205954656004906 0.203753396868706
-9999 -9999 -9999 -9999 -9999 -9999 -9999 -9999 -9999 -9999 -9999 0.132096022367477 0.177301719784737 0.218798011541367 0.315709620714188 0.313367307186127 0.326544761657715 0.281694322824478 0.267568230628967 0.243636235594749 0.21350271999836 0.206082716584206 0.209645107388496 0.232903242111206 0.231551274657249 0.236346930265427 0.22889818251133 0.225263521075249 0.236835062503815 0.233837887644768 0.2336645424366 0.244334056973457 0.247655421495438 0.24366769194603 0.255589216947556 0.252849698066711 0.247962936758995 0.234787777066231 0.218786418437958 0.214671581983566 0.208509162068367 0.200055569410324 0.197198212146759 0.194148659706116 0.192214861512184 0.190011873841286 0.183485195040703 0.183605641126633 0.18258436024189 0.183036386966705 0.179359376430511 0.179528266191483 0.187412723898888 0.191852375864983 0.191666483879089 0.194845288991928 0.194324299693108 0.195300072431564 0.202539622783661 0.200642228126526
-9999 -9999 -9999 -9999 -9999 -9999 -9999 -9999 -9999 -9999 -9999 0.143293663859367 0.170949041843414 0.251037895679474 0.319354474544525 0.327944368124008 0.307103335857391 0.281369000673294 0.252284646034241 0.224541187286377 0.211518526077271 0.196918427944183 0.212946325540543 0.232101768255234 0.23073898255825 0.226999625563622 0.227093890309334 0.225373506546021 0.228856533765793 0.233070552349091 0.230302676558495 0.234825164079666 0.243989452719688 0.232582971453667 0.244851231575012 0.250823378562927 0.248795047402382 0.228678405284882 0.218815132975578 0.212561666965485 0.203495815396309 0.201048105955124 0.200673252344131 0.195286929607391 0.193312987685204 0.193829223513603 0.180520132184029 0.182875350117683 0.182954505085945 0.179101929068565 0.177085354924202 0.174203991889954 0.17613685131073 0.188352286815643 0.185128465294838 0.188589543104172 0.190803050994873 0.191453486680984 0.197492823004723 0.198782950639725
-9999 -9999 -9999 -9999 -9999 -9999 -9999 -9999 -9999 -9999 -9999 0.148406580090523 0.206182152032852 0.231661155819893 0.343083322048187 0.34288677573204 0.324238508939743 0.260165005922318 0.247720286250114 0.22818586230278 0.199864700436592 0.199348628520966 0.218275815248489 0.232721984386444 0.226980656385422 0.232335537672043 0.224962309002876 0.223023101687431 0.234770014882088 0.227689981460571 0.217584371566772 0.230484738945961 0.230115905404091 0.221648275852203 0.245107606053352 0.252372831106186 0.24422188103199 0.24089053273201 0.215850666165352 0.208549290895462 0.206626400351524 0.205395802855492 0.199400722980499 0.200402915477753 0.198377415537834 0.189987406134605 0.185553044080734 0.185415104031563 0.17980033159256 0.183613926172256 0.173280671238899 0.1687873005867 0.173597395420074 0.18662166595459 0.184941172599792 0.193970993161201 0.196339085698128 0.195187509059906 0.203847259283066 0.206250235438347
-9999 -9999 -9999 -9999 -9999 -9999 -9999 -9999 -9999 -9999 -9999 0.189072400331497 0.238329857587814 0.32288733124733 0.383211433887482 0.366084426641464 0.322493880987167 0.256873041391373 0.249227955937386 0.225221112370491 0.202965348958969 0.207148894667625 0.223402425646782 0.229127109050751 0.22603502869606 0.223933443427086 0.216939777135849 0.213442176580429 0.2144655585289 0.201184913516045 0.198371291160583 0.207964524626732 0.216744497418404 0.216483920812607 0.234603881835938 0.24201388657093 0.239360511302948 0.237157940864563 0.215601831674576 0.212624907493591 0.208059653639793 0.203174114227295 0.199719712138176 0.192183017730713 0.187632024288177 0.183279454708099 0.178051427006721 0.177010238170624 0.175473839044571 0.178175583481789 0.168784484267235 0.167766928672791 0.170261800289154 0.182179093360901 0.183442577719688 0.192596167325974 0.200107768177986 0.199277594685555 0.202362775802612 0.20780935883522
