G_variables/Set1/2.6/Velmean.asc
NCOLS 581 
NROWS 855 
XLLCORNER -74.9166666666667 
YLLCORNER -55.8333333333333 
CELLSIZE 0.0833333333333333 
NODATA_value -9999 
[rows 27 to 53 of 855, columns 0 to 59 of 581]
-9999 -9999 -9999 -9999 -9999 -9999 -9999 -9999 -9999 0.37215468287468 0.373209804296494 0.374965727329254 0.383218705654144 0.385754287242889 0.391004979610443 0.388847202062607 0.38774174451828 0.373040318489075 0.373235076665878 0.380908757448196 0.384203314781189 0.389140695333481 0.39470499753952 0.40376490354538 0.407210379838943 0.41294938325882 0.413426339626312 0.413540571928024 0.418186724185944 0.408125877380371 0.402463614940643 0.41366109251976 0.404854297637939 0.40272119641304 0.411786705255508 0.408447325229645 0.408360719680786 0.415327072143555 0.414820313453674 0.419209688901901 0.420281022787094 0.422112315893173 0.424192845821381 0.425675392150879 0.426012307405472 0.427607476711273 0.430224984884262 0.428218126296997 0.431177884340286 0.427448689937592 0.430251717567444 0.436471462249756 0.429887980222702 0.426421970129013 0.423739045858383 0.420499205589294 0.417325109243393 0.418210417032242 0.415830940008163 0.403321862220764
-9999 -9999 -9999 -9999 -9999 -9999 -9999 -9999 -9999 -9999 0.365779489278793 0.383764863014221 0.394056975841522 0.379135966300964 0.399510085582733 0.394164443016052 0.370138078927994 0.380922824144363 0.374924093484879 0.363880306482315 0.379269599914551 0.386254340410233 0.377843260765076 0.396817833185196 0.401351302862167 0.379335880279541 0.405103802680969 0.409349352121353 0.384161919355392 0.40665528178215 0.395339876413345 0.374778270721436 0.397501677274704 0.393508166074753 0.375269293785095 0.393592983484268 0.398491501808167 0.388810366392136 0.408472955226898 0.419846326112747 0.407183229923248 0.423108041286469 0.427334189414978 0.417554378509521 0.429212361574173 0.424099087715149 0.416182398796082 0.424861907958984 0.43549707531929 0.428942382335663 0.439697474241257 0.443511486053467 0.440842688083649 0.439189165830612 0.431481093168259 0.432213246822357 0.425145953893661 0.423839837312698 0.42193329334259 0.417239516973495
-9999 -9999 -9999 -9999 -9999 -9999 -9999 -9999 -9999 -9999 0.357189893722534 0.361918389797211 0.361483812332153 0.359013825654984 0.357505440711975 0.350318521261215 0.347450584173203 0.348694562911987 0.350740730762482 0.349698811769485 0.360459417104721 0.368376523256302 0.366815626621246 0.371781408786774 0.370445370674133 0.367516368627548 0.369166016578674 0.366687685251236 0.36371910572052 0.36438313126564 0.362047225236893 0.362226337194443 0.368086993694305 0.36875194311142 0.368026196956635 0.371683180332184 0.37834620475769 0.379629909992218 0.393707543611526 0.407633751630783 0.406662583351135 0.406840085983276 0.403894245624542 0.40420064330101 0.414906531572342 0.422994673252106 0.423034399747849 0.424470722675323 0.423137009143829 0.424086779356003 0.434736996889114 0.44537216424942 0.44578155875206 0.448122888803482 0.444898426532745 0.44483557343483 0.439575880765915 0.43595489859581 0.437043279409409 0.433644831180573
-9999 -9999 -9999 -9999 -9999 -9999 -9999 -9999 -9999 -9999 -9999 0.355253010988235 0.352656483650208 0.359222084283829 0.347327262163162 0.341854512691498 0.347669690847397 0.33720675110817 0.339396357536316 0.349918514490128 0.355026364326477 0.355448871850967 0.367060929536819 0.359188795089722 0.352576851844788 0.367796003818512 0.353936731815338 0.348703354597092 0.363810658454895 0.354363083839417 0.353827178478241 0.362305849790573 0.360223680734634 0.360009074211121 0.36825031042099 0.366095066070557 0.371472388505936 0.379888087511063 0.385141015052795 0.391224712133408 0.406919807195663 0.397562742233276 0.400347262620926 0.404563784599304 0.4102623462677 0.417803645133972 0.423448473215103 0.418616473674774 0.417230665683746 0.424539238214493 0.428033828735352 0.43518328666687 0.446247160434723 0.444955796003342 0.445821702480316 0.445306450128555 0.446116238832474 0.451613277196884 0.437489807605743 0.441249936819077
-9999 -9999 -9999 -9999 -9999 -9999 -9999 -9999 -9999 -9999 -9999 0.351899713277817 0.347974121570587 0.340762764215469 0.342460185289383 0.338206797838211 0.3313227891922 0.337229609489441 0.334918320178986 0.328335016965866 0.34112212061882 0.348325997591019 0.337187141180038 0.347639054059982 0.340513050556183 0.326814532279968 0.337296843528748 0.340132504701614 0.330386072397232 0.345489054918289 0.349411070346832 0.33585724234581 0.3519127368927 0.350918471813202 0.339430391788483 0.358012586832047 0.366817563772202 0.36027067899704 0.378675401210785 0.387503236532211 0.380429208278656 0.393538028001785 0.404360771179199 0.393776208162308 0.412633866071701 0.417744517326355 0.402883112430573 0.418286681175232 0.410901695489883 0.394452929496765 0.417478054761887 0.423788338899612 0.410729199647903 0.438009411096573 0.450751751661301 0.440327197313309 0.463793277740479 0.470441699028015 0.472603172063828 0.473878562450409
-9999 -9999 -9999 -9999 -9999 -9999 -9999 -9999 -9999 -9999 -9999 -9999 0.33975476026535 0.337620377540588 0.33466038107872 0.333098769187927 0.330716371536255 0.32738333940506 0.325506061315536 0.324474662542343 0.325819432735443 0.323871225118637 0.320662260055542 0.315100908279419 0.309313386678696 0.305833101272583 0.312461584806442 0.313758105039597 0.311478346586227 0.318100392818451 0.317575991153717 0.315709829330444 0.322726309299469 0.328129798173904 0.327893853187561 0.333684712648392 0.342381298542023 0.344557404518127 0.356667041778564 0.368415504693985 0.368742167949677 0.380259782075882 0.385207742452621 0.383315652608871 0.395605742931366 0.397628486156464 0.394605100154877 0.39193657040596 0.379468530416489 0.375172138214111 0.382040292024612 0.394808113574982 0.396553307771683 0.412266284227371 0.428636103868484 0.431572526693344 0.453157395124435 0.490996509790421 0.503050148487091 0.53159499168396
-9999 -9999 -9999 -9999 -9999 -9999 -9999 -9999 -9999 -9999 -9999 -9999 0.342417329549789 0.337760448455811 0.333340764045715 0.332258254289627 0.330853313207626 0.32445752620697 0.323417276144028 0.324606895446777 0.322408646345139 0.31636506319046 0.320810765028 0.305492579936981 0.303752839565277 0.306002587080002 0.308744788169861 0.30733585357666 0.311530977487564 0.309723705053329 0.310467690229416 0.315870970487595 0.318093299865723 0.32217675447464 0.328023850917816 0.335789978504181 0.350235670804977 0.344583034515381 0.363614737987518 0.3782057762146 0.369040638208389 0.381194949150085 0.375944375991821 0.383859783411026 0.387338131666183 0.386999040842056 0.395109713077545 0.38056093454361 0.376474529504776 0.37551560997963 0.367615014314651 0.367881119251251 0.397133439779282 0.406323939561844 0.414896696805954 0.432188272476196 0.451469123363495 0.477292656898499 0.503589689731598 0.546680688858032
-9999 -9999 -9999 -9999 -9999 -9999 -9999 -9999 -9999 -9999 -9999 -9999 -9999 0.333325088024139 0.34156808257103 0.333205968141556 0.31755855679512 0.323653727769852 0.321758389472961 0.313592195510864 0.322158604860306 0.307507038116455 0.296365290880203 0.301309168338776 0.306501120328903 0.299951821565628 0.307976543903351 0.308090925216675 0.300743490457535 0.3109290599823 0.31121563911438 0.307367205619812 0.320685744285583 0.332854270935059 0.326877951622009 0.347190260887146 0.367693960666656 0.351848572492599 0.386498957872391 0.407111465930939 0.386298269033432 0.398988753557205 0.373789280653 0.359515488147736 0.382907301187515 0.385349839925766 0.389689087867737 0.384979695081711 0.377652287483215 0.370786398649216 0.351166784763336 0.348626911640167 0.34381315112114 0.376970440149307 0.399677395820618 0.386933118104935 0.423934012651443 0.470667690038681 0.508992612361908 0.571454703807831
-9999 -9999 -9999 -9999 -9999 -9999 -9999 -9999 -9999 -9999 -9999 -9999 -9999 0.320885300636292 0.32110059261322 0.309296667575836 0.302942156791687 0.306684911251068 0.313134700059891 0.313372105360031 0.322385519742966 0.300919681787491 0.300096213817596 0.30288165807724 0.303521931171417 0.301682710647583 0.300836324691772 0.299135535955429 0.295989185571671 0.296669781208038 0.29781848192215 0.296552211046219 0.304511487483978 0.310257613658905 0.308406114578247 0.31421685218811 0.316966205835342 0.308348029851913 0.30638787150383 0.378083378076553 0.388991177082062 0.447175115346909 0.35639899969101 0.363717198371887 0.397186249494553 0.421853393316269 0.435831487178802 0.469608306884766 0.523796260356903 0.41051709651947 0.32542085647583 0.323669701814651 0.331676065921783 0.356979489326477 0.379066348075867 0.40032172203064 0.435572147369385 0.553457915782928 0.606142580509186 0.701410114765167
-9999 -9999 -9999 -9999 -9999 -9999 -9999 -9999 -9999 -9999 -9999 -9999 -9999 -9999 0.304001867771149 0.292056351900101 0.302994966506958 0.297435343265533 0.302069157361984 0.313411146402359 0.300882637500763 0.295770257711411 0.300112754106522 0.299207389354706 0.296659737825394 0.301720142364502 0.288178235292435 0.284053981304169 0.296069651842117 0.28375631570816 0.280071765184402 0.296613663434982 0.292703837156296 0.297960937023163 0.308338820934296 0.302205592393875 0.314813852310181 0.308296173810959 0.336893677711487 -9999 -9999 0.382284820079803 0.365140199661255 0.363842487335205 0.386741161346436 0.402033418416977 0.435856401920319 0.462790191173553 0.47174870967865 0.410744398832321 0.336668282747269 0.326997965574265 0.332215964794159 0.364266216754913 0.387598633766174 0.400985449552536 0.504594087600708 0.602044880390167 0.606754660606384 0.636465549468994
-9999 -9999 -9999 -9999 -9999 -9999 -9999 -9999 -9999 -9999 -9999 -9999 -9999 -9999 0.300120621919632 0.292228579521179 0.278852969408035 0.294198244810104 0.306106775999069 0.287580668926239 0.310671389102936 0.300545752048492 0.288623154163361 0.30054846405983 0.28996068239212 0.269490152597427 0.276561707258224 0.26677867770195 0.255434662103653 0.266659408807755 0.270963162183762 0.270803660154343 0.286004424095154 0.299067139625549 0.302760690450668 0.296022176742554 -9999 0.312577396631241 -9999 -9999 -9999 -9999 -9999 0.328598171472549 0.33395054936409 0.380383133888245 0.350913822650909 0.399402171373367 0.418225109577179 0.355236530303955 0.367562681436539 0.333700031042099 0.313638627529144 0.34546422958374 0.386495471000671 0.375132441520691 0.500365436077118 0.660415232181549 0.617561817169189 0.678877234458923
-9999 -9999 -9999 -9999 -9999 -9999 -9999 -9999 -9999 -9999 -9999 -9999 -9999 -9999 -9999 0.274306982755661 0.275436520576477 0.285238027572632 0.29174542427063 0.290705382823944 0.294786065816879 0.287450045347214 0.282682836055756 0.276824206113815 0.266571909189224 0.264749556779861 0.260428756475449 0.254692792892456 0.255252838134766 0.264462321996689 0.280774265527725 0.286699324846268 0.315730273723602 0.338023871183395 -9999 0.297578662633896 0.297095984220505 -9999 -9999 -9999 -9999 -9999 -9999 -9999 0.29964542388916 0.292235612869263 0.279483437538147 0.280230224132538 0.281711131334305 0.271813750267029 0.272970080375671 0.264893352985382 0.260009348392487 0.266172051429749 0.28001669049263 0.277738392353058 0.338138967752457 0.583202421665192 0.600965023040771 0.698303818702698
-9999 -9999 -9999 -9999 -9999 -9999 -9999 -9999 -9999 -9999 -9999 -9999 -9999 -9999 -9999 0.266916304826736 0.27543517947197 0.28439649939537 0.29035148024559 0.290709793567657 0.28998476266861 0.286016941070557 0.282717883586884 0.269296228885651 0.267956376075745 0.264736622571945 0.258269518613815 0.253776580095291 0.255151927471161 0.264853626489639 0.276335686445236 0.286656022071838 0.305321097373962 -9999 -9999 0.299575567245483 -9999 -9999 -9999 -9999 -9999 -9999 -9999 -9999 -9999 0.26926201581955 0.279309660196304 0.2386554479599 0.232047244906425 0.271843314170837 0.236356899142265 0.221985563635826 0.260045379400253 0.241022363305092 0.236892700195312 0.277960866689682 0.425870895385742 0.547450363636017 -9999 -9999
-9999 -9999 -9999 -9999 -9999 -9999 -9999 -9999 -9999 -9999 -9999 -9999 -9999 -9999 -9999 -9999 0.264267951250076 0.282399415969849 0.293882012367249 0.283057749271393 0.298949122428894 0.290065348148346 0.270679980516434 0.272209852933884 0.269939512014389 0.266243904829025 0.265781372785568 0.268229961395264 0.26165184378624 0.283895671367645 0.27437499165535 0.245674103498459 0.255834996700287 -9999 -9999 -9999 -9999 -9999 -9999 -9999 -9999 -9999 -9999 -9999 -9999 0.183981120586395 0.148018807172775 0.181623443961143 0.183178141713142 0.161372467875481 0.180746987462044 0.176410108804703 0.149664402008057 0.178057789802551 0.203736394643784 0.173486948013306 -9999 -9999 -9999 -9999
-9999 -9999 -9999 -9999 -9999 -9999 -9999 -9999 -9999 -9999 -9999 -9999 -9999 -9999 -9999 -9999 0.267392486333847 0.275215327739716 0.275617063045502 0.271547883749008 0.267513155937195 0.271509140729904 0.271773755550385 0.283846855163574 0.291792869567871 0.29190582036972 0.29200553894043 0.262046217918396 0.24999426305294 0.233253985643387 0.208245471119881 0.204982787370682 0.200146943330765 -9999 -9999 -9999 -9999 -9999 -9999 -9999 -9999 -9999 -9999 0.0933047905564308 0.0900542810559273 0.110206261277199 0.109742991626263 0.129657283425331 0.124868176877499 0.120426818728447 0.119931757450104 0.118829183280468 0.115744575858116 0.131384551525116 0.151784867048264 0.155365988612175 -9999 -9999 -9999 -9999
-9999 -9999 -9999 -9999 -9999 -9999 -9999 -9999 -9999 -9999 -9999 -9999 -9999 -9999 -9999 -9999 -9999 0.269227743148804 0.262372672557831 0.27147912979126 0.250272363424301 0.248078241944313 0.271912515163422 0.276415646076202 0.290766716003418 0.292022526264191 0.27587902545929 0.237189263105392 0.249974623322487 0.208716079592705 0.195629000663757 0.204915910959244 -9999 -9999 -9999 -9999 -9999 -9999 -9999 -9999 -9999 -9999 -9999 0.0819155648350716 0.0833364501595497 0.0869767293334007 0.109849840402603 0.114508807659149 0.11397111415863 0.120282776653767 0.10784200578928 0.0977642610669136 0.115738846361637 0.116878636181355 0.119745597243309 0.138080194592476 -9999 -9999 -9999 -9999
-9999 -9999 -9999 -9999 -9999 -9999 -9999 -9999 -9999 -9999 -9999 -9999 -9999 -9999 -9999 -9999 -9999 0.261940836906433 0.248833984136581 0.223523125052452 0.236138343811035 0.241861119866371 0.23260772228241 0.254678279161453 0.286285728216171 0.267013490200043 0.281160295009613 0.214968830347061 0.217591539025307 0.19779197871685 0.185403481125832 -9999 -9999 -9999 -9999 -9999 -9999 -9999 -9999 -9999 -9999 -9999 0.102780774235725 0.0770390629768372 0.0697028264403343 0.0639051795005798 0.0647116154432297 0.0966826677322388 0.102164998650551 0.0941514372825623 0.0983360335230827 0.0790654048323631 0.0734940841794014 0.0817093327641487 0.0892397314310074 0.076539620757103 -9999 -9999 -9999 -9999
-9999 -9999 -9999 -9999 -9999 -9999 -9999 -9999 -9999 -9999 -9999 -9999 -9999 -9999 -9999 -9999 -9999 -9999 0.201172798871994 0.20460918545723 0.223195388913155 0.213188901543617 0.214182898402214 0.219107285141945 0.231064006686211 0.244515866041183 0.30392137169838 0.252776443958282 -9999 -9999 -9999 -9999 -9999 -9999 -9999 -9999 -9999 -9999 -9999 0.152685388922691 0.131768628954887 0.136202752590179 0.0746931135654449 0.0580794513225555 0.0466328561306 0.0507631599903107 0.0533543266355991 0.0756714940071106 0.0915070474147797 0.0903704836964607 0.0932343378663063 0.073155052959919 0.0709126517176628 0.0671853795647621 0.0659070089459419 0.0674744844436646 -9999 -9999 -9999 -9999
-9999 -9999 -9999 -9999 -9999 -9999 -9999 -9999 -9999 -9999 -9999 -9999 -9999 -9999 -9999 -9999 -9999 -9999 0.192275136709213 0.204588145017624 0.217901468276978 0.218389064073563 0.214205518364906 0.229627713561058 0.2309240847826 0.244529396295547 -9999 -9999 -9999 -9999 -9999 -9999 -9999 -9999 -9999 0.128546565771103 0.134223327040672 0.142495974898338 0.108626954257488 0.106936261057854 0.112250581383705 0.0682520568370819 0.0311268754303455 0.0578524619340897 0.0466942936182022 0.0397721044719219 0.0532831959426403 0.0697548910975456 0.0851722434163094 0.0901619717478752 0.0863163769245148 0.0823638066649437 0.0706351101398468 0.0716868415474892 0.0712681263685226 0.068863183259964 0.108817808330059 0.105707250535488 0.108153864741325 0.0963010936975479
-9999 -9999 -9999 -9999 -9999 -9999 -9999 -9999 -9999 -9999 -9999 -9999 -9999 -9999 -9999 -9999 -9999 -9999 -9999 0.198464214801788 0.222671553492546 0.227909728884697 0.233602583408356 0.253223448991776 -9999 -9999 -9999 -9999 -9999 -9999 -9999 -9999 -9999 -9999 -9999 0.121316619217396 0.162739187479019 0.117951475083828 0.122696325182915 0.0679866597056389 0.0531976521015167 0.0595206469297409 0.0618358589708805 0.0538639053702354 0.0660033822059631 0.0434414558112621 0.0371409468352795 0.0562639571726322 0.0790745541453362 0.0766201317310333 0.0967617332935333 0.0941092148423195 0.102417536079884 0.0959201902151108 0.0812908560037613 0.0998148992657661 0.106716722249985 0.0990656763315201 0.107717677950859 0.11102581769228
-9999 -9999 -9999 -9999 -9999 -9999 -9999 -9999 -9999 -9999 -9999 -9999 -9999 -9999 -9999 -9999 -9999 -9999 -9999 0.200003087520599 0.213791698217392 0.23797819018364 0.234357848763466 -9999 -9999 -9999 -9999 -9999 -9999 -9999 -9999 -9999 -9999 -9999 -9999 0.0962915942072868 0.0917571783065796 0.0736362785100937 0.0616670288145542 0.0739113464951515 0.0693128779530525 0.0639362409710884 0.0491364784538746 0.0431705117225647 0.0365829616785049 0.0444295071065426 0.0437195859849453 0.0455474071204662 0.0704355537891388 0.0785493180155754 0.110019840300083 0.127644971013069 0.133230060338974 0.140804514288902 0.146509408950806 0.151216298341751 0.146966636180878 0.122248955070972 0.118783265352249 -9999
-9999 -9999 -9999 -9999 -9999 -9999 -9999 -9999 -9999 -9999 -9999 -9999 -9999 -9999 -9999 -9999 -9999 -9999 -9999 -9999 0.222676128149033 0.230708807706833 -9999 -9999 -9999 -9999 -9999 -9999 -9999 -9999 -9999 -9999 -9999 -9999 -9999 0.0851399376988411 0.0814951583743095 0.0736073032021523 0.0664484798908234 0.0655020475387573 0.0692877918481827 0.0479823872447014 0.0331414118409157 0.0431363023817539 0.0345018059015274 0.0464467890560627 0.0436134301126003 0.0526206605136395 0.0797532051801682 0.0783175081014633 0.124865896999836 0.143236696720123 0.132968157529831 0.163951396942139 0.171332970261574 0.151010021567345 0.141636520624161 -9999 -9999 -9999
-9999 -9999 -9999 -9999 -9999 -9999 -9999 -9999 -9999 -9999 -9999 -9999 -9999 -9999 -9999 -9999 -9999 -9999 -9999 -9999 -9999 -9999 -9999 -9999 -9999 -9999 -9999 -9999 -9999 -9999 -9999 -9999 -9999 -9999 -9999 0.0681596621870995 0.0826678276062012 0.0672084167599678 0.0776725932955742 0.0610210411250591 0.05559366568923 0.0441912785172462 0.034225556999445 0.0495408698916435 0.0529586598277092 0.0653820708394051 0.0812002196907997 0.0790052115917206 0.109504945576191 0.133455038070679 0.149180799722672 0.165901854634285 0.186385408043861 0.222229212522507 0.201613768935204 -9999 -9999 -9999 -9999 -9999
-9999 -9999 -9999 -9999 -9999 -9999 -9999 -9999 -9999 -9999 -9999 -9999 -9999 -9999 -9999 -9999 -9999 -9999 -9999 -9999 -9999 -9999 -9999 -9999 -9999 -9999 -9999 -9999 -9999 -9999 -9999 -9999 -9999 -9999 0.068706601858139 0.080890454351902 0.112501502037048 0.100416272878647 0.114805079996586 0.0904285460710526 0.0898832231760025 0.0841769501566887 0.0852997675538063 0.0894261002540588 0.0916217640042305 0.108168825507164 0.119305871427059 0.14164125919342 0.167673587799072 0.172792881727219 0.204253703355789 0.198519051074982 -9999 -9999 -9999 -9999 -9999 -9999 -9999 -9999
-9999 -9999 -9999 -9999 -9999 -9999 -9999 -9999 -9999 -9999 -9999 -9999 -9999 -9999 -9999 -9999 -9999 -9999 -9999 -9999 -9999 -9999 -9999 -9999 -9999 -9999 -9999 -9999 -9999 -9999 -9999 -9999 -9999 -9999 -9999 0.08904629945755 -9999 0.123739443719387 0.127462655305862 0.117292605340481 0.0898273140192032 0.0973087549209595 0.110183246433735 0.0893958285450935 0.110132783651352 0.13578462600708 0.119260519742966 0.150001004338264 -9999 -9999 -9999 -9999 -9999 -9999 -9999 -9999 -9999 -9999 -9999 -9999
-9999 -9999 -9999 -9999 -9999 -9999 -9999 -9999 -9999 -9999 -9999 -9999 -9999 -9999 -9999 -9999 -9999 -9999 -9999 -9999 -9999 -9999 -9999 -9999 -9999 -9999 -9999 -9999 -9999 -9999 -9999 -9999 -9999 -9999 -9999 -9999 -9999 0.14049856364727 0.164086207747459 0.143206134438515 0.113887764513493 0.124605491757393 0.13886746764183 0.144935041666031 0.136230736970901 0.173786655068398 -9999 -9999 -9999 -9999 -9999 -9999 -9999 -9999 -9999 -9999 -9999 -9999 -9999 -9999
-9999 -9999 -9999 -9999 -9999 -9999 -9999 -9999 -9999 -9999 -9999 -9999 -9999 -9999 -9999 -9999 -9999 -9999 -9999 -9999 -9999 -9999 -9999 -9999 -9999 -9999 -9999 -9999 -9999 -9999 -9999 -9999 -9999 -9999 -9999 -9999 -9999 -9999 0.0993610396981239 0.0854144915938377 0.0881360322237015 0.137302935123444 0.172125086188316 0.156035855412483 -9999 -9999 -9999 -9999 -9999 -9999 -9999 -9999 -9999 -9999 -9999 -9999 -9999 -9999 -9999 -9999
