G_variables/Set1/2.6/Velmean.asc
NCOLS 581 
NROWS 855 
XLLCORNER -74.9166666666667 
YLLCORNER -55.8333333333333 
CELLSIZE 0.0833333333333333 
NODATA_value -9999 
[rows 297 to 323 of 855, columns 480 to 539 of 581]
0.40705680847168 0.372452467679977 0.350446790456772 0.280236750841141 0.245788380503654 0.231473088264465 0.247122839093208 0.247630804777145 0.237195268273354 0.225760087370872 0.219137400388718 0.21105732023716 0.190137282013893 0.193934857845306 0.218171805143356 0.214720010757446 0.208102777600288 0.188778683543205 0.176592484116554 0.178360372781754 0.182377442717552 0.177256137132645 0.169070884585381 0.169393256306648 0.168990463018417 0.171219781041145 0.176066845655441 0.175195649266243 0.176684573292732 0.176294520497322 0.177200824022293 0.17595548927784 0.176569983363152 0.174227863550186 0.171700209379196 0.169464752078056 0.163494542241096 0.162584111094475 -9999 -9999 -9999 -9999 -9999 -9999 -9999 -9999 -9999 -9999 -9999 -9999 -9999 -9999 -9999 -9999 -9999 -9999 -9999 -9999 -9999 -9999
0.401471465826035 0.39338430762291 0.312494486570358 0.269669592380524 0.248404636979103 0.237607702612877 0.24438439309597 0.257976323366165 0.237006276845932 0.226129099726677 0.226313382387161 0.206112876534462 0.190657138824463 0.186128810048103 0.219591557979584 0.217727407813072 0.217330232262611 0.194157972931862 0.184735596179962 0.185754552483559 0.188435733318329 0.184020459651947 0.179028242826462 0.172185227274895 0.17273536324501 0.17249795794487 0.172644481062889 0.171691462397575 0.176472708582878 0.178680449724197 0.178629010915756 0.180847495794296 0.179264008998871 0.175291121006012 0.173626407980919 0.170596912503242 0.164342403411865 -9999 -9999 -9999 -9999 -9999 -9999 -9999 -9999 -9999 -9999 -9999 -9999 -9999 -9999 -9999 -9999 -9999 -9999 -9999 -9999 -9999 -9999 -9999
0.383417040109634 0.38072282075882 0.29271399974823 0.267682254314423 0.238283261656761 0.249866127967834 0.247584253549576 0.256227225065231 0.236060932278633 0.229155719280243 0.223507717251778 0.20151075720787 0.192901730537415 0.187677815556526 0.215803399682045 0.214511558413506 0.220252960920334 0.202217131853104 0.195097059011459 0.19162417948246 0.193457245826721 0.190827459096909 0.187778189778328 0.176548048853874 0.174808204174042 0.177518904209137 0.178939118981361 0.178238183259964 0.177664041519165 0.176100417971611 0.175943121314049 0.177844569087029 0.176737844944 0.174238696694374 0.171480298042297 0.168572604656219 0.163469254970551 -9999 -9999 -9999 -9999 -9999 -9999 -9999 -9999 -9999 -9999 -9999 -9999 -9999 -9999 -9999 -9999 -9999 -9999 -9999 -9999 -9999 -9999 -9999
0.351962983608246 0.315521985292435 0.283845275640488 0.233145341277122 0.22446496784687 0.249242812395096 0.252311080694199 0.245293736457825 0.236659929156303 0.225329995155334 0.213614985346794 0.201984032988548 0.187727376818657 0.190853282809258 0.212295100092888 0.213373184204102 0.215420365333557 0.20363450050354 0.19189165532589 0.190782025456429 0.193091467022896 0.18771305680275 0.183065190911293 0.176085963845253 0.170704752206802 0.175518840551376 0.178083300590515 0.178369462490082 0.17822390794754 0.174546003341675 0.174808219075203 0.174532637000084 0.175568878650665 0.173150822520256 0.17111212015152 0.168111935257912 0.162334993481636 -9999 -9999 -9999 -9999 -9999 -9999 -9999 -9999 -9999 -9999 -9999 -9999 -9999 -9999 -9999 -9999 -9999 -9999 -9999 -9999 -9999 -9999 -9999
0.315226942300797 0.279867678880692 0.244428157806396 0.220499306917191 0.227522790431976 0.252428144216537 0.244591489434242 0.251137018203735 0.234914660453796 0.222285613417625 0.219162940979004 0.195975720882416 0.184328824281693 0.185324966907501 0.207207664847374 0.208268731832504 0.218524411320686 0.204367339611053 0.193790793418884 0.189610406756401 0.192366734147072 0.1860740929842 0.185218349099159 0.175658360123634 0.170928686857224 0.175153255462646 0.180771693587303 0.182164043188095 0.18571238219738 0.183828592300415 0.183133170008659 0.179935157299042 0.177124544978142 0.174946695566177 0.175610691308975 0.173260197043419 -9999 -9999 -9999 -9999 -9999 -9999 -9999 -9999 -9999 -9999 -9999 -9999 -9999 -9999 -9999 -9999 -9999 -9999 -9999 -9999 -9999 -9999 -9999 -9999
0.317573040723801 0.274276405572891 0.213284596800804 0.202461808919907 0.226910293102264 0.24861453473568 0.239643350243568 0.240966483950615 0.230055630207062 0.221216306090355 0.211314007639885 0.187670037150383 0.179691195487976 0.178406119346619 0.194842621684074 0.195946604013443 0.206835389137268 0.200812131166458 0.195004388689995 0.187829226255417 0.184287875890732 0.179291695356369 0.17832213640213 0.170251905918121 0.168631017208099 0.170218512415886 0.177052021026611 0.177899092435837 0.188700273633003 0.190425172448158 0.188135534524918 0.186962902545929 0.180308669805527 0.178877711296082 0.176012516021729 0.175283387303352 -9999 -9999 -9999 -9999 -9999 -9999 -9999 -9999 -9999 -9999 -9999 -9999 -9999 -9999 -9999 -9999 -9999 -9999 -9999 -9999 -9999 -9999 -9999 -9999
0.269900679588318 0.241361573338509 0.214192613959312 0.215409696102142 0.230299770832062 0.248152256011963 0.239080458879471 0.231136590242386 0.23006796836853 0.21570011973381 0.197178661823273 0.186449065804482 0.173571571707726 0.179962560534477 0.192501291632652 0.198974564671516 0.202260762453079 0.200343668460846 0.188387557864189 0.178434431552887 0.181571111083031 0.175918161869049 0.174948826432228 0.169714912772179 0.166972324252129 0.16799408197403 0.174929901957512 0.179265409708023 0.187800630927086 0.190494403243065 0.185806572437286 0.185454726219177 0.180762752890587 0.178968399763107 0.176189929246902 0.173208251595497 -9999 -9999 -9999 -9999 -9999 -9999 -9999 -9999 -9999 -9999 -9999 -9999 -9999 -9999 -9999 -9999 -9999 -9999 -9999 -9999 -9999 -9999 -9999 -9999
0.248688846826553 0.243945091962814 0.208284139633179 0.213128998875618 0.238769292831421 0.243963301181793 0.232593506574631 0.235289931297302 0.228148087859154 0.213010475039482 0.204618409276009 0.178769052028656 0.169760480523109 0.178208842873573 0.194094628095627 0.196423649787903 0.203979209065437 0.197476908564568 0.18830780684948 0.181748524308205 0.176770508289337 0.176885694265366 0.178354561328888 0.1726253926754 0.172937363386154 0.172270223498344 0.174349382519722 0.177907183766365 0.187276616692543 0.189967125654221 0.183119714260101 0.188998878002167 0.18725211918354 0.185517847537994 0.181929007172585 -9999 -9999 -9999 -9999 -9999 -9999 -9999 -9999 -9999 -9999 -9999 -9999 -9999 -9999 -9999 -9999 -9999 -9999 -9999 -9999 -9999 -9999 -9999 -9999 -9999
0.227247998118401 0.21380303800106 0.20766344666481 0.21532741189003 0.239325731992722 0.242030620574951 0.234597995877266 0.234319612383842 0.223557084798813 0.21199457347393 0.194606363773346 0.175302773714066 0.172323733568192 0.176572576165199 0.191427826881409 0.191783532500267 0.198307126760483 0.194352343678474 0.18855182826519 0.179853245615959 0.172128424048424 0.172947332262993 0.177936032414436 0.176246151328087 0.176373153924942 0.178522810339928 0.177637934684753 0.179520756006241 0.189703568816185 0.184157475829124 0.179102540016174 0.17899326980114 0.187613606452942 0.187327891588211 0.188122510910034 -9999 -9999 -9999 -9999 -9999 -9999 -9999 -9999 -9999 -9999 -9999 -9999 -9999 -9999 -9999 -9999 -9999 -9999 -9999 -9999 -9999 -9999 -9999 -9999 -9999
0.205758541822433 0.199276700615883 0.208702757954597 0.231554836034775 0.239623069763184 0.243159562349319 0.233545362949371 0.231097668409348 0.223480314016342 0.202368319034576 0.179803907871246 0.175384968519211 0.172381445765495 0.173239886760712 0.188301041722298 0.187827005982399 0.19141660630703 0.19268636405468 0.179874867200851 0.173467472195625 0.169704541563988 0.171956956386566 0.175990745425224 0.175641119480133 0.17820231616497 0.179693341255188 0.176938951015472 0.183465674519539 0.188347578048706 0.185154601931572 0.17866949737072 0.176803916692734 0.185456976294518 0.185842171311378 0.188321650028229 -9999 -9999 -9999 -9999 -9999 -9999 -9999 -9999 -9999 -9999 -9999 -9999 -9999 -9999 -9999 -9999 -9999 -9999 -9999 -9999 -9999 -9999 -9999 -9999 -9999
0.195120990276337 0.206389755010605 0.225609734654427 0.233782097697258 0.250939100980759 0.243094965815544 0.235027447342873 0.242450430989265 0.220161408185959 0.2010597884655 0.186655804514885 0.176599428057671 0.170989453792572 0.173466175794601 0.179992288351059 0.177040919661522 0.186669409275055 0.183554977178574 0.174563020467758 0.174521431326866 0.167385637760162 0.168560907244682 0.174388259649277 0.177850380539894 0.179089292883873 0.183750286698341 0.182527184486389 0.184625521302223 0.192630425095558 0.186589956283569 0.184073448181152 0.179305493831635 0.183937042951584 0.184874162077904 -9999 -9999 -9999 -9999 -9999 -9999 -9999 -9999 -9999 -9999 -9999 -9999 -9999 -9999 -9999 -9999 -9999 -9999 -9999 -9999 -9999 -9999 -9999 -9999 -9999 -9999
0.198060289025307 0.20878854393959 0.239007070660591 0.242343053221703 0.254441916942596 0.245463699102402 0.240978926420212 0.241841942071915 0.213301181793213 0.200089365243912 0.180890262126923 0.171571537852287 0.167071208357811 0.164043992757797 0.17161713540554 0.171197831630707 0.175043240189552 0.168287962675095 0.165852621197701 0.164614677429199 0.163412690162659 0.164760783314705 0.170096769928932 0.178185775876045 0.18079249560833 0.188087910413742 0.186127319931984 0.183913245797157 0.190193936228752 0.190782964229584 0.188572898507118 0.185187369585037 0.182491987943649 0.182269394397736 -9999 -9999 -9999 -9999 -9999 -9999 -9999 -9999 -9999 -9999 -9999 -9999 -9999 -9999 -9999 -9999 -9999 -9999 -9999 -9999 -9999 -9999 -9999 -9999 -9999 -9999
0.207250386476517 0.220346763730049 0.240703120827675 0.251808643341064 0.245984062552452 0.247352480888367 0.242611914873123 0.228925049304962 0.212875664234161 0.186824426054955 0.174897849559784 0.171600043773651 0.165370836853981 0.162869155406952 0.170472338795662 0.169747039675713 0.167591273784637 0.166425749659538 0.162170752882957 0.159877926111221 0.161464810371399 0.164802342653275 0.168227195739746 0.176845043897629 0.184048995375633 0.187807679176331 0.186559230089188 0.183329865336418 0.188558414578438 0.189903005957603 0.185064807534218 0.182407066226006 0.182006075978279 -9999 -9999 -9999 -9999 -9999 -9999 -9999 -9999 -9999 -9999 -9999 -9999 -9999 -9999 -9999 -9999 -9999 -9999 -9999 -9999 -9999 -9999 -9999 -9999 -9999 -9999 -9999
0.211760729551315 0.232430800795555 0.251936435699463 0.247436612844467 0.257866948843002 0.250415503978729 0.236882403492928 0.23413710296154 0.202097624540329 0.18609893321991 0.177341490983963 0.172973766922951 0.167428106069565 0.16686724126339 0.170354902744293 0.167581766843796 0.16900771856308 0.163435980677605 0.160911709070206 0.161353215575218 0.158990979194641 0.161339908838272 0.167213320732117 0.179835394024849 0.183085158467293 0.190633505582809 0.187412619590759 0.182263672351837 0.187466621398926 0.189062118530273 0.184075772762299 0.185430139303207 0.183454364538193 -9999 -9999 -9999 -9999 -9999 -9999 -9999 -9999 -9999 -9999 -9999 -9999 -9999 -9999 -9999 -9999 -9999 -9999 -9999 -9999 -9999 -9999 -9999 -9999 -9999 -9999 -9999
0.219958379864693 0.238799706101418 0.247508302330971 0.245838180184364 0.260508149862289 0.244219675660133 0.231288284063339 0.217165917158127 0.190028160810471 0.183872237801552 0.176417276263237 0.173360243439674 0.170359343290329 0.169679641723633 0.169389173388481 0.16821913421154 0.170685052871704 0.166897267103195 0.164387121796608 0.161285191774368 0.156311437487602 0.156576588749886 0.162630826234818 0.177547052502632 0.179198414087296 0.184758305549622 0.180456340312958 0.175525218248367 0.174661546945572 0.177420273423195 0.177238032221794 0.180794045329094 -9999 -9999 -9999 -9999 -9999 -9999 -9999 -9999 -9999 -9999 -9999 -9999 -9999 -9999 -9999 -9999 -9999 -9999 -9999 -9999 -9999 -9999 -9999 -9999 -9999 -9999 -9999 -9999
0.22966742515564 0.233217224478722 0.246366038918495 0.25005504488945 0.248693630099297 0.243153646588326 0.215060785412788 0.198819637298584 0.187819167971611 0.183097332715988 0.178353279829025 0.173109129071236 0.17552225291729 0.174224212765694 0.170804336667061 0.171606779098511 0.170812740921974 0.167917504906654 0.165898829698563 0.16086608171463 0.156229093670845 0.160721465945244 0.167854145169258 0.177543580532074 0.182959973812103 0.18282362818718 0.179487064480782 0.172130316495895 0.171409115195274 0.174424082040787 0.171476036310196 0.174123555421829 -9999 -9999 -9999 -9999 -9999 -9999 -9999 -9999 -9999 -9999 -9999 -9999 -9999 -9999 -9999 -9999 -9999 -9999 -9999 -9999 -9999 -9999 -9999 -9999 -9999 -9999 -9999 -9999
0.22393698990345 0.237394332885742 0.248171672224998 0.245311692357063 0.255034625530243 0.230063483119011 0.213093444705009 0.20113617181778 0.190767884254456 0.190890550613403 0.190302565693855 0.181290537118912 0.184801414608955 0.186048403382301 0.181008726358414 0.178018614649773 0.176562666893005 0.173270881175995 0.166950032114983 0.166762977838516 0.164163440465927 0.1663828343153 0.172449588775635 0.182113066315651 0.180899307131767 0.185551956295967 0.17876061797142 0.170199260115623 0.170940473675728 0.169408351182938 0.164877831935883 -9999 -9999 -9999 -9999 -9999 -9999 -9999 -9999 -9999 -9999 -9999 -9999 -9999 -9999 -9999 -9999 -9999 -9999 -9999 -9999 -9999 -9999 -9999 -9999 -9999 -9999 -9999 -9999 -9999
0.215642064809799 0.238630592823029 0.255031079053879 0.249288827180862 0.2574862241745 0.229918271303177 0.218060180544853 0.204798951745033 0.198329091072083 0.195634588599205 0.196168214082718 0.191483855247498 0.190858796238899 0.195785030722618 0.189776286482811 0.18489146232605 0.177844688296318 0.170732378959656 0.167813464999199 0.165111690759659 0.164389327168465 0.165276899933815 0.173291847109795 0.177467092871666 0.176829233765602 0.178180009126663 0.170807167887688 0.165520995855331 0.160872608423233 0.157254353165627 0.15649239718914 -9999 -9999 -9999 -9999 -9999 -9999 -9999 -9999 -9999 -9999 -9999 -9999 -9999 -9999 -9999 -9999 -9999 -9999 -9999 -9999 -9999 -9999 -9999 -9999 -9999 -9999 -9999 -9999 -9999
0.232187375426292 0.241698563098907 0.254613906145096 0.247394666075706 0.244544312357903 0.229970157146454 0.208437129855156 0.200882762670517 0.197351485490799 0.194970831274986 0.194680690765381 0.19085593521595 0.189130991697311 0.190548494458199 0.189124584197998 0.177730783820152 0.170176029205322 0.169954732060432 0.16586609184742 0.164442256093025 0.162869989871979 0.165434822440147 0.168024808168411 0.175236091017723 0.172184586524963 0.17222586274147 0.169591501355171 0.161395251750946 0.157567724585533 0.157505109906197 -9999 -9999 -9999 -9999 -9999 -9999 -9999 -9999 -9999 -9999 -9999 -9999 -9999 -9999 -9999 -9999 -9999 -9999 -9999 -9999 -9999 -9999 -9999 -9999 -9999 -9999 -9999 -9999 -9999 -9999
0.240797847509384 0.25788626074791 0.245234221220016 0.235641866922379 0.244713425636292 0.226091295480728 0.2129135876894 0.205533787608147 0.200928226113319 0.19751164317131 0.199917063117027 0.19161356985569 0.185068532824516 0.190789073705673 0.186232030391693 0.174870163202286 0.175932452082634 0.172086656093597 0.168267771601677 0.168906584382057 0.16680634021759 0.164289847016335 0.16816782951355 0.170947909355164 0.167159274220467 0.171363309025764 0.165957853198051 0.158425122499466 0.160199776291847 -9999 -9999 -9999 -9999 -9999 -9999 -9999 -9999 -9999 -9999 -9999 -9999 -9999 -9999 -9999 -9999 -9999 -9999 -9999 -9999 -9999 -9999 -9999 -9999 -9999 -9999 -9999 -9999 -9999 -9999 -9999
0.254240870475769 0.258169382810593 0.2287308126688 0.223211601376534 0.226261451840401 0.217299297451973 0.209590345621109 0.200559079647064 0.197150215506554 0.193208381533623 0.194666296243668 0.188691154122353 0.183282449841499 0.178724691271782 0.178227350115776 0.177221432328224 0.178981691598892 0.176191851496696 0.173579186201096 0.172456711530685 0.167342841625214 0.165774554014206 0.168176174163818 0.167998999357224 0.165971383452415 0.164953574538231 0.156000211834908 0.150455951690674 0.149179220199585 -9999 -9999 -9999 -9999 -9999 -9999 -9999 -9999 -9999 -9999 -9999 -9999 -9999 -9999 -9999 -9999 -9999 -9999 -9999 -9999 -9999 -9999 -9999 -9999 -9999 -9999 -9999 -9999 -9999 -9999 -9999
0.253130853176117 0.238187402486801 0.225744977593422 0.217917159199715 0.219898715615273 0.215176939964294 0.202705219388008 0.19494791328907 0.195916920900345 0.188826709985733 0.186998605728149 0.18741275370121 0.174487546086311 0.170129716396332 0.175105810165405 0.17433850467205 0.175226420164108 0.174374938011169 0.172665536403656 0.170447647571564 0.167488649487495 0.168658748269081 0.166074231266975 0.167401194572449 0.162943944334984 0.157646268606186 0.154036402702332 0.14542892575264 -9999 -9999 -9999 -9999 -9999 -9999 -9999 -9999 -9999 -9999 -9999 -9999 -9999 -9999 -9999 -9999 -9999 -9999 -9999 -9999 -9999 -9999 -9999 -9999 -9999 -9999 -9999 -9999 -9999 -9999 -9999 -9999
0.240502044558525 0.239241078495979 0.214080736041069 0.212037712335587 0.221030682325363 0.215466603636742 0.203672245144844 0.200122356414795 0.191246435046196 0.187742546200752 0.188057631254196 0.186319559812546 0.183317303657532 0.176102623343468 0.176616355776787 0.177998036146164 0.180600836873055 0.175612851977348 0.173665165901184 0.174410909414291 0.17135962843895 0.168779820203781 0.17161351442337 0.169104769825935 0.163291603326797 0.162745967507362 0.154089063405991 -9999 -9999 -9999 -9999 -9999 -9999 -9999 -9999 -9999 -9999 -9999 -9999 -9999 -9999 -9999 -9999 -9999 -9999 -9999 -9999 -9999 -9999 -9999 -9999 -9999 -9999 -9999 -9999 -9999 -9999 -9999 -9999 -9999
0.228785425424576 0.214151099324226 0.206341430544853 0.205579444766045 0.208280563354492 0.200680941343307 0.195682495832443 0.192342147231102 0.191395133733749 0.188378542661667 0.193289071321487 0.193078219890594 0.189961925148964 0.185518071055412 0.179421871900558 0.179662436246872 0.187006652355194 0.181011289358139 0.176611542701721 0.17602875828743 0.172713607549667 0.169994413852692 0.169033050537109 0.166504174470901 0.164768666028976 0.164284586906433 0.156867682933807 -9999 -9999 -9999 -9999 -9999 -9999 -9999 -9999 -9999 -9999 -9999 -9999 -9999 -9999 -9999 -9999 -9999 -9999 -9999 -9999 -9999 -9999 -9999 -9999 -9999 -9999 -9999 -9999 -9999 -9999 -9999 -9999 -9999
0.215675711631775 0.206189975142479 0.203575596213341 0.200855448842049 0.199504151940346 0.19895975291729 0.187545701861382 0.186266273260117 0.189792856574059 0.188219085335732 0.192634522914886 0.193133100867271 0.18896172940731 0.184947803616524 0.179403334856033 0.1828453540802 0.186263829469681 0.182181596755981 0.176600724458694 0.173446655273438 0.172348365187645 0.169359818100929 0.163916453719139 0.164435505867004 0.161174833774567 0.15937165915966 -9999 -9999 -9999 -9999 -9999 -9999 -9999 -9999 -9999 -9999 -9999 -9999 -9999 -9999 -9999 -9999 -9999 -9999 -9999 -9999 -9999 -9999 -9999 -9999 -9999 -9999 -9999 -9999 -9999 -9999 -9999 -9999 -9999 -9999
0.211736842989922 0.210225239396095 0.196247458457947 0.191129311919212 0.198797225952148 0.189930900931358 0.181143432855606 0.18210157752037 0.185459658503532 0.184861749410629 0.192249581217766 0.194524556398392 0.189948976039886 0.192023634910583 0.183476731181145 0.183491513133049 0.18937486410141 0.186279073357582 0.179008424282074 0.177852287888527 0.176355391740799 0.172873362898827 0.172119304537773 0.165600314736366 0.164486929774284 -9999 -9999 -9999 -9999 -9999 -9999 -9999 -9999 -9999 -9999 -9999 -9999 -9999 -9999 -9999 -9999 -9999 -9999 -9999 -9999 -9999 -9999 -9999 -9999 -9999 -9999 -9999 -9999 -9999 -9999 -9999 -9999 -9999 -9999 -9999
0.208582505583763 0.208027362823486 0.187299206852913 0.178748771548271 0.17866712808609 0.176680028438568 0.173637926578522 0.171145841479301 0.177411824464798 0.177262291312218 0.184993058443069 0.185382023453712 0.182745441794395 0.181973874568939 0.182633757591248 0.181442961096764 0.183303147554398 0.182918474078178 0.17958989739418 0.177125856280327 0.171898648142815 0.173320725560188 0.179087564349174 0.172449067234993 -9999 -9999 -9999 -9999 -9999 -9999 -9999 -9999 -9999 -9999 -9999 -9999 -9999 -9999 -9999 -9999 -9999 -9999 -9999 -9999 -9999 -9999 -9999 -9999 -9999 -9999 -9999 -9999 -9999 -9999 -9999 -9999 -9999 -9999 -9999 -9999
